d_0 d0 0.020576 0.465021 0.514403 
d_1 d1 0.360544 0.605442 0.034014 
d_2 d2 0.206349 0.434921 0.358730 
d_3 d3 0.523810 0.442177 0.034014 
d_4 d4 0.408805 0.559748 0.031447 
d_5 d5 0.351598 0.132420 0.515982 
d_6 d6 0.115646 0.850340 0.034014 
d_7 d7 0.182390 0.484277 0.333333 
d_8 d8 0.027322 0.945355 0.027322 
d_9 d9 0.351598 0.625571 0.022831 
d_10 d10 0.656566 0.171717 0.171717 
d_11 d11 0.558052 0.378277 0.063670 
d_12 d12 0.158470 0.814208 0.027322 
d_13 d13 0.254902 0.349020 0.396078 
d_14 d14 0.120258 0.449556 0.430186 
d_15 d15 0.424501 0.527066 0.048433 
d_16 d16 0.045045 0.585586 0.369369 
d_17 d17 0.296501 0.473297 0.230203 
d_18 d18 0.321937 0.356125 0.321937 
d_19 d19 0.362007 0.275986 0.362007 
d_20 d20 0.321937 0.492877 0.185185 
d_21 d21 0.382263 0.529052 0.088685 
d_22 d22 0.414141 0.535354 0.050505 
d_23 d23 0.017182 0.553265 0.429553 
d_24 d24 0.871345 0.099415 0.029240 
d_25 d25 0.021645 0.956710 0.021645 
d_26 d26 0.303704 0.392593 0.303704 
d_27 d27 0.197279 0.768707 0.034014 
d_28 d28 0.461187 0.515982 0.022831 
d_29 d29 0.242009 0.735160 0.022831 
d_30 d30 0.523810 0.442177 0.034014 
d_31 d31 0.048093 0.923715 0.028192 
d_32 d32 0.206349 0.511111 0.282540 
d_33 d33 0.559748 0.333333 0.106918 
d_34 d34 0.386667 0.546667 0.066667 
d_35 d35 0.029240 0.660819 0.309942 
d_36 d36 0.371981 0.545894 0.082126 
d_37 d37 0.676976 0.017182 0.305842 
d_38 d38 0.271795 0.456410 0.271795 
d_39 d39 0.182390 0.710692 0.106918 
d_40 d40 0.057471 0.333333 0.609195 
d_41 d41 0.546667 0.226667 0.226667 
d_42 d42 0.356125 0.219373 0.424501 
d_43 d43 0.301961 0.537255 0.160784 
d_44 d44 0.245742 0.537713 0.216545 
d_45 d45 0.025641 0.579487 0.394872 
d_46 d46 0.394872 0.148718 0.456410 
d_47 d47 0.204040 0.349495 0.446465 
d_48 d48 0.376577 0.463063 0.160360 
d_49 d49 0.182390 0.559748 0.257862 
d_50 d50 0.452145 0.531353 0.016502 
d_51 d51 0.394872 0.579487 0.025641 
d_52 d52 0.031447 0.484277 0.484277 
d_53 d53 0.138211 0.626016 0.235772 
d_54 d54 0.706667 0.226667 0.066667 
d_55 d55 0.663082 0.189964 0.146953 
d_56 d56 0.405018 0.577061 0.017921 
d_57 d57 0.520468 0.450292 0.029240 
d_58 d58 0.016502 0.293729 0.689769 
d_59 d59 0.050505 0.777778 0.171717 
d_60 d60 0.278912 0.360544 0.360544 
d_61 d61 0.414141 0.535354 0.050505 
d_62 d62 0.344353 0.641873 0.013774 
d_63 d63 0.336500 0.507522 0.155978 
d_64 d64 0.162907 0.764411 0.072682 
d_65 d65 0.675841 0.272171 0.051988 
d_66 d66 0.450292 0.520468 0.029240 
d_67 d67 0.179302 0.453670 0.367028 
d_68 d68 0.281385 0.437229 0.281385 
d_69 d69 0.218107 0.761317 0.020576 
d_70 d70 0.280658 0.418930 0.300412 
d_71 d71 0.463659 0.253133 0.283208 
d_72 d72 0.222511 0.305628 0.471861 
d_73 d73 0.167959 0.478036 0.354005 
d_74 d74 0.099757 0.566910 0.333333 
d_75 d75 0.034343 0.446465 0.519192 
d_76 d76 0.025641 0.271795 0.702564 
d_77 d77 0.392593 0.481481 0.125926 
d_78 d78 0.366255 0.366255 0.267490 
d_79 d79 0.017921 0.534050 0.448029 
d_80 d80 0.281385 0.177489 0.541126 
d_81 d81 0.155743 0.510923 0.333333 
d_82 d82 0.333333 0.528455 0.138211 
d_83 d83 0.045045 0.369369 0.585586 
d_84 d84 0.365333 0.237333 0.397333 
d_85 d85 0.293729 0.650165 0.056106 
d_86 d86 0.311295 0.608815 0.079890 
d_87 d87 0.024155 0.603865 0.371981 
d_88 d88 0.333333 0.281385 0.385281 
d_89 d89 0.045045 0.477477 0.477477 
d_90 d90 0.102119 0.310212 0.587669 
d_91 d91 0.174439 0.278066 0.547496 
d_92 d92 0.355191 0.289617 0.355191 
d_93 d93 0.347079 0.388316 0.264605 
d_94 d94 0.370115 0.342529 0.287356 
d_95 d95 0.235772 0.723577 0.040650 
d_96 d96 0.132420 0.789954 0.077626 
d_97 d97 0.082126 0.603865 0.314010 
d_98 d98 0.012920 0.540052 0.447028 
d_99 d99 0.678431 0.207843 0.113725 
d_100 d100 0.393597 0.280603 0.325800 
d_101 d101 0.333333 0.609195 0.057471 
d_102 d102 0.224044 0.748634 0.027322 
d_103 d103 0.099415 0.239766 0.660819 
d_104 d104 0.024155 0.661836 0.314010 
d_105 d105 0.153153 0.801802 0.045045 
d_106 d106 0.013333 0.429333 0.557333 
d_107 d107 0.198777 0.565749 0.235474 
d_108 d108 0.037037 0.925926 0.037037 
d_109 d109 0.146953 0.835125 0.017921 
d_110 d110 0.136951 0.571059 0.291990 
d_111 d111 0.029240 0.730994 0.239766 
d_112 d112 0.282540 0.396825 0.320635 
d_113 d113 0.275917 0.486443 0.237640 
d_114 d114 0.077333 0.365333 0.557333 
d_115 d115 0.046832 0.674931 0.278237 
d_116 d116 0.034014 0.360544 0.605442 
d_117 d117 0.369369 0.477477 0.153153 
d_118 d118 0.333333 0.394872 0.271795 
d_119 d119 0.380615 0.352246 0.267139 
d_120 d120 0.237333 0.461333 0.301333 
d_121 d121 0.468165 0.378277 0.153558 
d_122 d122 0.217726 0.287091 0.495183 
d_123 d123 0.254902 0.631373 0.113725 
d_124 d124 0.385281 0.073593 0.541126 
d_125 d125 0.453263 0.537919 0.008818 
d_126 d126 0.303704 0.659259 0.037037 
d_127 d127 0.275986 0.362007 0.362007 
d_128 d128 0.420925 0.420925 0.158151 
d_129 d129 0.450122 0.420925 0.128954 
d_130 d130 0.450292 0.520468 0.029240 
d_131 d131 0.305842 0.594502 0.099656 
d_132 d132 0.584314 0.396078 0.019608 
d_133 d133 0.320325 0.398374 0.281301 
d_134 d134 0.050505 0.292929 0.656566 
d_135 d135 0.384899 0.495396 0.119705 
d_136 d136 0.127044 0.579874 0.293082 
d_137 d137 0.494090 0.494090 0.011820 
d_138 d138 0.050147 0.545723 0.404130 
d_139 d139 0.558052 0.153558 0.288390 
d_140 d140 0.448029 0.405018 0.146953 
d_141 d141 0.108614 0.378277 0.513109 
d_142 d142 0.025641 0.702564 0.271795 
d_143 d143 0.422222 0.543434 0.034343 
d_144 d144 0.333333 0.484277 0.182390 
d_145 d145 0.017182 0.264605 0.718213 
d_146 d146 0.169591 0.801170 0.029240 
d_147 d147 0.189964 0.448029 0.362007 
d_148 d148 0.386667 0.226667 0.386667 
d_149 d149 0.103943 0.405018 0.491039 
d_150 d150 0.177011 0.783908 0.039080 
d_151 d151 0.043928 0.695090 0.260982 
d_152 d152 0.119342 0.316872 0.563786 
d_153 d153 0.308869 0.492355 0.198777 
d_154 d154 0.490196 0.443137 0.066667 
d_155 d155 0.491039 0.103943 0.405018 
d_156 d156 0.274939 0.450122 0.274939 
d_157 d157 0.057471 0.195402 0.747126 
d_158 d158 0.050505 0.535354 0.414141 
d_159 d159 0.786164 0.106918 0.106918 
d_160 d160 0.388316 0.470790 0.140893 
d_161 d161 0.415638 0.267490 0.316872 
d_162 d162 0.116809 0.458689 0.424501 
d_163 d163 0.394872 0.148718 0.456410 
d_164 d164 0.786164 0.182390 0.031447 
d_165 d165 0.031447 0.861635 0.106918 
d_166 d166 0.382263 0.418960 0.198777 
d_167 d167 0.050505 0.414141 0.535354 
d_168 d168 0.027322 0.551913 0.420765 
d_169 d169 0.214815 0.303704 0.481481 
d_170 d170 0.210256 0.517949 0.271795 
d_171 d171 0.053968 0.549206 0.396825 
d_172 d172 0.288390 0.468165 0.243446 
d_173 d173 0.025641 0.641026 0.333333 
d_174 d174 0.420765 0.355191 0.224044 
d_175 d175 0.025641 0.641026 0.333333 
d_176 d176 0.465721 0.380615 0.153664 
d_177 d177 0.267139 0.522459 0.210402 
d_178 d178 0.279642 0.521253 0.199105 
d_179 d179 0.160784 0.631373 0.207843 
d_180 d180 0.037037 0.837037 0.125926 
d_181 d181 0.515982 0.406393 0.077626 
d_182 d182 0.040650 0.528455 0.430894 
d_183 d183 0.352246 0.522459 0.125296 
d_184 d184 0.635220 0.333333 0.031447 
d_185 d185 0.333333 0.494407 0.172260 
d_186 d186 0.017921 0.663082 0.318996 
d_187 d187 0.148718 0.456410 0.394872 
d_188 d188 0.187215 0.515982 0.296804 
d_189 d189 0.092896 0.814208 0.092896 
d_190 d190 0.333333 0.570957 0.095710 
d_191 d191 0.057471 0.885057 0.057471 
d_192 d192 0.243446 0.647940 0.108614 
d_193 d193 0.177489 0.800866 0.021645 
d_194 d194 0.057471 0.885057 0.057471 
d_195 d195 0.559748 0.182390 0.257862 
d_196 d196 0.676976 0.223368 0.099656 
d_197 d197 0.301961 0.584314 0.113725 
d_198 d198 0.702564 0.271795 0.025641 
d_199 d199 0.394872 0.456410 0.148718 
d_200 d200 0.418960 0.382263 0.198777 
d_201 d201 0.185185 0.595442 0.219373 
d_202 d202 0.141333 0.621333 0.237333 
d_203 d203 0.138211 0.626016 0.235772 
d_204 d204 0.520468 0.380117 0.099415 
d_205 d205 0.188960 0.673036 0.138004 
d_206 d206 0.333333 0.293729 0.372937 
d_207 d207 0.072682 0.764411 0.162907 
d_208 d208 0.236271 0.328225 0.435504 
d_209 d209 0.066667 0.866667 0.066667 
d_210 d210 0.494692 0.494692 0.010616 
d_211 d211 0.226667 0.546667 0.226667 
d_212 d212 0.292929 0.050505 0.656566 
d_213 d213 0.386667 0.546667 0.066667 
d_214 d214 0.281301 0.320325 0.398374 
d_215 d215 0.414141 0.050505 0.535354 
d_216 d216 0.092063 0.549206 0.358730 
d_217 d217 0.281385 0.437229 0.281385 
d_218 d218 0.777778 0.171717 0.050505 
d_219 d219 0.626016 0.138211 0.235772 
d_220 d220 0.278912 0.523810 0.197279 
d_221 d221 0.362007 0.448029 0.189964 
d_222 d222 0.082126 0.487923 0.429952 
d_223 d223 0.158470 0.814208 0.027322 
d_224 d224 0.372937 0.412541 0.214521 
d_225 d225 0.027322 0.683060 0.289617 
d_226 d226 0.487923 0.371981 0.140097 
d_227 d227 0.056106 0.531353 0.412541 
d_228 d228 0.446465 0.349495 0.204040 
d_229 d229 0.205333 0.461333 0.333333 
d_230 d230 0.333333 0.333333 0.333333 
d_231 d231 0.031447 0.635220 0.333333 
d_232 d232 0.045045 0.801802 0.153153 
d_233 d233 0.656566 0.292929 0.050505 
d_234 d234 0.306488 0.172260 0.521253 
d_235 d235 0.309630 0.434074 0.256296 
d_236 d236 0.723577 0.138211 0.138211 
d_237 d237 0.301333 0.429333 0.269333 
d_238 d238 0.018727 0.917603 0.063670 
d_239 d239 0.287356 0.370115 0.342529 
d_240 d240 0.229437 0.489177 0.281385 
d_241 d241 0.257862 0.710692 0.031447 
d_242 d242 0.512027 0.305842 0.182131 
d_243 d243 0.296390 0.336692 0.366919 
d_244 d244 0.236615 0.609672 0.153713 
d_245 d245 0.153558 0.737828 0.108614 
d_246 d246 0.128205 0.459566 0.412229 
d_247 d247 0.304136 0.596107 0.099757 
d_248 d248 0.108614 0.647940 0.243446 
d_249 d249 0.609195 0.333333 0.057471 
d_250 d250 0.214815 0.659259 0.125926 
d_251 d251 0.356455 0.448940 0.194605 
d_252 d252 0.388560 0.293886 0.317554 
d_253 d253 0.092896 0.420765 0.486339 
d_254 d254 0.388560 0.388560 0.222880 
d_255 d255 0.058586 0.470707 0.470707 
d_256 d256 0.099656 0.388316 0.512027 
d_257 d257 0.171717 0.656566 0.171717 
d_258 d258 0.333333 0.635220 0.031447 
d_259 d259 0.198502 0.602996 0.198502 
d_260 d260 0.588946 0.402418 0.008636 
d_261 d261 0.415638 0.415638 0.168724 
d_262 d262 0.333333 0.408805 0.257862 
d_263 d263 0.261261 0.045045 0.693694 
d_264 d264 0.318996 0.405018 0.275986 
d_265 d265 0.191201 0.617597 0.191201 
d_266 d266 0.182390 0.408805 0.408805 
d_267 d267 0.045045 0.693694 0.261261 
d_268 d268 0.051988 0.859327 0.088685 
d_269 d269 0.238771 0.210402 0.550827 
d_270 d270 0.659259 0.303704 0.037037 
d_271 d271 0.119342 0.761317 0.119342 
d_272 d272 0.394872 0.025641 0.579487 
d_273 d273 0.448029 0.232975 0.318996 
d_274 d274 0.087179 0.702564 0.210256 
d_275 d275 0.050505 0.414141 0.535354 
d_276 d276 0.135802 0.664903 0.199295 
d_277 d277 0.267490 0.563786 0.168724 
d_278 d278 0.276768 0.567677 0.155556 
d_279 d279 0.339156 0.321689 0.339156 
d_280 d280 0.225225 0.636036 0.138739 
d_281 d281 0.021645 0.956710 0.021645 
d_282 d282 0.066667 0.226667 0.706667 
d_283 d283 0.559748 0.182390 0.257862 
d_284 d284 0.254125 0.452145 0.293729 
d_285 d285 0.470790 0.305842 0.223368 
d_286 d286 0.345185 0.469630 0.185185 
d_287 d287 0.223368 0.635739 0.140893 
d_288 d288 0.198068 0.777778 0.024155 
d_289 d289 0.356125 0.527066 0.116809 
d_290 d290 0.424501 0.150997 0.424501 
d_291 d291 0.355191 0.355191 0.289617 
d_292 d292 0.409888 0.467305 0.122807 
d_293 d293 0.205333 0.589333 0.205333 
d_294 d294 0.581121 0.333333 0.085546 
d_295 d295 0.460317 0.269841 0.269841 
d_296 d296 0.316719 0.541018 0.142264 
d_297 d297 0.737828 0.063670 0.198502 
d_298 d298 0.420765 0.289617 0.289617 
d_299 d299 0.529190 0.438795 0.032015 
d_300 d300 0.360544 0.605442 0.034014 
d_301 d301 0.034014 0.768707 0.197279 
d_302 d302 0.168254 0.739683 0.092063 
d_303 d303 0.264605 0.635739 0.099656 
d_304 d304 0.443737 0.443737 0.112527 
d_305 d305 0.333333 0.471264 0.195402 
d_306 d306 0.199362 0.677831 0.122807 
d_307 d307 0.358730 0.625397 0.015873 
d_308 d308 0.012531 0.914787 0.072682 
d_309 d309 0.082126 0.371981 0.545894 
d_310 d310 0.009208 0.495396 0.495396 
d_311 d311 0.121839 0.728736 0.149425 
d_312 d312 0.082126 0.603865 0.314010 
d_313 d313 0.278066 0.506045 0.215889 
d_314 d314 0.031447 0.559748 0.408805 
d_315 d315 0.197279 0.523810 0.278912 
d_316 d316 0.267490 0.514403 0.218107 
d_317 d317 0.199211 0.625247 0.175542 
d_318 d318 0.316872 0.366255 0.316872 
d_319 d319 0.242009 0.625571 0.132420 
d_320 d320 0.069959 0.316872 0.613169 
d_321 d321 0.172105 0.425464 0.402431 
d_322 d322 0.321937 0.458689 0.219373 
d_323 d323 0.025641 0.702564 0.271795 
d_324 d324 0.486339 0.486339 0.027322 
d_325 d325 0.207843 0.443137 0.349020 
d_326 d326 0.034014 0.850340 0.115646 
d_327 d327 0.048433 0.766382 0.185185 
d_328 d328 0.333333 0.635220 0.031447 
d_329 d329 0.161161 0.509510 0.329329 
d_330 d330 0.710692 0.257862 0.031447 
d_331 d331 0.392236 0.536814 0.070950 
d_332 d332 0.158470 0.551913 0.289617 
d_333 d333 0.223368 0.553265 0.223368 
d_334 d334 0.181929 0.474969 0.343101 
d_335 d335 0.053407 0.561694 0.384899 
d_336 d336 0.390313 0.390313 0.219373 
d_337 d337 0.112263 0.837651 0.050086 
d_338 d338 0.015873 0.396825 0.587302 
d_339 d339 0.257862 0.710692 0.031447 
d_340 d340 0.051988 0.602446 0.345566 
d_341 d341 0.082126 0.314010 0.603865 
d_342 d342 0.301333 0.493333 0.205333 
d_343 d343 0.029240 0.380117 0.590643 
d_344 d344 0.297935 0.581121 0.120944 
d_345 d345 0.040650 0.333333 0.626016 
d_346 d346 0.015873 0.625397 0.358730 
d_347 d347 0.687075 0.278912 0.034014 
d_348 d348 0.692884 0.288390 0.018727 
d_349 d349 0.339918 0.359671 0.300412 
d_350 d350 0.125926 0.837037 0.037037 
d_351 d351 0.281385 0.385281 0.333333 
d_352 d352 0.254902 0.443137 0.301961 
d_353 d353 0.528455 0.430894 0.040650 
d_354 d354 0.392593 0.303704 0.303704 
d_355 d355 0.045045 0.909910 0.045045 
d_356 d356 0.287356 0.701149 0.011494 
d_357 d357 0.333333 0.333333 0.333333 
d_358 d358 0.551913 0.158470 0.289617 
d_359 d359 0.077626 0.844749 0.077626 
d_360 d360 0.254645 0.503825 0.241530 
d_361 d361 0.174917 0.689769 0.135314 
d_362 d362 0.020576 0.662551 0.316872 
d_363 d363 0.333333 0.057471 0.609195 
d_364 d364 0.471264 0.471264 0.057471 
d_365 d365 0.590805 0.370115 0.039080 
d_366 d366 0.016502 0.768977 0.214521 
d_367 d367 0.360544 0.523810 0.115646 
d_368 d368 0.534050 0.275986 0.189964 
d_369 d369 0.234352 0.583697 0.181951 
d_370 d370 0.429333 0.461333 0.109333 
d_371 d371 0.416021 0.478036 0.105943 
d_372 d372 0.367668 0.453505 0.178827 
d_373 d373 0.171717 0.171717 0.656566 
d_374 d374 0.390527 0.326184 0.283289 
d_375 d375 0.301961 0.254902 0.443137 
d_376 d376 0.448029 0.534050 0.017921 
d_377 d377 0.291852 0.238519 0.469630 
d_378 d378 0.034014 0.605442 0.360544 
d_379 d379 0.291990 0.416021 0.291990 
d_380 d380 0.153558 0.692884 0.153558 
d_381 d381 0.140097 0.835749 0.024155 
d_382 d382 0.429952 0.198068 0.371981 
d_383 d383 0.066667 0.725490 0.207843 
d_384 d384 0.125541 0.748918 0.125541 
d_385 d385 0.406393 0.351598 0.242009 
d_386 d386 0.663492 0.320635 0.015873 
d_387 d387 0.372937 0.610561 0.016502 
d_388 d388 0.209110 0.581781 0.209110 
d_389 d389 0.406393 0.461187 0.132420 
d_390 d390 0.017921 0.275986 0.706093 
d_391 d391 0.871345 0.099415 0.029240 
d_392 d392 0.443137 0.537255 0.019608 
d_393 d393 0.321175 0.503546 0.175279 
d_394 d394 0.063181 0.690632 0.246187 
d_395 d395 0.198966 0.757106 0.043928 
d_396 d396 0.022831 0.351598 0.625571 
d_397 d397 0.057471 0.609195 0.333333 
d_398 d398 0.025641 0.456410 0.517949 
d_399 d399 0.198777 0.565749 0.235474 
d_400 d400 0.031447 0.484277 0.484277 
d_401 d401 0.025641 0.333333 0.641026 
d_402 d402 0.017182 0.965636 0.017182 
d_403 d403 0.333333 0.531353 0.135314 
d_404 d404 0.082942 0.721440 0.195618 
d_405 d405 0.066667 0.452874 0.480460 
d_406 d406 0.493333 0.365333 0.141333 
d_407 d407 0.210402 0.579196 0.210402 
d_408 d408 0.153153 0.801802 0.045045 
d_409 d409 0.378277 0.602996 0.018727 
d_410 d410 0.214815 0.748148 0.037037 
d_411 d411 0.292929 0.414141 0.292929 
d_412 d412 0.281385 0.073593 0.645022 
d_413 d413 0.011494 0.839080 0.149425 
d_414 d414 0.158470 0.748634 0.092896 
d_415 d415 0.125155 0.675341 0.199504 
d_416 d416 0.545894 0.429952 0.024155 
d_417 d417 0.616519 0.297935 0.085546 
d_418 d418 0.081413 0.818740 0.099846 
d_419 d419 0.037037 0.925926 0.037037 
d_420 d420 0.477477 0.477477 0.045045 
d_421 d421 0.275986 0.577061 0.146953 
d_422 d422 0.559748 0.408805 0.031447 
d_423 d423 0.171717 0.535354 0.292929 
d_424 d424 0.423143 0.443869 0.132988 
d_425 d425 0.386667 0.386667 0.226667 
d_426 d426 0.283644 0.407867 0.308489 
d_427 d427 0.675841 0.235474 0.088685 
d_428 d428 0.303704 0.659259 0.037037 
d_429 d429 0.492877 0.424501 0.082621 
d_430 d430 0.157954 0.454750 0.387296 
d_431 d431 0.206349 0.587302 0.206349 
d_432 d432 0.182390 0.710692 0.106918 
d_433 d433 0.289617 0.683060 0.027322 
d_434 d434 0.198966 0.198966 0.602067 
d_435 d435 0.011820 0.352246 0.635934 
d_436 d436 0.481481 0.392593 0.125926 
d_437 d437 0.380117 0.380117 0.239766 
d_438 d438 0.450292 0.239766 0.309942 
d_439 d439 0.156342 0.828909 0.014749 
d_440 d440 0.034014 0.850340 0.115646 
d_441 d441 0.687075 0.197279 0.115646 
d_442 d442 0.115646 0.850340 0.034014 
d_443 d443 0.256621 0.421005 0.322374 
d_444 d444 0.382263 0.345566 0.272171 
d_445 d445 0.297896 0.430786 0.271318 
d_446 d446 0.132420 0.296804 0.570776 
d_447 d447 0.037037 0.748148 0.214815 
d_448 d448 0.260982 0.633075 0.105943 
d_449 d449 0.227139 0.616519 0.156342 
d_450 d450 0.471264 0.471264 0.057471 
d_451 d451 0.219373 0.595442 0.185185 
d_452 d452 0.392593 0.570370 0.037037 
d_453 d453 0.803922 0.098039 0.098039 
d_454 d454 0.645022 0.281385 0.073593 
d_455 d455 0.182131 0.553265 0.264605 
d_456 d456 0.529190 0.370998 0.099812 
d_457 d457 0.406393 0.242009 0.351598 
d_458 d458 0.146006 0.641873 0.212121 
d_459 d459 0.066667 0.396078 0.537255 
d_460 d460 0.415638 0.316872 0.267490 
d_461 d461 0.175809 0.513361 0.310830 
d_462 d462 0.092896 0.814208 0.092896 
d_463 d463 0.199639 0.286360 0.514002 
d_464 d464 0.136556 0.391009 0.472434 
d_465 d465 0.528455 0.430894 0.040650 
d_466 d466 0.042607 0.764411 0.192982 
d_467 d467 0.517949 0.333333 0.148718 
d_468 d468 0.523810 0.442177 0.034014 
d_469 d469 0.481481 0.481481 0.037037 
d_470 d470 0.512027 0.388316 0.099656 
d_471 d471 0.471264 0.333333 0.195402 
d_472 d472 0.092896 0.814208 0.092896 
d_473 d473 0.369369 0.477477 0.153153 
d_474 d474 0.386667 0.226667 0.386667 
d_475 d475 0.305842 0.676976 0.017182 
d_476 d476 0.102119 0.726397 0.171484 
d_477 d477 0.171717 0.656566 0.171717 
d_478 d478 0.106918 0.257862 0.635220 
d_479 d479 0.388316 0.594502 0.017182 
d_480 d480 0.314010 0.603865 0.082126 
d_481 d481 0.021645 0.645022 0.333333 
d_482 d482 0.295508 0.550827 0.153664 
d_483 d483 0.039080 0.618391 0.342529 
d_484 d484 0.125296 0.494090 0.380615 
d_485 d485 0.017921 0.663082 0.318996 
d_486 d486 0.192686 0.412096 0.395218 
d_487 d487 0.198068 0.603865 0.198068 
d_488 d488 0.484277 0.484277 0.031447 
d_489 d489 0.493734 0.283208 0.223058 
d_490 d490 0.261261 0.585586 0.153153 
d_491 d491 0.210402 0.721040 0.068558 
d_492 d492 0.141612 0.507625 0.350763 
d_493 d493 0.387632 0.423831 0.188537 
d_494 d494 0.474926 0.227139 0.297935 
d_495 d495 0.050505 0.656566 0.292929 
d_496 d496 0.169591 0.380117 0.450292 
d_497 d497 0.022831 0.625571 0.351598 
d_498 d498 0.278237 0.278237 0.443526 
d_499 d499 0.214815 0.748148 0.037037 
d_500 d500 0.042607 0.734336 0.223058 
d_501 d501 0.014749 0.722714 0.262537 
d_502 d502 0.523810 0.442177 0.034014 
d_503 d503 0.209564 0.462729 0.327707 
d_504 d504 0.345566 0.455657 0.198777 
d_505 d505 0.119705 0.672192 0.208103 
d_506 d506 0.037037 0.481481 0.481481 
d_507 d507 0.015873 0.701587 0.282540 
d_508 d508 0.050505 0.898990 0.050505 
d_509 d509 0.730994 0.239766 0.029240 
d_510 d510 0.545894 0.256039 0.198068 
d_511 d511 0.661836 0.198068 0.140097 
d_512 d512 0.333333 0.430894 0.235772 
d_513 d513 0.541426 0.356455 0.102119 
d_514 d514 0.087049 0.673036 0.239915 
d_515 d515 0.278912 0.687075 0.034014 
d_516 d516 0.066667 0.546667 0.386667 
d_517 d517 0.318996 0.405018 0.275986 
d_518 d518 0.092063 0.739683 0.168254 
d_519 d520 0.034014 0.442177 0.523810 
d_520 d521 0.283208 0.704261 0.012531 
d_521 d522 0.340803 0.385621 0.273576 
d_522 d523 0.078998 0.472062 0.448940 
d_523 d524 0.603865 0.082126 0.314010 
d_524 d526 0.425287 0.259770 0.314943 
d_525 d527 0.153153 0.261261 0.585586 
d_526 d528 0.579487 0.271795 0.148718 
d_527 d529 0.020576 0.909465 0.069959 
d_528 d530 0.226667 0.706667 0.066667 
d_529 d532 0.292929 0.171717 0.535354 
d_530 d533 0.650794 0.269841 0.079365 
d_531 d534 0.237333 0.333333 0.429333 
d_532 d535 0.161085 0.314195 0.524721 
d_533 d536 0.235772 0.723577 0.040650 
d_534 d537 0.017921 0.706093 0.275986 
d_535 d538 0.079365 0.841270 0.079365 
d_536 d539 0.153153 0.585586 0.261261 
d_537 d540 0.535354 0.171717 0.292929 
d_538 d541 0.148718 0.333333 0.517949 
d_539 d543 0.204040 0.470707 0.325253 
d_540 d544 0.167228 0.638608 0.194164 
d_541 d545 0.333333 0.378277 0.288390 
d_542 d546 0.420925 0.537713 0.041363 
d_543 d547 0.435897 0.388560 0.175542 
d_544 d548 0.347079 0.347079 0.305842 
d_545 d549 0.512027 0.305842 0.182131 
d_546 d550 0.112948 0.476584 0.410468 
d_547 d551 0.230203 0.429098 0.340700 
d_548 d552 0.198068 0.661836 0.140097 
d_549 d553 0.274939 0.450122 0.274939 
d_550 d554 0.298475 0.220044 0.481481 
d_551 d555 0.333333 0.385281 0.281385 
d_552 d558 0.017921 0.921147 0.060932 
d_553 d559 0.125541 0.645022 0.229437 
d_554 d560 0.254125 0.452145 0.293729 
d_555 d562 0.433584 0.373434 0.192982 
d_556 d563 0.210256 0.517949 0.271795 
d_557 d566 0.230329 0.590844 0.178827 
d_558 d567 0.092896 0.420765 0.486339 
d_559 d568 0.106918 0.635220 0.257862 
d_560 d569 0.021645 0.645022 0.333333 
d_561 d571 0.066667 0.546667 0.386667 
d_562 d572 0.120944 0.651917 0.227139 
d_563 d575 0.333333 0.579487 0.087179 
d_564 d577 0.138427 0.656700 0.204873 
d_565 d702 0.184792 0.450044 0.365164 
d_566 d703 0.024189 0.399410 0.576401 
d_567 d704 0.301961 0.678431 0.019608 
d_568 d705 0.218602 0.429128 0.352270 
d_569 d706 0.183740 0.456911 0.359350 
d_570 d707 0.084886 0.383023 0.532091 
d_571 d708 0.240848 0.287091 0.472062 
d_572 d709 0.359350 0.222764 0.417886 
d_573 d710 0.125296 0.295508 0.579196 
d_574 d711 0.015291 0.455657 0.529052 
d_575 d712 0.048433 0.458689 0.492877 
d_576 d713 0.104881 0.366563 0.528557 
d_577 d714 0.429098 0.539595 0.031308 
d_578 d715 0.050505 0.535354 0.414141 
d_579 d716 0.303704 0.659259 0.037037 
d_580 d717 0.031447 0.786164 0.182390 
d_581 d718 0.257862 0.710692 0.031447 
d_582 d719 0.029240 0.941520 0.029240 
d_583 d720 0.025641 0.394872 0.579487 
d_584 d721 0.073593 0.800866 0.125541 
d_585 d722 0.029240 0.380117 0.590643 
d_586 d723 0.066667 0.443137 0.490196 
d_587 d724 0.293729 0.610561 0.095710 
d_588 d725 0.693694 0.153153 0.153153 
d_589 d726 0.050505 0.171717 0.777778 
d_590 d727 0.051988 0.418960 0.529052 
d_591 d728 0.207843 0.725490 0.066667 
d_592 d729 0.009009 0.571171 0.419820 
d_593 d730 0.193900 0.481481 0.324619 
d_594 d731 0.158931 0.682138 0.158931 
d_595 d732 0.316348 0.418259 0.265393 
d_596 d733 0.384899 0.274401 0.340700 
d_597 d734 0.283208 0.192982 0.523810 
d_598 d735 0.528455 0.430894 0.040650 
d_599 d736 0.044547 0.431644 0.523810 
d_600 d737 0.077626 0.570776 0.351598 
d_601 d738 0.057471 0.195402 0.747126 
d_602 d739 0.045045 0.369369 0.585586 
d_603 d740 0.045045 0.369369 0.585586 
d_604 d741 0.380117 0.520468 0.099415 
d_605 d742 0.290535 0.379424 0.330041 
d_606 d743 0.391009 0.482612 0.126378 
d_607 d744 0.345185 0.238519 0.416296 
d_608 d745 0.014749 0.297935 0.687316 
d_609 d746 0.214815 0.748148 0.037037 
d_610 d747 0.034014 0.931973 0.034014 
d_611 d748 0.053968 0.701587 0.244444 
d_612 d749 0.087179 0.517949 0.394872 
d_613 d750 0.626016 0.235772 0.138211 
d_614 d751 0.278912 0.523810 0.197279 
d_615 d752 0.171717 0.656566 0.171717 
d_616 d753 0.077626 0.406393 0.515982 
d_617 d754 0.112527 0.596603 0.290870 
d_618 d755 0.034014 0.768707 0.197279 
d_619 d756 0.487923 0.198068 0.314010 
d_620 d757 0.017921 0.706093 0.275986 
d_621 d758 0.296804 0.242009 0.461187 
d_622 d759 0.197279 0.768707 0.034014 
d_623 d760 0.040650 0.626016 0.333333 
d_624 d761 0.523810 0.115646 0.360544 
d_625 d762 0.252115 0.475465 0.272420 
d_626 d763 0.333333 0.235772 0.430894 
d_627 d764 0.034014 0.605442 0.360544 
d_628 d765 0.050505 0.777778 0.171717 
d_629 d766 0.333333 0.031447 0.635220 
d_630 d767 0.037037 0.392593 0.570370 
d_631 d768 0.333333 0.057471 0.609195 
d_632 d769 0.060932 0.620072 0.318996 
d_633 d770 0.050505 0.050505 0.898990 
d_634 d771 0.735160 0.077626 0.187215 
d_635 d772 0.171717 0.656566 0.171717 
d_636 d773 0.138211 0.626016 0.235772 
d_637 d774 0.171717 0.777778 0.050505 
d_638 d775 0.609195 0.195402 0.195402 
d_639 d776 0.040650 0.821138 0.138211 
d_640 d777 0.492877 0.219373 0.287749 
d_641 d778 0.278912 0.034014 0.687075 
d_642 d779 0.456410 0.148718 0.394872 
d_643 d780 0.057471 0.609195 0.333333 
d_644 d781 0.278912 0.115646 0.605442 
d_645 d782 0.371981 0.603865 0.024155 
d_646 d783 0.577061 0.318996 0.103943 
d_647 d784 0.520468 0.099415 0.380117 
d_648 d785 0.031447 0.937107 0.031447 
d_649 d786 0.866667 0.066667 0.066667 
d_650 d787 0.687316 0.156342 0.156342 
d_651 d788 0.380615 0.408983 0.210402 
d_652 d789 0.271795 0.517949 0.210256 
d_653 d790 0.057471 0.333333 0.609195 
d_654 d791 0.085546 0.687316 0.227139 
d_655 d792 0.045045 0.801802 0.153153 
d_656 d793 0.918699 0.040650 0.040650 
d_657 d794 0.132420 0.625571 0.242009 
d_658 d795 0.046832 0.674931 0.278237 
d_659 d796 0.493734 0.403509 0.102757 
d_660 d797 0.424501 0.287749 0.287749 
d_661 d798 0.050505 0.292929 0.656566 
d_662 d799 0.024155 0.371981 0.603865 
d_663 d800 0.559748 0.257862 0.182390 
d_664 d801 0.641026 0.210256 0.148718 
d_665 d802 0.027322 0.224044 0.748634 
d_666 d803 0.385281 0.437229 0.177489 
d_667 d804 0.108614 0.602996 0.288390 
d_668 d805 0.318996 0.491039 0.189964 
d_669 d806 0.027113 0.716108 0.256778 
d_670 d807 0.190680 0.487399 0.321921 
d_671 d808 0.184792 0.481874 0.333333 
d_672 d809 0.057471 0.609195 0.333333 
d_673 d810 0.301333 0.557333 0.141333 
d_674 d811 0.252796 0.279642 0.467562 
d_675 d812 0.046832 0.575758 0.377410 
d_676 d813 0.199105 0.655481 0.145414 
d_677 d814 0.132420 0.406393 0.461187 
d_678 d815 0.025641 0.764103 0.210256 
d_679 d816 0.132420 0.187215 0.680365 
d_680 d817 0.045045 0.585586 0.369369 
d_681 d818 0.346600 0.346600 0.306799 
d_682 d819 0.077626 0.461187 0.461187 
d_683 d820 0.253133 0.463659 0.283208 
d_684 d821 0.239216 0.596863 0.163922 
d_685 d822 0.565749 0.198777 0.235474 
d_686 d823 0.317616 0.419777 0.262606 
d_687 d824 0.232975 0.405018 0.362007 
d_688 d825 0.156342 0.828909 0.014749 
d_689 d826 0.057471 0.609195 0.333333 
d_690 d827 0.017182 0.635739 0.347079 
d_691 d828 0.115468 0.690632 0.193900 
d_692 d829 0.140097 0.603865 0.256039 
d_693 d830 0.037037 0.303704 0.659259 
d_694 d831 0.099415 0.590643 0.309942 
d_695 d832 0.528455 0.138211 0.333333 
d_696 d833 0.333333 0.484277 0.182390 
d_697 d834 0.341223 0.341223 0.317554 
d_698 d835 0.443137 0.113725 0.443137 
d_699 d836 0.057471 0.609195 0.333333 
d_700 d837 0.442177 0.197279 0.360544 
d_701 d838 0.057471 0.333333 0.609195 
d_702 d839 0.040650 0.333333 0.626016 
d_703 d840 0.333333 0.271795 0.394872 
d_704 d841 0.050505 0.050505 0.898990 
d_705 d842 0.019608 0.396078 0.584314 
d_706 d843 0.020576 0.563786 0.415638 
d_707 d844 0.034014 0.931973 0.034014 
d_708 d845 0.706667 0.066667 0.226667 
d_709 d846 0.235405 0.506591 0.258004 
d_710 d847 0.034014 0.687075 0.278912 
d_711 d848 0.486339 0.355191 0.158470 
d_712 d849 0.257862 0.408805 0.333333 
d_713 d850 0.362963 0.434074 0.202963 
d_714 d851 0.167608 0.574388 0.258004 
d_715 d852 0.132420 0.735160 0.132420 
d_716 d853 0.040650 0.918699 0.040650 
d_717 d854 0.207843 0.490196 0.301961 
d_718 d855 0.214815 0.214815 0.570370 
d_719 d856 0.027322 0.355191 0.617486 
d_720 d857 0.430894 0.138211 0.430894 
d_721 d858 0.546667 0.386667 0.066667 
d_722 d859 0.414141 0.292929 0.292929 
d_723 d860 0.024155 0.951691 0.024155 
d_724 d861 0.050505 0.898990 0.050505 
d_725 d862 0.066667 0.546667 0.386667 
d_726 d863 0.293886 0.246548 0.459566 
d_727 d864 0.207843 0.396078 0.396078 
d_728 d865 0.408805 0.484277 0.106918 
d_729 d866 0.256039 0.603865 0.140097 
d_730 d867 0.153153 0.261261 0.585586 
d_731 d868 0.214815 0.303704 0.481481 
d_732 d869 0.793510 0.191740 0.014749 
d_733 d870 0.138211 0.138211 0.723577 
d_734 d871 0.659259 0.214815 0.125926 
d_735 d872 0.087049 0.418259 0.494692 
d_736 d873 0.452145 0.293729 0.254125 
d_737 d874 0.011186 0.521253 0.467562 
d_738 d875 0.022831 0.296804 0.680365 
d_739 d876 0.227139 0.227139 0.545723 
d_740 d877 0.125541 0.281385 0.593074 
d_741 d878 0.092896 0.748634 0.158470 
d_742 d879 0.037037 0.214815 0.748148 
d_743 d880 0.450292 0.380117 0.169591 
d_744 d881 0.281385 0.333333 0.385281 
d_745 d882 0.275302 0.490846 0.233851 
d_746 d883 0.214873 0.538664 0.246463 
d_747 d884 0.345853 0.402191 0.251956 
d_748 d885 0.621333 0.013333 0.365333 
d_749 d886 0.335798 0.402341 0.261861 
d_750 d887 0.214815 0.748148 0.037037 
d_751 d888 0.198966 0.664083 0.136951 
d_752 d889 0.227139 0.616519 0.156342 
d_753 d890 0.223058 0.343358 0.433584 
d_754 d891 0.660819 0.309942 0.029240 
d_755 d892 0.292929 0.171717 0.535354 
d_756 d893 0.898990 0.050505 0.050505 
d_757 d894 0.119143 0.360107 0.520750 
d_758 d895 0.160784 0.207843 0.631373 
d_759 d896 0.019608 0.490196 0.490196 
d_760 d897 0.271795 0.271795 0.456410 
d_761 d898 0.141333 0.429333 0.429333 
d_762 d899 0.171717 0.656566 0.171717 
d_763 d900 0.491749 0.333333 0.174917 
d_764 d901 0.380117 0.239766 0.380117 
d_765 d902 0.333333 0.153558 0.513109 
d_766 d903 0.594502 0.264605 0.140893 
d_767 d904 0.360544 0.523810 0.115646 
d_768 d905 0.866667 0.066667 0.066667 
d_769 d906 0.066667 0.866667 0.066667 
d_770 d907 0.229437 0.385281 0.385281 
d_771 d908 0.195402 0.471264 0.333333 
d_772 d909 0.174917 0.372937 0.452145 
d_773 d910 0.261261 0.369369 0.369369 
d_774 d911 0.243446 0.647940 0.108614 
d_775 d912 0.408805 0.031447 0.559748 
d_776 d913 0.012165 0.479319 0.508516 
d_777 d914 0.543860 0.295056 0.161085 
d_778 d915 0.383648 0.474214 0.142138 
d_779 d916 0.045045 0.369369 0.585586 
d_780 d917 0.235772 0.723577 0.040650 
d_781 d918 0.251956 0.251956 0.496088 
d_782 d919 0.123098 0.538036 0.338866 
d_783 d920 0.191740 0.439528 0.368732 
d_784 d921 0.005464 0.477596 0.516940 
d_785 d922 0.209798 0.388711 0.401491 
d_786 d923 0.158151 0.304136 0.537713 
d_787 d924 0.140097 0.198068 0.661836 
d_788 d925 0.844749 0.022831 0.132420 
d_789 d926 0.295508 0.267139 0.437352 
d_790 d927 0.852814 0.125541 0.021645 
d_791 d928 0.850340 0.034014 0.115646 
d_792 d929 0.195402 0.471264 0.333333 
d_793 d930 0.414141 0.535354 0.050505 
d_794 d931 0.529052 0.418960 0.051988 
d_795 d932 0.456410 0.333333 0.210256 
d_796 d933 0.138211 0.821138 0.040650 
d_797 d934 0.885057 0.057471 0.057471 
d_798 d935 0.278912 0.687075 0.034014 
d_799 d936 0.481481 0.303704 0.214815 
d_800 d937 0.768707 0.034014 0.197279 
d_801 d938 0.022831 0.789954 0.187215 
d_802 d939 0.010352 0.805383 0.184265 
d_803 d940 0.153664 0.522459 0.323877 
d_804 d941 0.382263 0.235474 0.382263 
d_805 d942 0.609195 0.195402 0.195402 
d_806 d943 0.073593 0.541126 0.385281 
d_807 d944 0.057471 0.747126 0.195402 
d_808 d945 0.242009 0.570776 0.187215 
d_809 d946 0.392593 0.481481 0.125926 
d_810 d947 0.477477 0.261261 0.261261 
d_811 d948 0.593074 0.333333 0.073593 
d_812 d949 0.430894 0.333333 0.235772 
d_813 d950 0.490196 0.396078 0.113725 
d_814 d951 0.226667 0.546667 0.226667 
d_815 d952 0.106918 0.484277 0.408805 
d_816 d953 0.195402 0.747126 0.057471 
d_817 d954 0.169591 0.520468 0.309942 
d_818 d955 0.210256 0.764103 0.025641 
d_819 d956 0.392593 0.570370 0.037037 
d_820 d957 0.777778 0.171717 0.050505 
d_821 d958 0.730994 0.029240 0.239766 
d_822 d959 0.360544 0.278912 0.360544 
d_823 d960 0.321937 0.219373 0.458689 
d_824 d961 0.303704 0.392593 0.303704 
d_825 d962 0.062980 0.579109 0.357911 
d_826 d963 0.469630 0.291852 0.238519 
d_827 d964 0.369369 0.369369 0.261261 
d_828 d965 0.305842 0.470790 0.223368 
d_829 d966 0.138211 0.821138 0.040650 
d_830 d967 0.333333 0.626016 0.040650 
d_831 d968 0.706667 0.226667 0.066667 
d_832 d969 0.037037 0.837037 0.125926 
d_833 d970 0.156966 0.368607 0.474427 
d_834 d971 0.045045 0.801802 0.153153 
d_835 d972 0.113725 0.584314 0.301961 
d_836 d973 0.099415 0.730994 0.169591 
d_837 d974 0.066667 0.866667 0.066667 
d_838 d975 0.278912 0.523810 0.197279 
d_839 d976 0.363073 0.541512 0.095415 
d_840 d977 0.320635 0.396825 0.282540 
d_841 d978 0.177011 0.370115 0.452874 
d_842 d979 0.258029 0.550388 0.191584 
d_843 d980 0.494692 0.418259 0.087049 
d_844 d981 0.835749 0.082126 0.082126 
d_845 d982 0.029240 0.520468 0.450292 
d_846 d983 0.099415 0.029240 0.871345 
d_847 d984 0.558052 0.333333 0.108614 
d_848 d985 0.520468 0.309942 0.169591 
d_849 d986 0.313029 0.597293 0.089679 
d_850 d987 0.402191 0.158059 0.439750 
d_851 d988 0.570370 0.392593 0.037037 
d_852 d989 0.347079 0.470790 0.182131 
d_853 d990 0.397333 0.461333 0.141333 
d_854 d991 0.318996 0.534050 0.146953 
d_855 d992 0.380615 0.352246 0.267139 
d_856 d993 0.619586 0.190207 0.190207 
d_857 d994 0.383023 0.109731 0.507246 
d_858 d995 0.040650 0.528455 0.430894 
d_859 d996 0.415638 0.168724 0.415638 
d_860 d997 0.265393 0.392781 0.341826 
d_861 d998 0.723577 0.138211 0.138211 
d_862 d999 0.333333 0.404508 0.262159 
d_863 d1000 0.262537 0.333333 0.404130 
d_864 d1001 0.309942 0.450292 0.239766 
d_865 d1002 0.066667 0.226667 0.706667 
d_866 d1003 0.066667 0.386667 0.546667 
d_867 d1004 0.169591 0.169591 0.660819 
d_868 d1005 0.392593 0.481481 0.125926 
d_869 d1006 0.138211 0.626016 0.235772 
d_870 d1007 0.385281 0.437229 0.177489 
d_871 d1008 0.027322 0.617486 0.355191 
d_872 d1009 0.577061 0.362007 0.060932 
d_873 d1010 0.195402 0.195402 0.609195 
d_874 d1011 0.706667 0.066667 0.226667 
d_875 d1012 0.066667 0.386667 0.546667 
d_876 d1013 0.437229 0.385281 0.177489 
d_877 d1014 0.022831 0.515982 0.461187 
d_878 d1015 0.171717 0.777778 0.050505 
d_879 d1016 0.057471 0.885057 0.057471 
d_880 d1017 0.256039 0.545894 0.198068 
d_881 d1018 0.879781 0.092896 0.027322 
d_882 d1019 0.405018 0.448029 0.146953 
d_883 d1020 0.082126 0.893720 0.024155 
d_884 d1021 0.177011 0.397701 0.425287 
d_885 d1022 0.171717 0.414141 0.414141 
d_886 d1023 0.171717 0.292929 0.535354 
d_887 d1024 0.333333 0.333333 0.333333 
d_888 d1025 0.138427 0.457364 0.404208 
d_889 d1026 0.140097 0.835749 0.024155 
d_890 d1027 0.112948 0.641873 0.245179 
d_891 d1028 0.333333 0.138211 0.528455 
d_892 d1029 0.040650 0.528455 0.430894 
d_893 d1030 0.034014 0.197279 0.768707 
d_894 d1031 0.394872 0.333333 0.271795 
d_895 d1032 0.468165 0.513109 0.018727 
d_896 d1033 0.169591 0.520468 0.309942 
d_897 d1034 0.305842 0.099656 0.594502 
d_898 d1035 0.025641 0.579487 0.394872 
d_899 d1036 0.465021 0.415638 0.119342 
d_900 d1037 0.119342 0.415638 0.465021 
d_901 d1038 0.617486 0.355191 0.027322 
d_902 d1039 0.113665 0.420179 0.466156 
d_903 d1040 0.651917 0.297935 0.050147 
d_904 d1041 0.358730 0.320635 0.320635 
d_905 d1042 0.528455 0.333333 0.138211 
d_906 d1043 0.414141 0.292929 0.292929 
d_907 d1044 0.579196 0.238771 0.182033 
d_908 d1045 0.463659 0.313283 0.223058 
d_909 d1046 0.768707 0.197279 0.034014 
d_910 d1047 0.445851 0.293952 0.260197 
d_911 d1048 0.264293 0.419633 0.316073 
d_912 d1049 0.316073 0.432578 0.251348 
d_913 d1050 0.534050 0.405018 0.060932 
d_914 d1051 0.333333 0.378277 0.288390 
d_915 d1052 0.433584 0.403509 0.162907 
d_916 d1053 0.148718 0.333333 0.517949 
d_917 d1054 0.251820 0.321689 0.426492 
d_918 d1055 0.275986 0.232975 0.491039 
d_919 d1056 0.209013 0.535354 0.255633 
d_920 d1057 0.316872 0.267490 0.415638 
d_921 d1058 0.045045 0.693694 0.261261 
d_922 d1059 0.656566 0.050505 0.292929 
d_923 d1060 0.037037 0.214815 0.748148 
d_924 d1061 0.369369 0.045045 0.585586 
d_925 d1062 0.053968 0.473016 0.473016 
d_926 d1063 0.693694 0.261261 0.045045 
d_927 d1064 0.037037 0.748148 0.214815 
d_928 d1065 0.410468 0.443526 0.146006 
d_929 d1066 0.115646 0.278912 0.605442 
d_930 d1067 0.371981 0.429952 0.198068 
d_931 d1068 0.311295 0.046832 0.641873 
d_932 d1069 0.609195 0.333333 0.057471 
d_933 d1070 0.197279 0.278912 0.523810 
d_934 d1071 0.850340 0.034014 0.115646 
d_935 d1072 0.545723 0.297935 0.156342 
d_936 d1073 0.045045 0.153153 0.801802 
d_937 d1074 0.185698 0.628604 0.185698 
d_938 d1075 0.219373 0.663818 0.116809 
d_939 d1076 0.153558 0.602996 0.243446 
d_940 d1077 0.106918 0.635220 0.257862 
d_941 d1078 0.050505 0.777778 0.171717 
d_942 d1079 0.050505 0.292929 0.656566 
d_943 d1080 0.050505 0.414141 0.535354 
d_944 d1081 0.351598 0.406393 0.242009 
d_945 d1082 0.066667 0.066667 0.866667 
d_946 d1083 0.099415 0.450292 0.450292 
d_947 d1084 0.235772 0.430894 0.333333 
d_948 d1085 0.450292 0.520468 0.029240 
d_949 d1086 0.040650 0.528455 0.430894 
d_950 d1087 0.198068 0.603865 0.198068 
d_951 d1088 0.245179 0.377410 0.377410 
d_952 d1089 0.197279 0.442177 0.360544 
d_953 d1090 0.045045 0.909910 0.045045 
d_954 d1091 0.414141 0.292929 0.292929 
d_955 d1092 0.656566 0.171717 0.171717 
d_956 d1093 0.541126 0.437229 0.021645 
d_957 d1094 0.099415 0.520468 0.380117 
d_958 d1095 0.050505 0.535354 0.414141 
d_959 d1096 0.553885 0.313283 0.132832 
d_960 d1097 0.278912 0.605442 0.115646 
d_961 d1098 0.153153 0.261261 0.585586 
d_962 d1099 0.031447 0.635220 0.333333 
d_963 d1100 0.189964 0.362007 0.448029 
d_964 d1101 0.138211 0.528455 0.333333 
d_965 d1102 0.386667 0.226667 0.386667 
d_966 d1103 0.016502 0.333333 0.650165 
d_967 d1104 0.656566 0.292929 0.050505 
d_968 d1105 0.153558 0.378277 0.468165 
d_969 d1106 0.171717 0.414141 0.414141 
d_970 d1107 0.663082 0.275986 0.060932 
d_971 d1108 0.309942 0.660819 0.029240 
d_972 d1109 0.057471 0.609195 0.333333 
d_973 d1110 0.066667 0.706667 0.226667 
d_974 d1111 0.214815 0.748148 0.037037 
d_975 d1112 0.066667 0.066667 0.866667 
d_976 d1113 0.723577 0.138211 0.138211 
d_977 d1114 0.420765 0.420765 0.158470 
d_978 d1115 0.171717 0.292929 0.535354 
d_979 d1116 0.119342 0.563786 0.316872 
d_980 d1117 0.333333 0.430894 0.235772 
d_981 d1118 0.278912 0.278912 0.442177 
d_982 d1119 0.171717 0.777778 0.050505 
d_983 d1120 0.706667 0.066667 0.226667 
d_984 d1121 0.057471 0.885057 0.057471 
d_985 d1122 0.418960 0.198777 0.382263 
d_986 d1123 0.289617 0.224044 0.486339 
d_987 d1124 0.091723 0.145414 0.762864 
d_988 d1125 0.153153 0.369369 0.477477 
d_989 d1126 0.365333 0.269333 0.365333 
d_990 d1127 0.045045 0.693694 0.261261 
d_991 d1128 0.609195 0.057471 0.333333 
d_992 d1129 0.369369 0.261261 0.369369 
d_993 d1130 0.314010 0.198068 0.487923 
d_994 d1131 0.386667 0.386667 0.226667 
d_995 d1132 0.351598 0.077626 0.570776 
d_996 d1133 0.570370 0.392593 0.037037 
d_997 d1134 0.386667 0.546667 0.066667 
d_998 d1135 0.235772 0.333333 0.430894 
d_999 d1136 0.214815 0.481481 0.303704 
d_1000 d1137 0.333333 0.430894 0.235772 
d_1001 d1138 0.045045 0.261261 0.693694 
d_1002 d1139 0.333333 0.423221 0.243446 
d_1003 d1140 0.037037 0.570370 0.392593 
d_1004 d1141 0.442177 0.442177 0.115646 
d_1005 d1142 0.535354 0.171717 0.292929 
d_1006 d1143 0.898990 0.050505 0.050505 
d_1007 d1144 0.289617 0.551913 0.158470 
d_1008 d1145 0.478036 0.416021 0.105943 
d_1009 d1146 0.197279 0.523810 0.278912 
d_1010 d1147 0.214815 0.570370 0.214815 
d_1011 d1148 0.777778 0.171717 0.050505 
d_1012 d1149 0.198966 0.571059 0.229974 
d_1013 d1150 0.267139 0.408983 0.323877 
d_1014 d1151 0.235772 0.723577 0.040650 
d_1015 d1152 0.031447 0.635220 0.333333 
d_1016 d1153 0.040650 0.626016 0.333333 
d_1017 d1154 0.341826 0.443737 0.214437 
d_1018 d1155 0.641026 0.333333 0.025641 
d_1019 d1156 0.528455 0.430894 0.040650 
d_1020 d1157 0.214815 0.570370 0.214815 
d_1021 d1158 0.031447 0.710692 0.257862 
d_1022 d1159 0.898990 0.050505 0.050505 
d_1023 d1160 0.254125 0.095710 0.650165 
d_1024 d1161 0.333333 0.235772 0.430894 
d_1025 d1162 0.471264 0.195402 0.333333 
