Document 0
0.070383 0.078928 0.077993 0.085093 0.082695 0.070910 0.077507 0.065509 0.071001 0.078526 0.092644 0.068560 0.080250 
0.006093 0.007094 0.006038 0.006867 0.005931 0.006244 0.005981 0.006777 0.006341 0.924105 0.006213 0.006194 0.006122 
0.097754 0.006420 0.006214 0.006249 0.005576 0.280828 0.098139 0.006975 0.281597 0.006956 0.007152 0.006666 0.189474 
Document 1
0.011203 0.012563 0.012414 0.013544 0.013163 0.852116 0.012337 0.010427 0.011301 0.012499 0.014746 0.010913 0.012774 
0.007655 0.008913 0.007586 0.008627 0.007452 0.007845 0.904856 0.008515 0.007966 0.007305 0.007806 0.007782 0.007692 
0.072598 0.078339 0.075817 0.076246 0.068030 0.066071 0.077294 0.085109 0.075454 0.084868 0.087270 0.081334 0.071568 
Document 2
0.009257 0.010381 0.010258 0.011192 0.010876 0.009326 0.010194 0.008616 0.009338 0.010328 0.012185 0.009017 0.879031 
0.005060 0.175372 0.005014 0.005703 0.004926 0.005186 0.004968 0.005628 0.005266 0.428528 0.005160 0.344104 0.005085 
0.006551 0.007069 0.006842 0.006881 0.006139 0.511383 0.006975 0.007680 0.006809 0.007659 0.007876 0.007340 0.410795 
Document 3
0.007887 0.008845 0.156730 0.009536 0.009267 0.007946 0.008685 0.007341 0.007956 0.008800 0.010382 0.007683 0.748943 
0.010294 0.356765 0.010201 0.011602 0.010021 0.010550 0.010106 0.011450 0.010713 0.009824 0.010497 0.527634 0.010344 
0.072598 0.078339 0.075817 0.076246 0.068030 0.066071 0.077294 0.085109 0.075454 0.084868 0.087270 0.081334 0.071568 
Document 4
0.009257 0.010381 0.010258 0.011192 0.879353 0.009326 0.010194 0.008616 0.009338 0.010328 0.012185 0.009017 0.010555 
0.007655 0.008913 0.135777 0.649585 0.007452 0.007845 0.007515 0.008515 0.007966 0.135497 0.007806 0.007782 0.007692 
0.072598 0.078339 0.075817 0.076246 0.068030 0.066071 0.077294 0.085109 0.075454 0.084868 0.087270 0.081334 0.071568 
Document 5
0.007887 0.008845 0.008740 0.897476 0.009267 0.007946 0.008685 0.007341 0.007956 0.008800 0.010382 0.007683 0.008993 
0.021320 0.024825 0.378165 0.024028 0.020755 0.021851 0.377968 0.023715 0.022188 0.020347 0.021740 0.021676 0.021423 
0.309804 0.007069 0.512263 0.006881 0.006139 0.005962 0.006975 0.108765 0.006809 0.007659 0.007876 0.007340 0.006458 
Document 6
0.030329 0.034011 0.033609 0.036668 0.035634 0.030556 0.033399 0.028229 0.030595 0.033838 0.609006 0.029543 0.034581 
0.098114 0.006437 0.283235 0.006231 0.005382 0.005666 0.005428 0.006150 0.561267 0.005276 0.005638 0.005621 0.005555 
0.072598 0.078339 0.075817 0.076246 0.068030 0.066071 0.077294 0.085109 0.075454 0.084868 0.087270 0.081334 0.071568 
Document 7
0.019329 0.021676 0.021419 0.023369 0.022710 0.019474 0.383971 0.017991 0.019499 0.021566 0.025443 0.018828 0.384725 
0.008780 0.010224 0.008701 0.009896 0.008548 0.008999 0.890866 0.009767 0.009138 0.008380 0.008953 0.008927 0.008823 
0.013247 0.014294 0.013834 0.013912 0.012413 0.012056 0.014103 0.015529 0.831304 0.015485 0.015924 0.014841 0.013058 
Document 8
0.070383 0.078928 0.077993 0.085093 0.082695 0.070910 0.077507 0.065509 0.071001 0.078526 0.092644 0.068560 0.080250 
0.004034 0.004698 0.003998 0.004547 0.003928 0.409518 0.003961 0.207179 0.004199 0.071414 0.004114 0.004102 0.274309 
0.072598 0.078339 0.075817 0.076246 0.068030 0.066071 0.077294 0.085109 0.075454 0.084868 0.087270 0.081334 0.071568 
Document 9
0.599847 0.008845 0.156730 0.009536 0.009267 0.007946 0.008685 0.007341 0.007956 0.008800 0.158372 0.007683 0.008993 
0.005060 0.005892 0.005014 0.005703 0.004926 0.005186 0.004968 0.937767 0.005266 0.004829 0.005160 0.005145 0.005085 
0.072598 0.078339 0.075817 0.076246 0.068030 0.066071 0.077294 0.085109 0.075454 0.084868 0.087270 0.081334 0.071568 
Document 10
0.009257 0.010381 0.010258 0.011192 0.010876 0.009326 0.010194 0.008616 0.009338 0.010328 0.880661 0.009017 0.010555 
0.033159 0.038610 0.032860 0.037371 0.032281 0.033985 0.032553 0.036883 0.034509 0.031645 0.589113 0.033712 0.033319 
0.562575 0.036950 0.035761 0.035963 0.032087 0.031164 0.036457 0.040143 0.035589 0.040029 0.041163 0.038363 0.033756 
Document 11
0.004178 0.396620 0.318178 0.240212 0.004908 0.004209 0.004600 0.003888 0.004214 0.004661 0.005499 0.004069 0.004763 
0.006785 0.916906 0.006724 0.007647 0.006605 0.006954 0.006661 0.007547 0.007061 0.006475 0.006919 0.006898 0.006818 
0.034242 0.036950 0.035761 0.035963 0.032087 0.031164 0.036457 0.040143 0.035589 0.040029 0.041163 0.566695 0.033756 
Document 12
0.744700 0.021676 0.021419 0.023369 0.022710 0.019474 0.021286 0.017991 0.019499 0.021566 0.025443 0.018828 0.022039 
0.004665 0.005432 0.004623 0.005257 0.004541 0.004781 0.004580 0.864508 0.004855 0.004452 0.004757 0.004743 0.082807 
0.072598 0.078339 0.075817 0.076246 0.068030 0.066071 0.077294 0.085109 0.075454 0.084868 0.087270 0.081334 0.071568 
Document 13
0.009257 0.010381 0.878734 0.011192 0.010876 0.009326 0.010194 0.008616 0.009338 0.010328 0.012185 0.009017 0.010555 
0.007655 0.008913 0.007586 0.008627 0.007452 0.007845 0.007515 0.008515 0.007966 0.007305 0.007806 0.007782 0.905033 
0.007288 0.007864 0.007611 0.007654 0.006830 0.006633 0.007760 0.008544 0.907184 0.008520 0.008761 0.008165 0.007185 
Document 14
0.004178 0.004685 0.004629 0.005051 0.004908 0.004209 0.004600 0.944533 0.004214 0.004661 0.005499 0.004069 0.004763 
0.001276 0.001486 0.001264 0.001438 0.407218 0.086776 0.001253 0.001419 0.001328 0.001218 0.193605 0.001297 0.300422 
0.001444 0.001558 0.001508 0.001516 0.001353 0.045865 0.246566 0.001693 0.313355 0.380368 0.001735 0.001617 0.001423 
Document 15
0.004178 0.004685 0.239790 0.005051 0.004908 0.004209 0.004600 0.003888 0.004214 0.004661 0.005499 0.004069 0.710247 
0.003779 0.004400 0.003745 0.004259 0.003679 0.003873 0.699876 0.004204 0.003933 0.003607 0.003854 0.256994 0.003797 
0.034242 0.565283 0.035761 0.035963 0.032087 0.031164 0.036457 0.040143 0.035589 0.040029 0.041163 0.038363 0.033756 
Document 16
0.070383 0.078928 0.077993 0.085093 0.082695 0.070910 0.077507 0.065509 0.071001 0.078526 0.092644 0.068560 0.080250 
0.010294 0.011986 0.872147 0.011602 0.010021 0.010550 0.010106 0.011450 0.010713 0.009824 0.010497 0.010466 0.010344 
0.016649 0.788630 0.017388 0.017486 0.015602 0.015153 0.017726 0.019519 0.017304 0.019463 0.020014 0.018653 0.016413 
Document 17
0.294631 0.004344 0.076982 0.004684 0.004552 0.149281 0.004266 0.439741 0.003908 0.004322 0.005099 0.003774 0.004417 
0.048609 0.003189 0.002714 0.003087 0.002666 0.002807 0.002689 0.003047 0.415679 0.002614 0.002793 0.507353 0.002752 
0.005950 0.006420 0.006214 0.924291 0.005576 0.005415 0.006335 0.006975 0.006184 0.006956 0.007152 0.006666 0.005866 
Document 18
0.005462 0.313590 0.006053 0.006604 0.006418 0.005503 0.006015 0.107572 0.005510 0.006094 0.007190 0.005321 0.518669 
0.005529 0.006437 0.005479 0.006231 0.005382 0.098252 0.838697 0.006150 0.005754 0.005276 0.005638 0.005621 0.005555 
0.006551 0.007069 0.006842 0.006881 0.006139 0.005962 0.006975 0.007680 0.006809 0.917416 0.007876 0.007340 0.006458 
Document 19
0.006086 0.006825 0.349319 0.235741 0.007150 0.006131 0.006702 0.005664 0.006139 0.006790 0.008011 0.348503 0.006939 
0.008780 0.010224 0.008701 0.009896 0.008548 0.008999 0.008620 0.009767 0.009138 0.008380 0.891199 0.008927 0.008823 
0.007288 0.007864 0.682318 0.007654 0.231732 0.006633 0.007760 0.008544 0.007575 0.008520 0.008761 0.008165 0.007185 
Document 20
0.005462 0.006125 0.006053 0.211580 0.006418 0.107991 0.620945 0.005084 0.005510 0.006094 0.007190 0.005321 0.006228 
0.004034 0.004698 0.003998 0.004547 0.003928 0.612209 0.003961 0.004488 0.342018 0.003850 0.004114 0.004102 0.004054 
0.010999 0.011868 0.011486 0.011551 0.010306 0.858511 0.011710 0.012894 0.011431 0.012857 0.013221 0.012322 0.010842 
Document 21
0.004954 0.005556 0.005490 0.005990 0.563586 0.004991 0.005456 0.004611 0.376842 0.005528 0.006521 0.004826 0.005649 
0.206726 0.004698 0.003998 0.004547 0.003928 0.004135 0.003961 0.004488 0.004199 0.003850 0.004114 0.747304 0.004054 
0.022405 0.024177 0.023398 0.023531 0.712379 0.020391 0.023854 0.026266 0.023286 0.026192 0.026933 0.025101 0.022087 
Document 22
0.280340 0.015907 0.015718 0.283304 0.016666 0.014291 0.015620 0.279357 0.014309 0.015826 0.018671 0.013817 0.016173 
0.220736 0.014483 0.012326 0.014018 0.012109 0.012748 0.428806 0.013835 0.012945 0.011870 0.012683 0.220943 0.012498 
0.072598 0.078339 0.075817 0.076246 0.068030 0.066071 0.077294 0.085109 0.075454 0.084868 0.087270 0.081334 0.071568 
Document 23
0.070383 0.078928 0.077993 0.085093 0.082695 0.070910 0.077507 0.065509 0.071001 0.078526 0.092644 0.068560 0.080250 
0.004327 0.005038 0.004288 0.222255 0.004212 0.729029 0.004248 0.004813 0.004503 0.004129 0.004412 0.004399 0.004348 
0.005950 0.006420 0.006214 0.006249 0.005576 0.556240 0.006335 0.190584 0.006184 0.098760 0.007152 0.098470 0.005866 
Document 24
0.866435 0.004685 0.004629 0.083438 0.004908 0.004209 0.004600 0.003888 0.004214 0.004661 0.005499 0.004069 0.004763 
0.033159 0.593911 0.032860 0.037371 0.032281 0.033985 0.032553 0.036883 0.034509 0.031645 0.033812 0.033712 0.033319 
0.072598 0.078339 0.075817 0.076246 0.068030 0.066071 0.077294 0.085109 0.075454 0.084868 0.087270 0.081334 0.071568 
Document 25
0.070383 0.078928 0.077993 0.085093 0.082695 0.070910 0.077507 0.065509 0.071001 0.078526 0.092644 0.068560 0.080250 
0.003176 0.003698 0.003147 0.003580 0.003092 0.003255 0.003118 0.003533 0.641575 0.003031 0.003239 0.322364 0.003191 
0.072598 0.078339 0.075817 0.076246 0.068030 0.066071 0.077294 0.085109 0.075454 0.084868 0.087270 0.081334 0.071568 
Document 26
0.014185 0.015907 0.015718 0.017149 0.016666 0.014291 0.015620 0.013202 0.014309 0.015826 0.018671 0.812282 0.016173 
0.012438 0.014483 0.012326 0.014018 0.012109 0.429343 0.012211 0.430430 0.012945 0.011870 0.012683 0.012646 0.012498 
0.273537 0.017966 0.017388 0.017486 0.529378 0.015153 0.017726 0.019519 0.017304 0.019463 0.020014 0.018653 0.016413 
Document 27
0.019329 0.021676 0.021419 0.748740 0.022710 0.019474 0.021286 0.017991 0.019499 0.021566 0.025443 0.018828 0.022039 
0.006093 0.313191 0.006038 0.006867 0.005931 0.006244 0.005981 0.006777 0.006341 0.005815 0.618406 0.006194 0.006122 
0.072598 0.078339 0.075817 0.076246 0.068030 0.066071 0.077294 0.085109 0.075454 0.084868 0.087270 0.081334 0.071568 
Document 28
0.006086 0.006825 0.120935 0.806699 0.007150 0.006131 0.006702 0.005664 0.006139 0.006790 0.008011 0.005928 0.006939 
0.006093 0.007094 0.006038 0.006867 0.005931 0.006244 0.005981 0.006777 0.312438 0.005815 0.006213 0.312291 0.312219 
0.072598 0.078339 0.075817 0.076246 0.068030 0.066071 0.077294 0.085109 0.075454 0.084868 0.087270 0.081334 0.071568 
Document 29
0.011203 0.432978 0.012414 0.013544 0.013163 0.011287 0.012337 0.010427 0.011301 0.012499 0.014746 0.431327 0.012774 
0.004327 0.005038 0.004288 0.004876 0.004212 0.004435 0.004248 0.004813 0.004503 0.004129 0.004412 0.946372 0.004348 
0.072598 0.078339 0.075817 0.076246 0.068030 0.066071 0.077294 0.085109 0.075454 0.084868 0.087270 0.081334 0.071568 
Document 30
0.007887 0.896785 0.008740 0.009536 0.009267 0.007946 0.008685 0.007341 0.007956 0.008800 0.010382 0.007683 0.008993 
0.355072 0.011986 0.010201 0.011602 0.010021 0.010550 0.010106 0.528618 0.010713 0.009824 0.010497 0.010466 0.010344 
0.072598 0.078339 0.075817 0.076246 0.068030 0.066071 0.077294 0.085109 0.075454 0.084868 0.087270 0.081334 0.071568 
Document 31
0.019329 0.021676 0.021419 0.023369 0.022710 0.019474 0.021286 0.017991 0.019499 0.746937 0.025443 0.018828 0.022039 
0.001276 0.001486 0.193569 0.001438 0.001242 0.001308 0.001253 0.001419 0.001328 0.001218 0.193605 0.193601 0.407258 
0.562575 0.036950 0.035761 0.035963 0.032087 0.031164 0.036457 0.040143 0.035589 0.040029 0.041163 0.038363 0.033756 
Document 32
0.009257 0.010381 0.010258 0.532278 0.010876 0.009326 0.010194 0.356007 0.009338 0.010328 0.012185 0.009017 0.010555 
0.004327 0.005038 0.004288 0.004876 0.004212 0.004435 0.004248 0.004813 0.439260 0.004129 0.439169 0.076858 0.004348 
0.008212 0.008861 0.008576 0.008624 0.007695 0.007473 0.388839 0.009627 0.388630 0.009599 0.009871 0.135898 0.008095 
Document 33
0.006870 0.523354 0.265438 0.008306 0.008072 0.006922 0.007566 0.006395 0.006931 0.007665 0.009043 0.135605 0.007834 
0.012438 0.014483 0.012326 0.014018 0.012109 0.012748 0.012211 0.013835 0.846135 0.011870 0.012683 0.012646 0.012498 
0.034242 0.565283 0.035761 0.035963 0.032087 0.031164 0.036457 0.040143 0.035589 0.040029 0.041163 0.038363 0.033756 
Document 34
0.019329 0.021676 0.021419 0.023369 0.022710 0.019474 0.746657 0.017991 0.019499 0.021566 0.025443 0.018828 0.022039 
0.015710 0.544495 0.015569 0.017706 0.015295 0.016102 0.015423 0.017475 0.016350 0.278094 0.016020 0.015973 0.015787 
0.072598 0.078339 0.075817 0.076246 0.068030 0.066071 0.077294 0.085109 0.075454 0.084868 0.087270 0.081334 0.071568 
Document 35
0.070383 0.078928 0.077993 0.085093 0.082695 0.070910 0.077507 0.065509 0.071001 0.078526 0.092644 0.068560 0.080250 
0.006093 0.007094 0.006038 0.108899 0.005931 0.006244 0.005981 0.006777 0.618534 0.005815 0.006213 0.210259 0.006122 
0.013247 0.014294 0.013834 0.013912 0.012413 0.829592 0.014103 0.015529 0.013768 0.015485 0.015924 0.014841 0.013058 
Document 36
0.007887 0.600805 0.008740 0.009536 0.009267 0.007946 0.304666 0.007341 0.007956 0.008800 0.010382 0.007683 0.008993 
0.006093 0.007094 0.006038 0.006867 0.516092 0.006244 0.005981 0.006777 0.006341 0.005815 0.006213 0.414323 0.006122 
0.034242 0.565283 0.035761 0.035963 0.032087 0.031164 0.036457 0.040143 0.035589 0.040029 0.041163 0.038363 0.033756 
Document 37
0.003180 0.003567 0.003524 0.003845 0.302116 0.361259 0.003502 0.181988 0.003208 0.003548 0.004186 0.003098 0.122978 
0.074564 0.086822 0.073892 0.084036 0.072590 0.076423 0.073202 0.082940 0.077602 0.071162 0.076034 0.075809 0.074926 
0.388307 0.008861 0.008576 0.008624 0.007695 0.007473 0.008743 0.009627 0.515329 0.009599 0.009871 0.009200 0.008095 
Document 38
0.011203 0.012563 0.012414 0.013544 0.013163 0.011287 0.012337 0.010427 0.011301 0.012499 0.014746 0.010913 0.853603 
0.007655 0.008913 0.007586 0.008627 0.648410 0.007845 0.263898 0.008515 0.007966 0.007305 0.007806 0.007782 0.007692 
0.217631 0.014294 0.013834 0.013912 0.625565 0.012056 0.014103 0.015529 0.013768 0.015485 0.015924 0.014841 0.013058 
Document 39
0.019329 0.021676 0.384105 0.023369 0.022710 0.019474 0.021286 0.017991 0.019499 0.021566 0.025443 0.018828 0.384725 
0.006093 0.007094 0.006038 0.006867 0.005931 0.006244 0.005981 0.006777 0.006341 0.005815 0.006213 0.924484 0.006122 
0.034242 0.036950 0.035761 0.035963 0.032087 0.031164 0.036457 0.040143 0.035589 0.040029 0.569495 0.038363 0.033756 
Document 40
0.070383 0.078928 0.077993 0.085093 0.082695 0.070910 0.077507 0.065509 0.071001 0.078526 0.092644 0.068560 0.080250 
0.021320 0.024825 0.021127 0.024028 0.020755 0.021851 0.020930 0.023715 0.022188 0.020347 0.021740 0.021676 0.735499 
0.013247 0.014294 0.013834 0.013912 0.012413 0.012056 0.014103 0.015529 0.013768 0.015485 0.833460 0.014841 0.013058 
Document 41
0.014185 0.015907 0.015718 0.017149 0.016666 0.014291 0.015620 0.013202 0.014309 0.015826 0.817136 0.013817 0.016173 
0.033159 0.593911 0.032860 0.037371 0.032281 0.033985 0.032553 0.036883 0.034509 0.031645 0.033812 0.033712 0.033319 
0.034242 0.036950 0.035761 0.035963 0.032087 0.559496 0.036457 0.040143 0.035589 0.040029 0.041163 0.038363 0.033756 
Document 42
0.748642 0.005556 0.005490 0.191912 0.005821 0.004991 0.005456 0.004611 0.004998 0.005528 0.006521 0.004826 0.005649 
0.008780 0.010224 0.008701 0.892142 0.008548 0.008999 0.008620 0.009767 0.009138 0.008380 0.008953 0.008927 0.008823 
0.005027 0.005425 0.005250 0.005280 0.004711 0.082138 0.005352 0.471271 0.005225 0.005877 0.393858 0.005632 0.004956 
Document 43
0.007887 0.896785 0.008740 0.009536 0.009267 0.007946 0.008685 0.007341 0.007956 0.008800 0.010382 0.007683 0.008993 
0.513499 0.005892 0.005014 0.005703 0.004926 0.005186 0.004968 0.005628 0.005266 0.004829 0.005160 0.428844 0.005085 
0.016649 0.017966 0.017388 0.788150 0.015602 0.015153 0.017726 0.019519 0.017304 0.019463 0.020014 0.018653 0.016413 
Document 44
0.006086 0.006825 0.006744 0.007358 0.007150 0.120323 0.006702 0.005664 0.006139 0.006790 0.008011 0.005928 0.806280 
0.003176 0.003698 0.003147 0.003580 0.003092 0.003255 0.003118 0.429046 0.216062 0.003031 0.003239 0.322364 0.003191 
0.008212 0.008861 0.642069 0.008624 0.261092 0.007473 0.008743 0.009627 0.008535 0.009599 0.009871 0.009200 0.008095 
Document 45
0.070383 0.078928 0.077993 0.085093 0.082695 0.070910 0.077507 0.065509 0.071001 0.078526 0.092644 0.068560 0.080250 
0.006093 0.007094 0.006038 0.006867 0.005931 0.006244 0.005981 0.925067 0.006341 0.005815 0.006213 0.006194 0.006122 
0.009403 0.010146 0.009820 0.009875 0.298971 0.008558 0.010011 0.301183 0.009773 0.010992 0.011303 0.300694 0.009269 
Document 46
0.007887 0.008845 0.008740 0.009536 0.009267 0.007946 0.008685 0.747291 0.155946 0.008800 0.010382 0.007683 0.008993 
0.021320 0.024825 0.021127 0.024028 0.020755 0.021851 0.020930 0.023715 0.022188 0.020347 0.021740 0.735751 0.021423 
0.008212 0.008861 0.261973 0.008624 0.514489 0.007473 0.008743 0.009627 0.008535 0.136298 0.009871 0.009200 0.008095 
Document 47
0.006086 0.006825 0.006744 0.007358 0.007150 0.006131 0.006702 0.005664 0.006139 0.349365 0.008011 0.234311 0.349514 
0.004034 0.004698 0.003998 0.004547 0.814693 0.139263 0.003961 0.004488 0.004199 0.003850 0.004114 0.004102 0.004054 
0.003431 0.427145 0.003583 0.321185 0.056145 0.003122 0.003652 0.004022 0.109426 0.004010 0.057054 0.003843 0.003382 
Document 48
0.059316 0.284941 0.003326 0.003629 0.003526 0.003024 0.003305 0.002793 0.003028 0.003349 0.003951 0.002924 0.622889 
0.002739 0.003189 0.048584 0.003087 0.002666 0.002807 0.002689 0.003047 0.369809 0.002614 0.002793 0.002785 0.553190 
0.008212 0.008861 0.008576 0.008624 0.007695 0.007473 0.008743 0.009627 0.008535 0.896490 0.009871 0.009200 0.008095 
Document 49
0.019329 0.021676 0.021419 0.023369 0.022710 0.019474 0.021286 0.017991 0.019499 0.384251 0.388128 0.018828 0.022039 
0.007655 0.008913 0.007586 0.008627 0.007452 0.007845 0.520281 0.393089 0.007966 0.007305 0.007806 0.007782 0.007692 
0.016649 0.017966 0.017388 0.017486 0.015602 0.015153 0.017726 0.019519 0.017304 0.533239 0.276902 0.018653 0.016413 
Document 50
0.004533 0.005083 0.005023 0.005480 0.005326 0.004567 0.004992 0.004219 0.004573 0.600437 0.005967 0.344632 0.005168 
0.004327 0.005038 0.004288 0.004876 0.004212 0.294272 0.004248 0.004813 0.004503 0.004129 0.656547 0.004399 0.004348 
0.072598 0.078339 0.075817 0.076246 0.068030 0.066071 0.077294 0.085109 0.075454 0.084868 0.087270 0.081334 0.071568 
Document 51
0.007887 0.008845 0.008740 0.897476 0.009267 0.007946 0.008685 0.007341 0.007956 0.008800 0.010382 0.007683 0.008993 
0.006093 0.007094 0.006038 0.210931 0.005931 0.006244 0.005981 0.006777 0.006341 0.413944 0.006213 0.006194 0.312219 
0.072598 0.078339 0.075817 0.076246 0.068030 0.066071 0.077294 0.085109 0.075454 0.084868 0.087270 0.081334 0.071568 
Document 52
0.070383 0.078928 0.077993 0.085093 0.082695 0.070910 0.077507 0.065509 0.071001 0.078526 0.092644 0.068560 0.080250 
0.008780 0.010224 0.008701 0.009896 0.008548 0.008999 0.008620 0.009767 0.009138 0.008380 0.008953 0.891173 0.008823 
0.009403 0.010146 0.009820 0.009875 0.008811 0.008558 0.010011 0.011023 0.009773 0.010992 0.156383 0.010534 0.734670 
Document 53
0.030329 0.034011 0.033609 0.036668 0.035634 0.030556 0.033399 0.028229 0.030595 0.602923 0.039922 0.029543 0.034581 
0.008780 0.010224 0.008701 0.009896 0.008548 0.008999 0.596784 0.009767 0.009138 0.008380 0.303035 0.008927 0.008823 
0.022405 0.024177 0.023398 0.023531 0.712379 0.020391 0.023854 0.026266 0.023286 0.026192 0.026933 0.025101 0.022087 
Document 54
0.011203 0.853392 0.012414 0.013544 0.013163 0.011287 0.012337 0.010427 0.011301 0.012499 0.014746 0.010913 0.012774 
0.033159 0.038610 0.032860 0.037371 0.032281 0.033985 0.032553 0.036883 0.034509 0.031645 0.033812 0.033712 0.588621 
0.072598 0.078339 0.075817 0.076246 0.068030 0.066071 0.077294 0.085109 0.075454 0.084868 0.087270 0.081334 0.071568 
Document 55
0.003382 0.003793 0.003748 0.004089 0.003974 0.003408 0.130651 0.003148 0.003412 0.003774 0.639082 0.193684 0.003856 
0.012438 0.014483 0.012326 0.847208 0.012109 0.012748 0.012211 0.013835 0.012945 0.011870 0.012683 0.012646 0.012498 
0.016649 0.017966 0.017388 0.017486 0.015602 0.015153 0.017726 0.019519 0.531080 0.276351 0.020014 0.018653 0.016413 
Document 56
0.210439 0.006125 0.006053 0.006604 0.006418 0.620433 0.006015 0.005084 0.005510 0.108582 0.007190 0.005321 0.006228 
0.004327 0.005038 0.004288 0.004876 0.004212 0.004435 0.221626 0.004813 0.004503 0.511345 0.004412 0.004399 0.221726 
0.072598 0.078339 0.075817 0.076246 0.068030 0.066071 0.077294 0.085109 0.075454 0.084868 0.087270 0.081334 0.071568 
Document 57
0.006870 0.910091 0.007613 0.008306 0.008072 0.006922 0.007566 0.006395 0.006931 0.007665 0.009043 0.006692 0.007834 
0.008780 0.010224 0.008701 0.745101 0.008548 0.008999 0.008620 0.009767 0.009138 0.008380 0.155994 0.008927 0.008823 
0.072598 0.078339 0.075817 0.076246 0.068030 0.066071 0.077294 0.085109 0.075454 0.084868 0.087270 0.081334 0.071568 
Document 58
0.070383 0.078928 0.077993 0.085093 0.082695 0.070910 0.077507 0.065509 0.071001 0.078526 0.092644 0.068560 0.080250 
0.007655 0.008913 0.007586 0.008627 0.007452 0.007845 0.007515 0.264898 0.007966 0.007305 0.007806 0.648740 0.007692 
0.003622 0.003909 0.003783 0.003804 0.003394 0.003297 0.059745 0.507244 0.003765 0.116012 0.004354 0.004058 0.283014 
Document 59
0.070383 0.078928 0.077993 0.085093 0.082695 0.070910 0.077507 0.065509 0.071001 0.078526 0.092644 0.068560 0.080250 
0.008780 0.010224 0.008701 0.009896 0.008548 0.008999 0.890866 0.009767 0.009138 0.008380 0.008953 0.008927 0.008823 
0.034242 0.036950 0.035761 0.035963 0.032087 0.559496 0.036457 0.040143 0.035589 0.040029 0.041163 0.038363 0.033756 
Document 60
0.014185 0.015907 0.015718 0.017149 0.016666 0.014291 0.015620 0.013202 0.014309 0.015826 0.018671 0.812282 0.016173 
0.012438 0.222780 0.637219 0.014018 0.012109 0.012748 0.012211 0.013835 0.012945 0.011870 0.012683 0.012646 0.012498 
0.013247 0.014294 0.013834 0.013912 0.012413 0.012056 0.014103 0.015529 0.013768 0.015485 0.015924 0.014841 0.830595 
Document 61
0.014185 0.015907 0.281873 0.017149 0.016666 0.014291 0.015620 0.013202 0.014309 0.015826 0.550981 0.013817 0.016173 
0.012438 0.222780 0.012326 0.014018 0.012109 0.012748 0.012211 0.013835 0.012945 0.011870 0.012683 0.012646 0.637391 
0.072598 0.078339 0.075817 0.076246 0.068030 0.066071 0.077294 0.085109 0.075454 0.084868 0.087270 0.081334 0.071568 
Document 62
0.004954 0.005556 0.005490 0.005990 0.005821 0.004991 0.005456 0.004611 0.004998 0.005528 0.006521 0.004826 0.935258 
0.003016 0.003511 0.154497 0.003399 0.002936 0.003091 0.002961 0.003354 0.003139 0.002878 0.003075 0.003066 0.811077 
0.072598 0.078339 0.075817 0.076246 0.068030 0.066071 0.077294 0.085109 0.075454 0.084868 0.087270 0.081334 0.071568 
Document 63
0.001490 0.113537 0.001652 0.001802 0.001751 0.001502 0.001641 0.001387 0.001504 0.281327 0.001962 0.001452 0.588994 
0.001110 0.001292 0.001100 0.001251 0.001080 0.001138 0.131199 0.001235 0.001155 0.112582 0.001132 0.484392 0.261334 
0.003837 0.004140 0.004007 0.004029 0.003595 0.003492 0.004085 0.004498 0.003988 0.478061 0.123006 0.004298 0.358964 
Document 64
0.009257 0.010381 0.010258 0.011192 0.010876 0.009326 0.010194 0.008616 0.009338 0.010328 0.012185 0.009017 0.879031 
0.002314 0.002695 0.157327 0.002608 0.002253 0.002372 0.428615 0.002574 0.002409 0.002209 0.389945 0.002353 0.002326 
0.022405 0.024177 0.023398 0.023531 0.020995 0.020391 0.023854 0.026266 0.714671 0.026192 0.026933 0.025101 0.022087 
Document 65
0.002841 0.323063 0.003149 0.003435 0.003338 0.002863 0.216380 0.322522 0.002866 0.003170 0.003740 0.109393 0.003240 
0.135846 0.008913 0.776735 0.008627 0.007452 0.007845 0.007515 0.008515 0.007966 0.007305 0.007806 0.007782 0.007692 
0.034242 0.036950 0.035761 0.035963 0.032087 0.031164 0.036457 0.040143 0.035589 0.040029 0.041163 0.038363 0.562089 
Document 66
0.303867 0.452815 0.008740 0.009536 0.009267 0.007946 0.008685 0.007341 0.007956 0.008800 0.158372 0.007683 0.008993 
0.007655 0.008913 0.392160 0.521393 0.007452 0.007845 0.007515 0.008515 0.007966 0.007305 0.007806 0.007782 0.007692 
0.072598 0.078339 0.075817 0.076246 0.068030 0.066071 0.077294 0.085109 0.075454 0.084868 0.087270 0.081334 0.071568 
Document 67
0.004178 0.004685 0.004629 0.005051 0.161682 0.082596 0.004600 0.630985 0.082601 0.004661 0.005499 0.004069 0.004763 
0.001878 0.253752 0.159089 0.002116 0.001828 0.001925 0.001843 0.002089 0.001954 0.159021 0.001915 0.410703 0.001887 
0.002503 0.234426 0.002614 0.002629 0.002346 0.002278 0.195769 0.080176 0.466052 0.002926 0.003009 0.002804 0.002468 
Document 68
0.009257 0.878857 0.010258 0.011192 0.010876 0.009326 0.010194 0.008616 0.009338 0.010328 0.012185 0.009017 0.010555 
0.006785 0.007900 0.006724 0.007647 0.915611 0.006954 0.006661 0.007547 0.007061 0.006475 0.006919 0.006898 0.006818 
0.010999 0.011868 0.011486 0.011551 0.010306 0.010010 0.011710 0.012894 0.859932 0.012857 0.013221 0.012322 0.010842 
Document 69
0.221410 0.643185 0.012414 0.013544 0.013163 0.011287 0.012337 0.010427 0.011301 0.012499 0.014746 0.010913 0.012774 
0.003779 0.004400 0.003745 0.004259 0.699845 0.003873 0.003710 0.004204 0.003933 0.003607 0.003854 0.256994 0.003797 
0.072598 0.078339 0.075817 0.076246 0.068030 0.066071 0.077294 0.085109 0.075454 0.084868 0.087270 0.081334 0.071568 
Document 70
0.001853 0.002078 0.558436 0.002241 0.002177 0.071415 0.071589 0.140820 0.140965 0.002068 0.002439 0.001805 0.002113 
0.001395 0.001624 0.001383 0.001572 0.001358 0.001430 0.001370 0.001552 0.001452 0.234972 0.351883 0.001418 0.398591 
0.099208 0.002264 0.002191 0.325904 0.034336 0.293240 0.002234 0.002460 0.002180 0.002453 0.229112 0.002350 0.002068 
Document 71
0.003382 0.003793 0.003748 0.131015 0.003974 0.003408 0.828744 0.003148 0.003412 0.003774 0.004452 0.003295 0.003856 
0.006785 0.916906 0.006724 0.007647 0.006605 0.006954 0.006661 0.007547 0.007061 0.006475 0.006919 0.006898 0.006818 
0.006551 0.007069 0.006842 0.006881 0.006139 0.005962 0.006975 0.007680 0.006809 0.917416 0.007876 0.007340 0.006458 
Document 72
0.232258 0.278518 0.048676 0.002961 0.416534 0.002468 0.002697 0.002280 0.002471 0.002733 0.003224 0.002386 0.002793 
0.002004 0.002333 0.001986 0.002258 0.001951 0.002054 0.673089 0.035785 0.002085 0.001912 0.002043 0.002037 0.270462 
0.001412 0.001524 0.001475 0.001483 0.001323 0.197395 0.001504 0.132395 0.001468 0.655349 0.001698 0.001582 0.001392 
Document 73
0.009257 0.010381 0.010258 0.011192 0.010876 0.009326 0.010194 0.877092 0.009338 0.010328 0.012185 0.009017 0.010555 
0.003779 0.004400 0.003745 0.004259 0.003679 0.003873 0.003710 0.004204 0.003933 0.003607 0.003854 0.953160 0.003797 
0.005450 0.005881 0.005691 0.005724 0.005107 0.425384 0.005802 0.006389 0.257919 0.006371 0.006551 0.006105 0.257627 
Document 74
0.280340 0.015907 0.015718 0.017149 0.016666 0.014291 0.015620 0.013202 0.014309 0.015826 0.018671 0.013817 0.548483 
0.003016 0.003511 0.053491 0.003399 0.002936 0.306109 0.154469 0.003354 0.003139 0.002878 0.003075 0.003066 0.457557 
0.005450 0.005881 0.005691 0.005724 0.005107 0.004960 0.005802 0.006389 0.426088 0.510880 0.006551 0.006105 0.005372 
Document 75
0.030329 0.034011 0.033609 0.036668 0.035634 0.030556 0.033399 0.597313 0.030595 0.033838 0.039922 0.029543 0.034581 
0.003176 0.003698 0.588228 0.109958 0.003092 0.003255 0.003118 0.003533 0.056495 0.003031 0.003239 0.162797 0.056381 
0.002960 0.140226 0.048769 0.003109 0.002774 0.002694 0.003152 0.003471 0.414172 0.368879 0.003559 0.003317 0.002918 
Document 76
0.070383 0.078928 0.077993 0.085093 0.082695 0.070910 0.077507 0.065509 0.071001 0.078526 0.092644 0.068560 0.080250 
0.012438 0.014483 0.012326 0.014018 0.012109 0.012748 0.012211 0.013835 0.012945 0.011870 0.012683 0.845836 0.012498 
0.005450 0.005881 0.005691 0.005724 0.005107 0.341299 0.005802 0.006389 0.005664 0.006371 0.174721 0.006105 0.425797 
Document 77
0.011203 0.012563 0.012414 0.013544 0.013163 0.011287 0.012337 0.010427 0.011301 0.012499 0.435161 0.431327 0.012774 
0.010294 0.011986 0.010201 0.011602 0.527189 0.010550 0.010106 0.356229 0.010713 0.009824 0.010497 0.010466 0.010344 
0.034242 0.036950 0.035761 0.035963 0.032087 0.031164 0.036457 0.040143 0.035589 0.040029 0.041163 0.038363 0.562089 
Document 78
0.006870 0.007704 0.265438 0.008306 0.008072 0.393659 0.007566 0.006395 0.006931 0.007665 0.009043 0.264517 0.007834 
0.904996 0.008913 0.007586 0.008627 0.007452 0.007845 0.007515 0.008515 0.007966 0.007305 0.007806 0.007782 0.007692 
0.010999 0.011868 0.011486 0.011551 0.010306 0.010010 0.011710 0.012894 0.690232 0.182558 0.013221 0.012322 0.010842 
Document 79
0.070383 0.078928 0.077993 0.085093 0.082695 0.070910 0.077507 0.065509 0.071001 0.078526 0.092644 0.068560 0.080250 
0.239025 0.005432 0.004623 0.005257 0.004541 0.004781 0.629539 0.005189 0.004855 0.004452 0.004757 0.004743 0.082807 
0.005950 0.098225 0.006214 0.006249 0.005576 0.005415 0.006335 0.006975 0.281597 0.006956 0.007152 0.006666 0.556691 
Document 80
0.009257 0.010381 0.878734 0.011192 0.010876 0.009326 0.010194 0.008616 0.009338 0.010328 0.012185 0.009017 0.010555 
0.015710 0.018293 0.015569 0.017706 0.804597 0.016102 0.015423 0.017475 0.016350 0.014994 0.016020 0.015973 0.015787 
0.005950 0.006420 0.740647 0.006249 0.005576 0.005415 0.098139 0.006975 0.006184 0.006956 0.007152 0.006666 0.097670 
Document 81
0.002841 0.003186 0.163087 0.003435 0.003338 0.002863 0.003129 0.535773 0.002866 0.003170 0.003740 0.002768 0.269804 
0.000982 0.001144 0.000973 0.001107 0.132533 0.001007 0.264118 0.001092 0.198388 0.000937 0.001001 0.362836 0.033881 
0.101894 0.001753 0.202234 0.001706 0.001522 0.001479 0.001730 0.001905 0.252361 0.001899 0.428096 0.001820 0.001602 
Document 82
0.014185 0.015907 0.015718 0.017149 0.016666 0.014291 0.015620 0.811667 0.014309 0.015826 0.018671 0.013817 0.016173 
0.010294 0.011986 0.010201 0.011602 0.010021 0.355329 0.010106 0.011450 0.010713 0.009824 0.527665 0.010466 0.010344 
0.034242 0.036950 0.035761 0.035963 0.032087 0.031164 0.036457 0.040143 0.035589 0.040029 0.041163 0.566695 0.033756 
Document 83
0.070383 0.078928 0.077993 0.085093 0.082695 0.070910 0.077507 0.065509 0.071001 0.078526 0.092644 0.068560 0.080250 
0.015710 0.807596 0.015569 0.017706 0.015295 0.016102 0.015423 0.017475 0.016350 0.014994 0.016020 0.015973 0.015787 
0.010999 0.011868 0.011486 0.011551 0.010306 0.010010 0.520810 0.012894 0.011431 0.352258 0.013221 0.012322 0.010842 
Document 84
0.004533 0.005083 0.005023 0.770968 0.005326 0.004567 0.004992 0.004219 0.004573 0.005057 0.005967 0.004415 0.175277 
0.007655 0.008913 0.904927 0.008627 0.007452 0.007845 0.007515 0.008515 0.007966 0.007305 0.007806 0.007782 0.007692 
0.005027 0.005425 0.548191 0.005280 0.004711 0.004575 0.005352 0.083456 0.005225 0.005877 0.006043 0.315884 0.004956 
Document 85
0.006870 0.007704 0.007613 0.008306 0.008072 0.006922 0.007566 0.006395 0.006931 0.910052 0.009043 0.006692 0.007834 
0.003554 0.004138 0.003522 0.004006 0.360585 0.003643 0.301094 0.003953 0.003699 0.181955 0.003624 0.003613 0.122613 
0.034242 0.036950 0.035761 0.035963 0.560420 0.031164 0.036457 0.040143 0.035589 0.040029 0.041163 0.038363 0.033756 
Document 86
0.005462 0.006125 0.006053 0.621534 0.006418 0.005503 0.006015 0.005084 0.005510 0.006094 0.007190 0.005321 0.313693 
0.003176 0.163266 0.003147 0.003580 0.003092 0.003255 0.003118 0.801370 0.003305 0.003031 0.003239 0.003229 0.003191 
0.022405 0.024177 0.023398 0.023531 0.020995 0.020391 0.023854 0.026266 0.023286 0.026192 0.026933 0.716485 0.022087 
Document 87
0.070383 0.078928 0.077993 0.085093 0.082695 0.070910 0.077507 0.065509 0.071001 0.078526 0.092644 0.068560 0.080250 
0.005529 0.006437 0.005479 0.006231 0.005382 0.005666 0.005428 0.006150 0.005754 0.005276 0.005638 0.931476 0.005555 
0.299563 0.010146 0.009820 0.009875 0.008811 0.008558 0.590331 0.011023 0.009773 0.010992 0.011303 0.010534 0.009269 
Document 88
0.007887 0.008845 0.008740 0.453506 0.009267 0.007946 0.008685 0.007341 0.451927 0.008800 0.010382 0.007683 0.008993 
0.010294 0.011986 0.010201 0.011602 0.010021 0.010550 0.010106 0.873397 0.010713 0.009824 0.010497 0.010466 0.010344 
0.008212 0.008861 0.515370 0.008624 0.007695 0.007473 0.008743 0.009627 0.008535 0.009599 0.009871 0.389296 0.008095 
Document 89
0.070383 0.078928 0.077993 0.085093 0.082695 0.070910 0.077507 0.065509 0.071001 0.078526 0.092644 0.068560 0.080250 
0.220736 0.014483 0.012326 0.430613 0.012109 0.012748 0.012211 0.013835 0.012945 0.011870 0.012683 0.220943 0.012498 
0.013247 0.014294 0.013834 0.013912 0.012413 0.012056 0.014103 0.833066 0.013768 0.015485 0.015924 0.014841 0.013058 
Document 90
0.011203 0.012563 0.012414 0.013544 0.013163 0.011287 0.012337 0.851256 0.011301 0.012499 0.014746 0.010913 0.012774 
0.366624 0.005038 0.004288 0.004876 0.004212 0.004435 0.004248 0.294651 0.221881 0.004129 0.004412 0.004399 0.076807 
0.002503 0.002701 0.002614 0.157112 0.002346 0.002278 0.002665 0.002934 0.157085 0.157410 0.505080 0.002804 0.002468 
Document 91
0.006086 0.006825 0.006744 0.007358 0.007150 0.234515 0.006702 0.690814 0.006139 0.006790 0.008011 0.005928 0.006939 
0.004327 0.005038 0.004288 0.004876 0.004212 0.004435 0.004248 0.656948 0.004503 0.004129 0.004412 0.294237 0.004348 
0.002410 0.262894 0.151256 0.002531 0.002258 0.002193 0.002566 0.002825 0.002505 0.002817 0.077267 0.002700 0.485778 
Document 92
0.009257 0.010381 0.010258 0.011192 0.010876 0.183022 0.010194 0.008616 0.009338 0.010328 0.012185 0.703798 0.010555 
0.012438 0.014483 0.637219 0.014018 0.012109 0.012748 0.012211 0.013835 0.012945 0.011870 0.012683 0.012646 0.220796 
0.010999 0.011868 0.350887 0.011551 0.010306 0.010010 0.011710 0.182594 0.011431 0.012857 0.352622 0.012322 0.010842 
Document 93
0.006086 0.006825 0.006744 0.007358 0.007150 0.006131 0.120893 0.005664 0.006139 0.006790 0.008011 0.005928 0.806280 
0.006093 0.007094 0.006038 0.006867 0.005931 0.006244 0.005981 0.006777 0.006341 0.005815 0.108245 0.006194 0.822380 
0.009403 0.010146 0.009820 0.009875 0.008811 0.008558 0.010011 0.011023 0.009773 0.010992 0.881783 0.010534 0.009269 
Document 94
0.003874 0.004344 0.004293 0.513508 0.004552 0.003903 0.004266 0.003606 0.003908 0.149700 0.005099 0.294530 0.004417 
0.004665 0.005432 0.004623 0.005257 0.551381 0.004781 0.004580 0.005189 0.004855 0.238812 0.004757 0.004743 0.160927 
0.005950 0.006420 0.006214 0.006249 0.005576 0.005415 0.006335 0.006975 0.006184 0.006956 0.374369 0.006666 0.556691 
Document 95
0.744700 0.021676 0.021419 0.023369 0.022710 0.019474 0.021286 0.017991 0.019499 0.021566 0.025443 0.018828 0.022039 
0.007655 0.008913 0.135777 0.008627 0.007452 0.007845 0.007515 0.008515 0.777116 0.007305 0.007806 0.007782 0.007692 
0.072598 0.078339 0.075817 0.076246 0.068030 0.066071 0.077294 0.085109 0.075454 0.084868 0.087270 0.081334 0.071568 
Document 96
0.019329 0.021676 0.021419 0.023369 0.022710 0.019474 0.021286 0.017991 0.019499 0.746937 0.025443 0.018828 0.022039 
0.004034 0.477644 0.003998 0.004547 0.003928 0.071699 0.071525 0.004488 0.004199 0.341669 0.004114 0.004102 0.004054 
0.034242 0.565283 0.035761 0.035963 0.032087 0.031164 0.036457 0.040143 0.035589 0.040029 0.041163 0.038363 0.033756 
Document 97
0.030329 0.034011 0.033609 0.036668 0.035634 0.030556 0.033399 0.028229 0.030595 0.602923 0.039922 0.029543 0.034581 
0.005529 0.006437 0.005479 0.006231 0.005382 0.005666 0.005428 0.006150 0.005754 0.005276 0.375980 0.283377 0.283312 
0.010999 0.011868 0.011486 0.011551 0.349707 0.010010 0.011710 0.012894 0.011431 0.012857 0.182922 0.012322 0.350243 
Document 98
0.070383 0.078928 0.077993 0.085093 0.082695 0.070910 0.077507 0.065509 0.071001 0.078526 0.092644 0.068560 0.080250 
0.003354 0.003906 0.003324 0.003781 0.003266 0.003438 0.003293 0.003731 0.003491 0.003201 0.621370 0.340474 0.003371 
0.004352 0.071843 0.004545 0.004571 0.004078 0.272548 0.138927 0.005102 0.004523 0.005087 0.475259 0.004876 0.004290 
Document 99
0.003611 0.207340 0.004002 0.004366 0.004243 0.003638 0.003977 0.003361 0.003643 0.004029 0.546862 0.003518 0.207408 
0.012438 0.014483 0.012326 0.014018 0.012109 0.012748 0.012211 0.847026 0.012945 0.011870 0.012683 0.012646 0.012498 
0.022405 0.024177 0.023398 0.023531 0.020995 0.020391 0.369546 0.026266 0.368979 0.026192 0.026933 0.025101 0.022087 
Document 100
0.003001 0.003366 0.059641 0.003629 0.341417 0.003024 0.341196 0.228054 0.003028 0.003349 0.003951 0.002924 0.003422 
0.004665 0.005432 0.082743 0.005257 0.004541 0.004781 0.004580 0.005189 0.004855 0.863772 0.004757 0.004743 0.004687 
0.675820 0.004696 0.004545 0.273158 0.004078 0.003961 0.004633 0.005102 0.004523 0.005087 0.005231 0.004876 0.004290 
Document 101
0.019329 0.021676 0.021419 0.023369 0.022710 0.019474 0.021286 0.017991 0.744870 0.021566 0.025443 0.018828 0.022039 
0.012438 0.014483 0.012326 0.430613 0.012109 0.012748 0.012211 0.013835 0.012945 0.428466 0.012683 0.012646 0.012498 
0.072598 0.078339 0.075817 0.076246 0.068030 0.066071 0.077294 0.085109 0.075454 0.084868 0.087270 0.081334 0.071568 
Document 102
0.014185 0.015907 0.015718 0.017149 0.016666 0.014291 0.015620 0.811667 0.014309 0.015826 0.018671 0.013817 0.016173 
0.005060 0.005892 0.513453 0.259922 0.004926 0.005186 0.004968 0.005628 0.005266 0.004829 0.005160 0.174624 0.005085 
0.072598 0.078339 0.075817 0.076246 0.068030 0.066071 0.077294 0.085109 0.075454 0.084868 0.087270 0.081334 0.071568 
Document 103
0.030329 0.034011 0.602693 0.036668 0.035634 0.030556 0.033399 0.028229 0.030595 0.033838 0.039922 0.029543 0.034581 
0.015710 0.018293 0.804871 0.017706 0.015295 0.016102 0.015423 0.017475 0.016350 0.014994 0.016020 0.015973 0.015787 
0.006551 0.007069 0.815515 0.006881 0.107223 0.005962 0.006975 0.007680 0.006809 0.007659 0.007876 0.007340 0.006458 
Document 104
0.070383 0.078928 0.077993 0.085093 0.082695 0.070910 0.077507 0.065509 0.071001 0.078526 0.092644 0.068560 0.080250 
0.005060 0.005892 0.005014 0.005703 0.682845 0.005186 0.004968 0.005628 0.005266 0.259049 0.005160 0.005145 0.005085 
0.010999 0.011868 0.011486 0.011551 0.689107 0.010010 0.011710 0.012894 0.011431 0.012857 0.013221 0.182022 0.010842 
Document 105
0.030329 0.034011 0.033609 0.036668 0.035634 0.030556 0.033399 0.028229 0.599680 0.033838 0.039922 0.029543 0.034581 
0.007655 0.008913 0.776735 0.008627 0.007452 0.007845 0.135706 0.008515 0.007966 0.007305 0.007806 0.007782 0.007692 
0.072598 0.078339 0.075817 0.076246 0.068030 0.066071 0.077294 0.085109 0.075454 0.084868 0.087270 0.081334 0.071568 
Document 106
0.070383 0.078928 0.077993 0.085093 0.082695 0.070910 0.077507 0.065509 0.071001 0.078526 0.092644 0.068560 0.080250 
0.004327 0.005038 0.583963 0.004876 0.366509 0.004435 0.004248 0.004813 0.004503 0.004129 0.004412 0.004399 0.004348 
0.003622 0.003909 0.339114 0.003804 0.003394 0.003297 0.003857 0.004246 0.003765 0.395454 0.004354 0.004058 0.227125 
Document 107
0.009257 0.010381 0.010258 0.011192 0.010876 0.009326 0.183889 0.008616 0.009338 0.010328 0.012185 0.703798 0.010555 
0.003779 0.004400 0.003745 0.004259 0.003679 0.003873 0.003710 0.004204 0.003933 0.003607 0.003854 0.889872 0.067085 
0.009403 0.010146 0.154900 0.009875 0.008811 0.008558 0.010011 0.011023 0.009773 0.010992 0.156383 0.010534 0.589590 
Document 108
0.070383 0.078928 0.077993 0.085093 0.082695 0.070910 0.077507 0.065509 0.071001 0.078526 0.092644 0.068560 0.080250 
0.005529 0.006437 0.005479 0.006231 0.005382 0.005666 0.005428 0.561663 0.005754 0.005276 0.005638 0.005621 0.375897 
0.072598 0.078339 0.075817 0.076246 0.068030 0.066071 0.077294 0.085109 0.075454 0.084868 0.087270 0.081334 0.071568 
Document 109
