d_0 d0 0.168724 0.514403 0.316872 
d_1 d1 0.278912 0.605442 0.115646 
d_2 d2 0.092063 0.701587 0.206349 
d_3 d3 0.442177 0.523810 0.034014 
d_4 d4 0.333333 0.484277 0.182390 
d_5 d5 0.680365 0.077626 0.242009 
d_6 d6 0.115646 0.687075 0.197279 
d_7 d7 0.408805 0.257862 0.333333 
d_8 d8 0.158470 0.814208 0.027322 
d_9 d9 0.242009 0.680365 0.077626 
d_10 d10 0.656566 0.292929 0.050505 
d_11 d11 0.647940 0.198502 0.153558 
d_12 d12 0.551913 0.420765 0.027322 
d_13 d13 0.490196 0.443137 0.066667 
d_14 d14 0.139629 0.536723 0.323648 
d_15 d15 0.185185 0.732194 0.082621 
d_16 d16 0.261261 0.585586 0.153153 
d_17 d17 0.097606 0.650092 0.252302 
d_18 d18 0.595442 0.287749 0.116809 
d_19 d19 0.362007 0.362007 0.275986 
d_20 d20 0.185185 0.766382 0.048433 
d_21 d21 0.051988 0.639144 0.308869 
d_22 d22 0.292929 0.414141 0.292929 
d_23 d23 0.099656 0.553265 0.347079 
d_24 d24 0.730994 0.169591 0.099415 
d_25 d25 0.021645 0.956710 0.021645 
d_26 d26 0.214815 0.659259 0.125926 
d_27 d27 0.034014 0.768707 0.197279 
d_28 d28 0.461187 0.515982 0.022831 
d_29 d29 0.242009 0.625571 0.132420 
d_30 d30 0.442177 0.523810 0.034014 
d_31 d31 0.127695 0.744610 0.127695 
d_32 d32 0.396825 0.244444 0.358730 
d_33 d33 0.182390 0.635220 0.182390 
d_34 d34 0.226667 0.706667 0.066667 
d_35 d35 0.099415 0.730994 0.169591 
d_36 d36 0.140097 0.603865 0.256039 
d_37 d37 0.594502 0.058419 0.347079 
d_38 d38 0.271795 0.579487 0.148718 
d_39 d39 0.031447 0.937107 0.031447 
d_40 d40 0.057471 0.471264 0.471264 
d_41 d41 0.226667 0.226667 0.546667 
d_42 d42 0.321937 0.663818 0.014245 
d_43 d43 0.301961 0.678431 0.019608 
d_44 d44 0.304136 0.362530 0.333333 
d_45 d45 0.271795 0.333333 0.394872 
d_46 d46 0.517949 0.271795 0.210256 
d_47 d47 0.204040 0.204040 0.591919 
d_48 d48 0.441441 0.484685 0.073874 
d_49 d49 0.257862 0.710692 0.031447 
d_50 d50 0.214521 0.650165 0.135314 
d_51 d51 0.764103 0.148718 0.087179 
d_52 d52 0.031447 0.559748 0.408805 
d_53 d53 0.723577 0.040650 0.235772 
d_54 d54 0.546667 0.066667 0.386667 
d_55 d55 0.448029 0.146953 0.405018 
d_56 d56 0.017921 0.620072 0.362007 
d_57 d57 0.380117 0.520468 0.099415 
d_58 d58 0.016502 0.214521 0.768977 
d_59 d59 0.414141 0.050505 0.535354 
d_60 d60 0.360544 0.278912 0.360544 
d_61 d61 0.050505 0.656566 0.292929 
d_62 d62 0.311295 0.674931 0.013774 
d_63 d63 0.307997 0.593032 0.098971 
d_64 d64 0.223058 0.704261 0.072682 
d_65 d65 0.198777 0.382263 0.418960 
d_66 d66 0.169591 0.730994 0.099415 
d_67 d67 0.251504 0.583634 0.164862 
d_68 d68 0.437229 0.333333 0.229437 
d_69 d69 0.020576 0.810700 0.168724 
d_70 d70 0.172016 0.497942 0.330041 
d_71 d71 0.343358 0.463659 0.192982 
d_72 d72 0.212121 0.367965 0.419913 
d_73 d73 0.198966 0.602067 0.198966 
d_74 d74 0.041363 0.566910 0.391727 
d_75 d75 0.010101 0.446465 0.543434 
d_76 d76 0.025641 0.887179 0.087179 
d_77 d77 0.659259 0.125926 0.214815 
d_78 d78 0.218107 0.761317 0.020576 
d_79 d79 0.017921 0.792115 0.189964 
d_80 d80 0.229437 0.125541 0.645022 
d_81 d81 0.189570 0.443270 0.367160 
d_82 d82 0.333333 0.528455 0.138211 
d_83 d83 0.045045 0.369369 0.585586 
d_84 d84 0.237333 0.333333 0.429333 
d_85 d85 0.491749 0.452145 0.056106 
d_86 d86 0.344353 0.443526 0.212121 
d_87 d87 0.024155 0.487923 0.487923 
d_88 d88 0.489177 0.385281 0.125541 
d_89 d89 0.045045 0.477477 0.477477 
d_90 d90 0.402697 0.356455 0.240848 
d_91 d91 0.112263 0.236615 0.651123 
d_92 d92 0.289617 0.027322 0.683060 
d_93 d93 0.388316 0.470790 0.140893 
d_94 d94 0.287356 0.397701 0.314943 
d_95 d95 0.235772 0.626016 0.138211 
d_96 d96 0.022831 0.954338 0.022831 
d_97 d97 0.140097 0.603865 0.256039 
d_98 d98 0.136951 0.571059 0.291990 
d_99 d99 0.725490 0.019608 0.254902 
d_100 d100 0.325800 0.393597 0.280603 
d_101 d101 0.333333 0.609195 0.057471 
d_102 d102 0.158470 0.551913 0.289617 
d_103 d103 0.239766 0.309942 0.450292 
d_104 d104 0.024155 0.719807 0.256039 
d_105 d105 0.045045 0.909910 0.045045 
d_106 d106 0.013333 0.493333 0.493333 
d_107 d107 0.162080 0.822630 0.015291 
d_108 d108 0.037037 0.303704 0.659259 
d_109 d109 0.060932 0.835125 0.103943 
d_110 d110 0.291990 0.571059 0.136951 
d_111 d111 0.029240 0.730994 0.239766 
d_112 d112 0.206349 0.434921 0.358730 
d_113 d113 0.161085 0.639553 0.199362 
d_114 d114 0.141333 0.493333 0.365333 
d_115 d115 0.079890 0.741047 0.179063 
d_116 d116 0.360544 0.278912 0.360544 
d_117 d117 0.477477 0.369369 0.153153 
d_118 d118 0.702564 0.210256 0.087179 
d_119 d119 0.664303 0.323877 0.011820 
d_120 d120 0.237333 0.461333 0.301333 
d_121 d121 0.558052 0.423221 0.018727 
d_122 d122 0.217726 0.472062 0.310212 
d_123 d123 0.207843 0.584314 0.207843 
d_124 d124 0.541126 0.229437 0.229437 
d_125 d125 0.241623 0.580247 0.178131 
d_126 d126 0.037037 0.925926 0.037037 
d_127 d127 0.189964 0.405018 0.405018 
d_128 d128 0.596107 0.333333 0.070560 
d_129 d129 0.537713 0.450122 0.012165 
d_130 d130 0.450292 0.309942 0.239766 
d_131 d131 0.388316 0.553265 0.058419 
d_132 d132 0.490196 0.490196 0.019608 
d_133 d133 0.398374 0.320325 0.281301 
d_134 d134 0.656566 0.050505 0.292929 
d_135 d135 0.340700 0.517495 0.141805 
d_136 d136 0.142138 0.685535 0.172327 
d_137 d137 0.806147 0.182033 0.011820 
d_138 d138 0.120944 0.581121 0.297935 
d_139 d139 0.423221 0.063670 0.513109 
d_140 d140 0.706093 0.275986 0.017921 
d_141 d141 0.018727 0.423221 0.558052 
d_142 d142 0.025641 0.764103 0.210256 
d_143 d143 0.107071 0.640404 0.252525 
d_144 d144 0.484277 0.333333 0.182390 
d_145 d145 0.017182 0.182131 0.800687 
d_146 d146 0.029240 0.801170 0.169591 
d_147 d147 0.405018 0.448029 0.146953 
d_148 d148 0.066667 0.706667 0.226667 
d_149 d149 0.189964 0.448029 0.362007 
d_150 d150 0.177011 0.590805 0.232184 
d_151 d151 0.074935 0.757106 0.167959 
d_152 d152 0.168724 0.267490 0.563786 
d_153 d153 0.125382 0.675841 0.198777 
d_154 d154 0.207843 0.396078 0.396078 
d_155 d155 0.362007 0.189964 0.448029 
d_156 d156 0.391727 0.304136 0.304136 
d_157 d157 0.195402 0.195402 0.609195 
d_158 d158 0.050505 0.414141 0.535354 
d_159 d159 0.786164 0.106918 0.106918 
d_160 d160 0.470790 0.429553 0.099656 
d_161 d161 0.613169 0.366255 0.020576 
d_162 d162 0.321937 0.390313 0.287749 
d_163 d163 0.394872 0.456410 0.148718 
d_164 d164 0.635220 0.333333 0.031447 
d_165 d165 0.257862 0.635220 0.106918 
d_166 d166 0.198777 0.639144 0.162080 
d_167 d167 0.171717 0.292929 0.535354 
d_168 d168 0.027322 0.486339 0.486339 
d_169 d169 0.392593 0.214815 0.392593 
d_170 d170 0.087179 0.702564 0.210256 
d_171 d171 0.015873 0.511111 0.473016 
d_172 d172 0.018727 0.692884 0.288390 
d_173 d173 0.148718 0.456410 0.394872 
d_174 d174 0.420765 0.486339 0.092896 
d_175 d175 0.025641 0.641026 0.333333 
d_176 d176 0.210402 0.607565 0.182033 
d_177 d177 0.182033 0.721040 0.096927 
d_178 d178 0.521253 0.467562 0.011186 
d_179 d179 0.349020 0.631373 0.019608 
d_180 d180 0.392593 0.481481 0.125926 
d_181 d181 0.515982 0.187215 0.296804 
d_182 d182 0.333333 0.528455 0.138211 
d_183 d183 0.323877 0.437352 0.238771 
d_184 d184 0.559748 0.333333 0.106918 
d_185 d185 0.279642 0.494407 0.225951 
d_186 d186 0.318996 0.577061 0.103943 
d_187 d187 0.579487 0.148718 0.271795 
d_188 d188 0.077626 0.789954 0.132420 
d_189 d189 0.027322 0.879781 0.092896 
d_190 d190 0.491749 0.491749 0.016502 
d_191 d191 0.333333 0.609195 0.057471 
d_192 d192 0.153558 0.468165 0.378277 
d_193 d193 0.229437 0.696970 0.073593 
d_194 d194 0.057471 0.885057 0.057471 
d_195 d195 0.484277 0.182390 0.333333 
d_196 d196 0.305842 0.264605 0.429553 
d_197 d197 0.160784 0.631373 0.207843 
d_198 d198 0.394872 0.579487 0.025641 
d_199 d199 0.087179 0.825641 0.087179 
d_200 d200 0.345566 0.418960 0.235474 
d_201 d201 0.219373 0.492877 0.287749 
d_202 d202 0.205333 0.653333 0.141333 
d_203 d203 0.040650 0.723577 0.235772 
d_204 d204 0.871345 0.099415 0.029240 
d_205 d205 0.112527 0.723992 0.163482 
d_206 d206 0.570957 0.254125 0.174917 
d_207 d207 0.102757 0.734336 0.162907 
d_208 d208 0.251596 0.374202 0.374202 
d_209 d209 0.066667 0.866667 0.066667 
d_210 d210 0.341826 0.469214 0.188960 
d_211 d211 0.226667 0.706667 0.066667 
d_212 d212 0.050505 0.171717 0.777778 
d_213 d213 0.706667 0.066667 0.226667 
d_214 d214 0.456911 0.203252 0.339837 
d_215 d215 0.050505 0.050505 0.898990 
d_216 d216 0.358730 0.511111 0.130159 
d_217 d217 0.437229 0.385281 0.177489 
d_218 d218 0.414141 0.535354 0.050505 
d_219 d219 0.821138 0.138211 0.040650 
d_220 d220 0.115646 0.605442 0.278912 
d_221 d221 0.362007 0.362007 0.275986 
d_222 d222 0.256039 0.256039 0.487923 
d_223 d223 0.092896 0.879781 0.027322 
d_224 d224 0.333333 0.531353 0.135314 
d_225 d225 0.027322 0.945355 0.027322 
d_226 d226 0.603865 0.371981 0.024155 
d_227 d227 0.095710 0.491749 0.412541 
d_228 d228 0.422222 0.373737 0.204040 
d_229 d229 0.109333 0.685333 0.205333 
d_230 d230 0.559748 0.333333 0.106918 
d_231 d231 0.031447 0.635220 0.333333 
d_232 d232 0.153153 0.801802 0.045045 
d_233 d233 0.414141 0.535354 0.050505 
d_234 d234 0.011186 0.279642 0.709172 
d_235 d235 0.594074 0.274074 0.131852 
d_236 d236 0.626016 0.235772 0.138211 
d_237 d237 0.301333 0.557333 0.141333 
d_238 d238 0.018727 0.917603 0.063670 
d_239 d239 0.232184 0.259770 0.508046 
d_240 d240 0.229437 0.645022 0.125541 
d_241 d241 0.031447 0.786164 0.182390 
d_242 d242 0.635739 0.182131 0.182131 
d_243 d243 0.175483 0.407221 0.417296 
d_244 d244 0.008636 0.879102 0.112263 
d_245 d245 0.063670 0.737828 0.198502 
d_246 d246 0.175542 0.412229 0.412229 
d_247 d247 0.041363 0.858881 0.099757 
d_248 d248 0.108614 0.647940 0.243446 
d_249 d249 0.057471 0.885057 0.057471 
d_250 d250 0.125926 0.748148 0.125926 
d_251 d251 0.379576 0.379576 0.240848 
d_252 d252 0.506903 0.293886 0.199211 
d_253 d253 0.289617 0.551913 0.158470 
d_254 d254 0.246548 0.719921 0.033531 
d_255 d255 0.276768 0.397980 0.325253 
d_256 d256 0.470790 0.140893 0.388316 
d_257 d257 0.414141 0.414141 0.171717 
d_258 d258 0.031447 0.861635 0.106918 
d_259 d259 0.198502 0.647940 0.153558 
d_260 d260 0.340242 0.568221 0.091537 
d_261 d261 0.415638 0.563786 0.020576 
d_262 d262 0.257862 0.559748 0.182390 
d_263 d263 0.261261 0.045045 0.693694 
d_264 d264 0.146953 0.448029 0.405018 
d_265 d265 0.272420 0.475465 0.252115 
d_266 d266 0.333333 0.408805 0.257862 
d_267 d267 0.045045 0.693694 0.261261 
d_268 d268 0.015291 0.896024 0.088685 
d_269 d269 0.352246 0.125296 0.522459 
d_270 d270 0.748148 0.214815 0.037037 
d_271 d271 0.020576 0.810700 0.168724 
d_272 d272 0.641026 0.087179 0.271795 
d_273 d273 0.577061 0.405018 0.017921 
d_274 d274 0.087179 0.517949 0.394872 
d_275 d275 0.171717 0.292929 0.535354 
d_276 d276 0.051146 0.516755 0.432099 
d_277 d277 0.168724 0.514403 0.316872 
d_278 d278 0.373737 0.494949 0.131313 
d_279 d279 0.391557 0.216885 0.391557 
d_280 d280 0.376577 0.592793 0.030631 
d_281 d281 0.021645 0.956710 0.021645 
d_282 d282 0.706667 0.226667 0.066667 
d_283 d283 0.408805 0.182390 0.408805 
d_284 d284 0.016502 0.610561 0.372937 
d_285 d285 0.594502 0.140893 0.264605 
d_286 d286 0.238519 0.487407 0.274074 
d_287 d287 0.017182 0.759450 0.223368 
d_288 d288 0.371981 0.603865 0.024155 
d_289 d289 0.321937 0.561254 0.116809 
d_290 d290 0.698006 0.253561 0.048433 
d_291 d291 0.420765 0.355191 0.224044 
d_292 d292 0.199362 0.620415 0.180223 
d_293 d293 0.205333 0.429333 0.365333 
d_294 d294 0.545723 0.368732 0.085546 
d_295 d295 0.460317 0.460317 0.079365 
d_296 d296 0.379024 0.590862 0.030114 
d_297 d297 0.872659 0.018727 0.108614 
d_298 d298 0.486339 0.355191 0.158470 
d_299 d299 0.664783 0.280603 0.054614 
d_300 d300 0.442177 0.523810 0.034014 
d_301 d301 0.034014 0.850340 0.115646 
d_302 d302 0.130159 0.701587 0.168254 
d_303 d303 0.553265 0.429553 0.017182 
d_304 d304 0.341826 0.418259 0.239915 
d_305 d305 0.333333 0.471264 0.195402 
d_306 d306 0.295056 0.620415 0.084530 
d_307 d307 0.549206 0.396825 0.053968 
d_308 d308 0.012531 0.854637 0.132832 
d_309 d309 0.024155 0.487923 0.487923 
d_310 d310 0.141805 0.539595 0.318600 
d_311 d311 0.121839 0.783908 0.094253 
d_312 d312 0.198068 0.603865 0.198068 
d_313 d313 0.153713 0.568221 0.278066 
d_314 d314 0.031447 0.861635 0.106918 
d_315 d315 0.034014 0.442177 0.523810 
d_316 d316 0.267490 0.563786 0.168724 
d_317 d317 0.270217 0.388560 0.341223 
d_318 d318 0.168724 0.415638 0.415638 
d_319 d319 0.132420 0.680365 0.187215 
d_320 d320 0.020576 0.514403 0.465021 
d_321 d321 0.149072 0.517594 0.333333 
d_322 d322 0.390313 0.595442 0.014245 
d_323 d323 0.210256 0.641026 0.148718 
d_324 d324 0.420765 0.289617 0.289617 
d_325 d325 0.349020 0.631373 0.019608 
d_326 d326 0.034014 0.931973 0.034014 
d_327 d327 0.185185 0.595442 0.219373 
d_328 d328 0.257862 0.635220 0.106918 
d_329 d329 0.113113 0.521522 0.365365 
d_330 d330 0.182390 0.635220 0.182390 
d_331 d331 0.199465 0.793842 0.006693 
d_332 d332 0.420765 0.289617 0.289617 
d_333 d333 0.264605 0.635739 0.099656 
d_334 d334 0.299145 0.299145 0.401709 
d_335 d335 0.031308 0.583794 0.384899 
d_336 d336 0.253561 0.253561 0.492877 
d_337 d337 0.153713 0.754750 0.091537 
d_338 d338 0.130159 0.473016 0.396825 
d_339 d339 0.559748 0.408805 0.031447 
d_340 d340 0.088685 0.785933 0.125382 
d_341 d341 0.140097 0.429952 0.429952 
d_342 d342 0.077333 0.685333 0.237333 
d_343 d343 0.029240 0.450292 0.520468 
d_344 d344 0.085546 0.510324 0.404130 
d_345 d345 0.138211 0.333333 0.528455 
d_346 d346 0.130159 0.473016 0.396825 
d_347 d347 0.442177 0.034014 0.523810 
d_348 d348 0.558052 0.378277 0.063670 
d_349 d349 0.310288 0.310288 0.379424 
d_350 d350 0.125926 0.837037 0.037037 
d_351 d351 0.541126 0.177489 0.281385 
d_352 d352 0.301961 0.678431 0.019608 
d_353 d353 0.626016 0.235772 0.138211 
d_354 d354 0.125926 0.570370 0.303704 
d_355 d355 0.585586 0.369369 0.045045 
d_356 d356 0.397701 0.590805 0.011494 
d_357 d357 0.245742 0.216545 0.537713 
d_358 d358 0.420765 0.092896 0.486339 
d_359 d359 0.132420 0.844749 0.022831 
d_360 d360 0.254645 0.477596 0.267760 
d_361 d361 0.095710 0.768977 0.135314 
d_362 d362 0.069959 0.662551 0.267490 
d_363 d363 0.885057 0.057471 0.057471 
d_364 d364 0.609195 0.333333 0.057471 
d_365 d365 0.645977 0.149425 0.204598 
d_366 d366 0.135314 0.689769 0.174917 
d_367 d367 0.278912 0.687075 0.034014 
d_368 d368 0.405018 0.577061 0.017921 
d_369 d369 0.094614 0.705968 0.199418 
d_370 d370 0.365333 0.493333 0.141333 
d_371 d371 0.291990 0.571059 0.136951 
d_372 d372 0.281831 0.505007 0.213162 
d_373 d373 0.535354 0.050505 0.414141 
d_374 d374 0.487042 0.336908 0.176050 
d_375 d375 0.160784 0.490196 0.349020 
d_376 d376 0.448029 0.491039 0.060932 
d_377 d377 0.291852 0.309630 0.398519 
d_378 d378 0.197279 0.687075 0.115646 
d_379 d379 0.322997 0.354005 0.322997 
d_380 d380 0.063670 0.602996 0.333333 
d_381 d381 0.371981 0.603865 0.024155 
d_382 d382 0.198068 0.140097 0.661836 
d_383 d383 0.207843 0.537255 0.254902 
d_384 d384 0.177489 0.748918 0.073593 
d_385 d385 0.296804 0.570776 0.132420 
d_386 d386 0.587302 0.396825 0.015873 
d_387 d387 0.016502 0.927393 0.056106 
d_388 d388 0.010352 0.780538 0.209110 
d_389 d389 0.077626 0.625571 0.296804 
d_390 d390 0.103943 0.318996 0.577061 
d_391 d391 0.871345 0.099415 0.029240 
d_392 d392 0.160784 0.678431 0.160784 
d_393 d393 0.309017 0.612969 0.078014 
d_394 d394 0.141612 0.586057 0.272331 
d_395 d395 0.322997 0.664083 0.012920 
d_396 d396 0.022831 0.461187 0.515982 
d_397 d397 0.057471 0.885057 0.057471 
d_398 d398 0.025641 0.456410 0.517949 
d_399 d399 0.418960 0.565749 0.015291 
d_400 d400 0.106918 0.786164 0.106918 
d_401 d401 0.333333 0.333333 0.333333 
d_402 d402 0.017182 0.965636 0.017182 
d_403 d403 0.333333 0.570957 0.095710 
d_404 d404 0.101721 0.702660 0.195618 
d_405 d405 0.259770 0.535632 0.204598 
d_406 d406 0.301333 0.301333 0.397333 
d_407 d407 0.125296 0.635934 0.238771 
d_408 d408 0.477477 0.477477 0.045045 
d_409 d409 0.063670 0.917603 0.018727 
d_410 d410 0.037037 0.925926 0.037037 
d_411 d411 0.292929 0.656566 0.050505 
d_412 d412 0.021645 0.437229 0.541126 
d_413 d413 0.121839 0.866667 0.011494 
d_414 d414 0.092896 0.814208 0.092896 
d_415 d415 0.407683 0.437423 0.154895 
d_416 d416 0.256039 0.603865 0.140097 
d_417 d417 0.439528 0.439528 0.120944 
d_418 d418 0.026114 0.910906 0.062980 
d_419 d419 0.037037 0.925926 0.037037 
d_420 d420 0.693694 0.261261 0.045045 
d_421 d421 0.146953 0.534050 0.318996 
d_422 d422 0.484277 0.484277 0.031447 
d_423 d423 0.292929 0.656566 0.050505 
d_424 d424 0.485320 0.423143 0.091537 
d_425 d425 0.386667 0.066667 0.546667 
d_426 d426 0.159420 0.532091 0.308489 
d_427 d427 0.675841 0.235474 0.088685 
d_428 d428 0.392593 0.570370 0.037037 
d_429 d429 0.219373 0.629630 0.150997 
d_430 d430 0.110736 0.555930 0.333333 
d_431 d431 0.168254 0.663492 0.168254 
d_432 d432 0.257862 0.635220 0.106918 
d_433 d433 0.355191 0.551913 0.092896 
d_434 d434 0.260982 0.322997 0.416021 
d_435 d435 0.011820 0.408983 0.579196 
d_436 d436 0.481481 0.303704 0.214815 
d_437 d437 0.450292 0.380117 0.169591 
d_438 d438 0.730994 0.099415 0.169591 
d_439 d439 0.191740 0.793510 0.014749 
d_440 d440 0.034014 0.768707 0.197279 
d_441 d441 0.442177 0.197279 0.360544 
d_442 d442 0.034014 0.931973 0.034014 
d_443 d443 0.081279 0.475799 0.442922 
d_444 d444 0.382263 0.418960 0.198777 
d_445 d445 0.231451 0.457364 0.311185 
d_446 d446 0.132420 0.351598 0.515982 
d_447 d447 0.125926 0.570370 0.303704 
d_448 d448 0.198966 0.633075 0.167959 
d_449 d449 0.014749 0.722714 0.262537 
d_450 d450 0.471264 0.471264 0.057471 
d_451 d451 0.014245 0.561254 0.424501 
d_452 d452 0.392593 0.481481 0.125926 
d_453 d453 0.803922 0.098039 0.098039 
d_454 d454 0.696970 0.281385 0.021645 
d_455 d455 0.017182 0.718213 0.264605 
d_456 d456 0.642185 0.280603 0.077213 
d_457 d457 0.461187 0.296804 0.242009 
d_458 d458 0.311295 0.608815 0.079890 
d_459 d459 0.490196 0.254902 0.254902 
d_460 d460 0.514403 0.465021 0.020576 
d_461 d461 0.361463 0.361463 0.277075 
d_462 d462 0.355191 0.617486 0.027322 
d_463 d463 0.177958 0.329720 0.492322 
d_464 d464 0.136556 0.411366 0.452078 
d_465 d465 0.040650 0.626016 0.333333 
d_466 d466 0.042607 0.734336 0.223058 
d_467 d467 0.517949 0.456410 0.025641 
d_468 d468 0.442177 0.442177 0.115646 
d_469 d469 0.659259 0.303704 0.037037 
d_470 d470 0.553265 0.429553 0.017182 
d_471 d471 0.471264 0.333333 0.195402 
d_472 d472 0.158470 0.748634 0.092896 
d_473 d473 0.261261 0.585586 0.153153 
d_474 d474 0.226667 0.386667 0.386667 
d_475 d475 0.305842 0.676976 0.017182 
d_476 d476 0.009634 0.657033 0.333333 
d_477 d477 0.414141 0.414141 0.171717 
d_478 d478 0.182390 0.333333 0.484277 
d_479 d479 0.140893 0.429553 0.429553 
d_480 d480 0.082126 0.545894 0.371981 
d_481 d481 0.021645 0.800866 0.177489 
d_482 d482 0.182033 0.692671 0.125296 
d_483 d483 0.314943 0.370115 0.314943 
d_484 d484 0.295508 0.408983 0.295508 
d_485 d485 0.103943 0.577061 0.318996 
d_486 d486 0.260197 0.361463 0.378340 
d_487 d487 0.140097 0.719807 0.140097 
d_488 d488 0.257862 0.635220 0.106918 
d_489 d489 0.433584 0.343358 0.223058 
d_490 d490 0.261261 0.693694 0.045045 
d_491 d491 0.182033 0.579196 0.238771 
d_492 d492 0.141612 0.429194 0.429194 
d_493 d493 0.604827 0.315234 0.079940 
d_494 d494 0.262537 0.333333 0.404130 
d_495 d495 0.535354 0.171717 0.292929 
d_496 d496 0.169591 0.169591 0.660819 
d_497 d497 0.022831 0.789954 0.187215 
d_498 d498 0.212121 0.476584 0.311295 
d_499 d499 0.303704 0.659259 0.037037 
d_500 d500 0.042607 0.764411 0.192982 
d_501 d501 0.050147 0.758112 0.191740 
d_502 d502 0.523810 0.442177 0.034014 
d_503 d503 0.260197 0.445851 0.293952 
d_504 d504 0.051988 0.639144 0.308869 
d_505 d505 0.009208 0.672192 0.318600 
d_506 d506 0.125926 0.392593 0.481481 
d_507 d507 0.282540 0.701587 0.015873 
d_508 d508 0.171717 0.292929 0.535354 
d_509 d509 0.309942 0.169591 0.520468 
d_510 d510 0.429952 0.545894 0.024155 
d_511 d511 0.719807 0.256039 0.024155 
d_512 d512 0.626016 0.333333 0.040650 
d_513 d513 0.333333 0.333333 0.333333 
d_514 d514 0.163482 0.596603 0.239915 
d_515 d515 0.523810 0.360544 0.115646 
d_516 d516 0.066667 0.546667 0.386667 
d_517 d517 0.491039 0.405018 0.103943 
d_518 d518 0.473016 0.244444 0.282540 
d_519 d520 0.034014 0.278912 0.687075 
d_520 d521 0.373434 0.493734 0.132832 
d_521 d522 0.329599 0.497666 0.172736 
d_522 d523 0.240848 0.425819 0.333333 
d_523 d524 0.314010 0.024155 0.661836 
d_524 d526 0.508046 0.177011 0.314943 
d_525 d527 0.045045 0.261261 0.693694 
d_526 d528 0.517949 0.394872 0.087179 
d_527 d529 0.020576 0.958848 0.020576 
d_528 d530 0.066667 0.866667 0.066667 
d_529 d532 0.050505 0.292929 0.656566 
d_530 d533 0.460317 0.269841 0.269841 
d_531 d534 0.109333 0.525333 0.365333 
d_532 d535 0.007974 0.199362 0.792663 
d_533 d536 0.040650 0.918699 0.040650 
d_534 d537 0.060932 0.792115 0.146953 
d_535 d538 0.079365 0.650794 0.269841 
d_536 d539 0.369369 0.585586 0.045045 
d_537 d540 0.656566 0.171717 0.171717 
d_538 d541 0.025641 0.456410 0.517949 
d_539 d543 0.179798 0.664646 0.155556 
d_540 d544 0.180696 0.652076 0.167228 
d_541 d545 0.558052 0.423221 0.018727 
d_542 d546 0.245742 0.742092 0.012165 
d_543 d547 0.435897 0.483235 0.080868 
d_544 d548 0.388316 0.553265 0.058419 
d_545 d549 0.512027 0.264605 0.223368 
d_546 d550 0.112948 0.410468 0.476584 
d_547 d551 0.119705 0.473297 0.406998 
d_548 d552 0.198068 0.487923 0.314010 
d_549 d553 0.041363 0.537713 0.420925 
d_550 d554 0.089325 0.220044 0.690632 
d_551 d555 0.333333 0.437229 0.229437 
d_552 d558 0.017921 0.663082 0.318996 
d_553 d559 0.021645 0.748918 0.229437 
d_554 d560 0.293729 0.452145 0.254125 
d_555 d562 0.343358 0.644110 0.012531 
d_556 d563 0.210256 0.394872 0.394872 
d_557 d566 0.161660 0.642346 0.195994 
d_558 d567 0.224044 0.355191 0.420765 
d_559 d568 0.408805 0.559748 0.031447 
d_560 d569 0.125541 0.645022 0.229437 
d_561 d571 0.066667 0.706667 0.226667 
d_562 d572 0.014749 0.793510 0.191740 
d_563 d575 0.394872 0.456410 0.148718 
d_564 d577 0.071982 0.630122 0.297896 
d_565 d702 0.280283 0.577365 0.142352 
d_566 d703 0.109145 0.470206 0.420649 
d_567 d704 0.443137 0.537255 0.019608 
d_568 d705 0.115010 0.472570 0.412420 
d_569 d706 0.281301 0.398374 0.320325 
d_570 d707 0.010352 0.457557 0.532091 
d_571 d708 0.102119 0.333333 0.564547 
d_572 d709 0.144715 0.261789 0.593496 
d_573 d710 0.096927 0.267139 0.635934 
d_574 d711 0.308869 0.382263 0.308869 
d_575 d712 0.014245 0.492877 0.492877 
d_576 d713 0.167186 0.354102 0.478712 
d_577 d714 0.318600 0.605893 0.075506 
d_578 d715 0.050505 0.656566 0.292929 
d_579 d716 0.303704 0.659259 0.037037 
d_580 d717 0.031447 0.333333 0.635220 
d_581 d718 0.031447 0.937107 0.031447 
d_582 d719 0.169591 0.801170 0.029240 
d_583 d720 0.025641 0.579487 0.394872 
d_584 d721 0.281385 0.541126 0.177489 
d_585 d722 0.029240 0.239766 0.730994 
d_586 d723 0.207843 0.584314 0.207843 
d_587 d724 0.135314 0.689769 0.174917 
d_588 d725 0.693694 0.261261 0.045045 
d_589 d726 0.050505 0.292929 0.656566 
d_590 d727 0.125382 0.235474 0.639144 
d_591 d728 0.113725 0.725490 0.160784 
d_592 d729 0.117117 0.614414 0.268468 
d_593 d730 0.298475 0.455338 0.246187 
d_594 d731 0.108298 0.580872 0.310830 
d_595 d732 0.188960 0.596603 0.214437 
d_596 d733 0.230203 0.296501 0.473297 
d_597 d734 0.102757 0.403509 0.493734 
d_598 d735 0.235772 0.430894 0.333333 
d_599 d736 0.007680 0.542243 0.450077 
d_600 d737 0.022831 0.515982 0.461187 
d_601 d738 0.195402 0.195402 0.609195 
d_602 d739 0.369369 0.153153 0.477477 
d_603 d740 0.045045 0.369369 0.585586 
d_604 d741 0.380117 0.450292 0.169591 
d_605 d742 0.418930 0.458436 0.122634 
d_606 d743 0.309584 0.441900 0.248516 
d_607 d744 0.060741 0.558519 0.380741 
d_608 d745 0.297935 0.227139 0.474926 
d_609 d746 0.214815 0.748148 0.037037 
d_610 d747 0.034014 0.768707 0.197279 
d_611 d748 0.015873 0.739683 0.244444 
d_612 d749 0.271795 0.702564 0.025641 
d_613 d750 0.528455 0.333333 0.138211 
d_614 d751 0.034014 0.850340 0.115646 
d_615 d752 0.171717 0.535354 0.292929 
d_616 d753 0.406393 0.296804 0.296804 
d_617 d754 0.010616 0.673036 0.316348 
d_618 d755 0.197279 0.768707 0.034014 
d_619 d756 0.719807 0.140097 0.140097 
d_620 d757 0.060932 0.706093 0.232975 
d_621 d758 0.789954 0.187215 0.022831 
d_622 d759 0.442177 0.523810 0.034014 
d_623 d760 0.138211 0.723577 0.138211 
d_624 d761 0.523810 0.034014 0.442177 
d_625 d762 0.313029 0.495770 0.191201 
d_626 d763 0.138211 0.723577 0.138211 
d_627 d764 0.197279 0.523810 0.278912 
d_628 d765 0.050505 0.656566 0.292929 
d_629 d766 0.484277 0.031447 0.484277 
d_630 d767 0.037037 0.392593 0.570370 
d_631 d768 0.885057 0.057471 0.057471 
d_632 d769 0.103943 0.878136 0.017921 
d_633 d770 0.050505 0.171717 0.777778 
d_634 d771 0.735160 0.077626 0.187215 
d_635 d772 0.050505 0.656566 0.292929 
d_636 d773 0.138211 0.430894 0.430894 
d_637 d774 0.050505 0.656566 0.292929 
d_638 d775 0.057471 0.057471 0.885057 
d_639 d776 0.040650 0.723577 0.235772 
d_640 d777 0.595442 0.185185 0.219373 
d_641 d778 0.360544 0.034014 0.605442 
d_642 d779 0.579487 0.087179 0.333333 
d_643 d780 0.333333 0.609195 0.057471 
d_644 d781 0.197279 0.115646 0.687075 
d_645 d782 0.082126 0.661836 0.256039 
d_646 d783 0.448029 0.448029 0.103943 
d_647 d784 0.660819 0.029240 0.309942 
d_648 d785 0.031447 0.937107 0.031447 
d_649 d786 0.866667 0.066667 0.066667 
d_650 d787 0.510324 0.368732 0.120944 
d_651 d788 0.323877 0.408983 0.267139 
d_652 d789 0.210256 0.579487 0.210256 
d_653 d790 0.057471 0.333333 0.609195 
d_654 d791 0.404130 0.262537 0.333333 
d_655 d792 0.045045 0.693694 0.261261 
d_656 d793 0.918699 0.040650 0.040650 
d_657 d794 0.187215 0.515982 0.296804 
d_658 d795 0.013774 0.674931 0.311295 
d_659 d796 0.343358 0.433584 0.223058 
d_660 d797 0.321937 0.390313 0.287749 
d_661 d798 0.171717 0.414141 0.414141 
d_662 d799 0.024155 0.777778 0.198068 
d_663 d800 0.182390 0.484277 0.333333 
d_664 d801 0.579487 0.394872 0.025641 
d_665 d802 0.027322 0.355191 0.617486 
d_666 d803 0.073593 0.385281 0.541126 
d_667 d804 0.108614 0.872659 0.018727 
d_668 d805 0.146953 0.577061 0.275986 
d_669 d806 0.007974 0.677831 0.314195 
d_670 d807 0.167855 0.475987 0.356158 
d_671 d808 0.269673 0.492485 0.237843 
d_672 d809 0.195402 0.609195 0.195402 
d_673 d810 0.237333 0.685333 0.077333 
d_674 d811 0.440716 0.387025 0.172260 
d_675 d812 0.046832 0.608815 0.344353 
d_676 d813 0.172260 0.655481 0.172260 
d_677 d814 0.132420 0.570776 0.296804 
d_678 d815 0.087179 0.579487 0.333333 
d_679 d816 0.022831 0.242009 0.735160 
d_680 d817 0.045045 0.153153 0.801802 
d_681 d818 0.207297 0.446103 0.346600 
d_682 d819 0.077626 0.570776 0.351598 
d_683 d820 0.343358 0.343358 0.313283 
d_684 d821 0.210980 0.530980 0.258039 
d_685 d822 0.565749 0.162080 0.272171 
d_686 d823 0.301899 0.388343 0.309758 
d_687 d824 0.060932 0.491039 0.448029 
d_688 d825 0.014749 0.722714 0.262537 
d_689 d826 0.057471 0.747126 0.195402 
d_690 d827 0.058419 0.676976 0.264605 
d_691 d828 0.141612 0.612200 0.246187 
d_692 d829 0.024155 0.661836 0.314010 
d_693 d830 0.481481 0.214815 0.303704 
d_694 d831 0.239766 0.730994 0.029240 
d_695 d832 0.821138 0.138211 0.040650 
d_696 d833 0.106918 0.484277 0.408805 
d_697 d834 0.293886 0.317554 0.388560 
d_698 d835 0.254902 0.160784 0.584314 
d_699 d836 0.471264 0.195402 0.333333 
d_700 d837 0.523810 0.115646 0.360544 
d_701 d838 0.057471 0.471264 0.471264 
d_702 d839 0.235772 0.138211 0.626016 
d_703 d840 0.394872 0.148718 0.456410 
d_704 d841 0.292929 0.050505 0.656566 
d_705 d842 0.160784 0.631373 0.207843 
d_706 d843 0.415638 0.366255 0.218107 
d_707 d844 0.034014 0.931973 0.034014 
d_708 d845 0.066667 0.706667 0.226667 
d_709 d846 0.099812 0.506591 0.393597 
d_710 d847 0.115646 0.850340 0.034014 
d_711 d848 0.617486 0.224044 0.158470 
d_712 d849 0.333333 0.257862 0.408805 
d_713 d850 0.398519 0.291852 0.309630 
d_714 d851 0.145009 0.506591 0.348399 
d_715 d852 0.022831 0.844749 0.132420 
d_716 d853 0.040650 0.918699 0.040650 
d_717 d854 0.301961 0.584314 0.113725 
d_718 d855 0.037037 0.303704 0.659259 
d_719 d856 0.092896 0.420765 0.486339 
d_720 d857 0.430894 0.040650 0.528455 
d_721 d858 0.386667 0.546667 0.066667 
d_722 d859 0.171717 0.292929 0.535354 
d_723 d860 0.024155 0.835749 0.140097 
d_724 d861 0.050505 0.898990 0.050505 
d_725 d862 0.226667 0.706667 0.066667 
d_726 d863 0.199211 0.317554 0.483235 
d_727 d864 0.207843 0.443137 0.349020 
d_728 d865 0.333333 0.635220 0.031447 
d_729 d866 0.082126 0.893720 0.024155 
d_730 d867 0.261261 0.153153 0.585586 
d_731 d868 0.125926 0.125926 0.748148 
d_732 d869 0.758112 0.191740 0.050147 
d_733 d870 0.723577 0.138211 0.138211 
d_734 d871 0.481481 0.125926 0.392593 
d_735 d872 0.036093 0.622081 0.341826 
d_736 d873 0.452145 0.174917 0.372937 
d_737 d874 0.279642 0.333333 0.387025 
d_738 d875 0.022831 0.132420 0.844749 
d_739 d876 0.050147 0.333333 0.616519 
d_740 d877 0.229437 0.281385 0.489177 
d_741 d878 0.027322 0.748634 0.224044 
d_742 d879 0.037037 0.214815 0.748148 
d_743 d880 0.169591 0.590643 0.239766 
d_744 d881 0.073593 0.489177 0.437229 
d_745 d882 0.300173 0.474266 0.225561 
d_746 d883 0.305693 0.499177 0.195130 
d_747 d884 0.270736 0.364632 0.364632 
d_748 d885 0.845333 0.109333 0.045333 
d_749 d886 0.350585 0.402341 0.247073 
d_750 d887 0.125926 0.837037 0.037037 
d_751 d888 0.260982 0.602067 0.136951 
d_752 d889 0.120944 0.616519 0.262537 
d_753 d890 0.162907 0.463659 0.373434 
d_754 d891 0.730994 0.239766 0.029240 
d_755 d892 0.292929 0.292929 0.414141 
d_756 d893 0.898990 0.050505 0.050505 
d_757 d894 0.022758 0.472557 0.504685 
d_758 d895 0.019608 0.160784 0.819608 
d_759 d896 0.066667 0.443137 0.490196 
d_760 d897 0.394872 0.271795 0.333333 
d_761 d898 0.237333 0.653333 0.109333 
d_762 d899 0.171717 0.414141 0.414141 
d_763 d900 0.531353 0.214521 0.254125 
d_764 d901 0.380117 0.169591 0.450292 
d_765 d902 0.243446 0.198502 0.558052 
d_766 d903 0.800687 0.058419 0.140893 
d_767 d904 0.197279 0.523810 0.278912 
d_768 d905 0.866667 0.066667 0.066667 
d_769 d906 0.226667 0.386667 0.386667 
d_770 d907 0.125541 0.385281 0.489177 
d_771 d908 0.885057 0.057471 0.057471 
d_772 d909 0.016502 0.293729 0.689769 
d_773 d910 0.477477 0.153153 0.369369 
d_774 d911 0.423221 0.558052 0.018727 
d_775 d912 0.106918 0.031447 0.861635 
d_776 d913 0.362530 0.187348 0.450122 
d_777 d914 0.620415 0.237640 0.141946 
d_778 d915 0.172327 0.685535 0.142138 
d_779 d916 0.045045 0.477477 0.477477 
d_780 d917 0.528455 0.430894 0.040650 
d_781 d918 0.139280 0.383412 0.477308 
d_782 d919 0.355463 0.554633 0.089903 
d_783 d920 0.050147 0.404130 0.545723 
d_784 d921 0.005464 0.516940 0.477596 
d_785 d922 0.171459 0.490948 0.337593 
d_786 d923 0.158151 0.450122 0.391727 
d_787 d924 0.024155 0.371981 0.603865 
d_788 d925 0.899543 0.022831 0.077626 
d_789 d926 0.579196 0.153664 0.267139 
d_790 d927 0.748918 0.021645 0.229437 
d_791 d928 0.687075 0.115646 0.197279 
d_792 d929 0.333333 0.333333 0.333333 
d_793 d930 0.535354 0.414141 0.050505 
d_794 d931 0.492355 0.492355 0.015291 
d_795 d932 0.210256 0.517949 0.271795 
d_796 d933 0.040650 0.821138 0.138211 
d_797 d934 0.885057 0.057471 0.057471 
d_798 d935 0.197279 0.768707 0.034014 
d_799 d936 0.125926 0.570370 0.303704 
d_800 d937 0.768707 0.115646 0.115646 
d_801 d938 0.077626 0.789954 0.132420 
d_802 d939 0.283644 0.681159 0.035197 
d_803 d940 0.352246 0.494090 0.153664 
d_804 d941 0.272171 0.345566 0.382263 
d_805 d942 0.747126 0.057471 0.195402 
d_806 d943 0.333333 0.593074 0.073593 
d_807 d944 0.057471 0.747126 0.195402 
d_808 d945 0.187215 0.680365 0.132420 
d_809 d946 0.214815 0.659259 0.125926 
d_810 d947 0.045045 0.585586 0.369369 
d_811 d948 0.489177 0.489177 0.021645 
d_812 d949 0.626016 0.333333 0.040650 
d_813 d950 0.443137 0.537255 0.019608 
d_814 d951 0.546667 0.386667 0.066667 
d_815 d952 0.031447 0.635220 0.333333 
d_816 d953 0.195402 0.609195 0.195402 
d_817 d954 0.029240 0.730994 0.239766 
d_818 d955 0.333333 0.641026 0.025641 
d_819 d956 0.037037 0.392593 0.570370 
d_820 d957 0.656566 0.171717 0.171717 
d_821 d958 0.590643 0.029240 0.380117 
d_822 d959 0.523810 0.360544 0.115646 
d_823 d960 0.458689 0.185185 0.356125 
d_824 d961 0.303704 0.303704 0.392593 
d_825 d962 0.007680 0.671275 0.321045 
d_826 d963 0.558519 0.345185 0.096296 
d_827 d964 0.801802 0.153153 0.045045 
d_828 d965 0.553265 0.305842 0.140893 
d_829 d966 0.040650 0.723577 0.235772 
d_830 d967 0.821138 0.040650 0.138211 
d_831 d968 0.066667 0.866667 0.066667 
d_832 d969 0.392593 0.570370 0.037037 
d_833 d970 0.305115 0.347443 0.347443 
d_834 d971 0.045045 0.801802 0.153153 
d_835 d972 0.254902 0.490196 0.254902 
d_836 d973 0.099415 0.590643 0.309942 
d_837 d974 0.226667 0.226667 0.546667 
d_838 d975 0.605442 0.278912 0.115646 
d_839 d976 0.496902 0.452292 0.050805 
d_840 d977 0.473016 0.282540 0.244444 
d_841 d978 0.066667 0.397701 0.535632 
d_842 d979 0.111849 0.576966 0.311185 
d_843 d980 0.112527 0.622081 0.265393 
d_844 d981 0.835749 0.140097 0.024155 
d_845 d982 0.029240 0.520468 0.450292 
d_846 d983 0.099415 0.239766 0.660819 
d_847 d984 0.513109 0.378277 0.108614 
d_848 d985 0.380117 0.239766 0.380117 
d_849 d986 0.313029 0.394247 0.292724 
d_850 d987 0.477308 0.233177 0.289515 
d_851 d988 0.214815 0.748148 0.037037 
d_852 d989 0.676976 0.305842 0.017182 
d_853 d990 0.525333 0.365333 0.109333 
d_854 d991 0.405018 0.318996 0.275986 
d_855 d992 0.607565 0.238771 0.153664 
d_856 d993 0.393597 0.348399 0.258004 
d_857 d994 0.556936 0.084886 0.358178 
d_858 d995 0.040650 0.528455 0.430894 
d_859 d996 0.168724 0.465021 0.366255 
d_860 d997 0.188960 0.392781 0.418259 
d_861 d998 0.821138 0.138211 0.040650 
d_862 d999 0.276394 0.461447 0.262159 
d_863 d1000 0.156342 0.262537 0.581121 
d_864 d1001 0.169591 0.660819 0.169591 
d_865 d1002 0.066667 0.386667 0.546667 
d_866 d1003 0.066667 0.546667 0.386667 
d_867 d1004 0.029240 0.099415 0.871345 
d_868 d1005 0.037037 0.303704 0.659259 
d_869 d1006 0.430894 0.528455 0.040650 
d_870 d1007 0.385281 0.437229 0.177489 
d_871 d1008 0.027322 0.486339 0.486339 
d_872 d1009 0.577061 0.146953 0.275986 
d_873 d1010 0.471264 0.333333 0.195402 
d_874 d1011 0.546667 0.226667 0.226667 
d_875 d1012 0.066667 0.226667 0.706667 
d_876 d1013 0.177489 0.281385 0.541126 
d_877 d1014 0.077626 0.351598 0.570776 
d_878 d1015 0.050505 0.656566 0.292929 
d_879 d1016 0.057471 0.885057 0.057471 
d_880 d1017 0.198068 0.661836 0.140097 
d_881 d1018 0.814208 0.158470 0.027322 
d_882 d1019 0.146953 0.749104 0.103943 
d_883 d1020 0.198068 0.661836 0.140097 
d_884 d1021 0.177011 0.480460 0.342529 
d_885 d1022 0.171717 0.777778 0.050505 
d_886 d1023 0.050505 0.777778 0.171717 
d_887 d1024 0.106918 0.333333 0.559748 
d_888 d1025 0.178295 0.470653 0.351052 
d_889 d1026 0.140097 0.603865 0.256039 
d_890 d1027 0.112948 0.608815 0.278237 
d_891 d1028 0.333333 0.138211 0.528455 
d_892 d1029 0.138211 0.723577 0.138211 
d_893 d1030 0.034014 0.197279 0.768707 
d_894 d1031 0.333333 0.517949 0.148718 
d_895 d1032 0.513109 0.378277 0.108614 
d_896 d1033 0.029240 0.520468 0.450292 
d_897 d1034 0.470790 0.182131 0.347079 
d_898 d1035 0.148718 0.702564 0.148718 
d_899 d1036 0.465021 0.465021 0.069959 
d_900 d1037 0.069959 0.613169 0.316872 
d_901 d1038 0.683060 0.224044 0.092896 
d_902 d1039 0.450830 0.251596 0.297573 
d_903 d1040 0.404130 0.439528 0.156342 
d_904 d1041 0.130159 0.244444 0.625397 
d_905 d1042 0.626016 0.235772 0.138211 
d_906 d1043 0.656566 0.171717 0.171717 
d_907 d1044 0.550827 0.210402 0.238771 
d_908 d1045 0.644110 0.343358 0.012531 
d_909 d1046 0.687075 0.278912 0.034014 
d_910 d1047 0.361463 0.361463 0.277075 
d_911 d1048 0.367853 0.419633 0.212513 
d_912 d1049 0.251348 0.367853 0.380798 
d_913 d1050 0.146953 0.448029 0.405018 
d_914 d1051 0.198502 0.198502 0.602996 
d_915 d1052 0.493734 0.162907 0.343358 
d_916 d1053 0.148718 0.702564 0.148718 
d_917 d1054 0.426492 0.321689 0.251820 
d_918 d1055 0.318996 0.189964 0.491039 
d_919 d1056 0.115773 0.516706 0.367521 
d_920 d1057 0.415638 0.168724 0.415638 
d_921 d1058 0.261261 0.369369 0.369369 
d_922 d1059 0.414141 0.050505 0.535354 
d_923 d1060 0.037037 0.214815 0.748148 
d_924 d1061 0.369369 0.153153 0.477477 
d_925 d1062 0.092063 0.473016 0.434921 
d_926 d1063 0.801802 0.153153 0.045045 
d_927 d1064 0.303704 0.659259 0.037037 
d_928 d1065 0.443526 0.278237 0.278237 
d_929 d1066 0.278912 0.360544 0.360544 
d_930 d1067 0.719807 0.256039 0.024155 
d_931 d1068 0.476584 0.146006 0.377410 
d_932 d1069 0.609195 0.333333 0.057471 
d_933 d1070 0.360544 0.360544 0.278912 
d_934 d1071 0.931973 0.034014 0.034014 
d_935 d1072 0.581121 0.227139 0.191740 
d_936 d1073 0.153153 0.153153 0.693694 
d_937 d1074 0.324106 0.448674 0.227220 
d_938 d1075 0.048433 0.732194 0.219373 
d_939 d1076 0.378277 0.378277 0.243446 
d_940 d1077 0.031447 0.710692 0.257862 
d_941 d1078 0.050505 0.535354 0.414141 
d_942 d1079 0.171717 0.171717 0.656566 
d_943 d1080 0.414141 0.535354 0.050505 
d_944 d1081 0.187215 0.735160 0.077626 
d_945 d1082 0.706667 0.066667 0.226667 
d_946 d1083 0.239766 0.309942 0.450292 
d_947 d1084 0.430894 0.235772 0.333333 
d_948 d1085 0.380117 0.450292 0.169591 
d_949 d1086 0.333333 0.040650 0.626016 
d_950 d1087 0.140097 0.603865 0.256039 
d_951 d1088 0.377410 0.311295 0.311295 
d_952 d1089 0.115646 0.850340 0.034014 
d_953 d1090 0.045045 0.477477 0.477477 
d_954 d1091 0.050505 0.414141 0.535354 
d_955 d1092 0.292929 0.171717 0.535354 
d_956 d1093 0.593074 0.333333 0.073593 
d_957 d1094 0.239766 0.590643 0.169591 
d_958 d1095 0.050505 0.414141 0.535354 
d_959 d1096 0.523810 0.313283 0.162907 
d_960 d1097 0.115646 0.768707 0.115646 
d_961 d1098 0.153153 0.261261 0.585586 
d_962 d1099 0.257862 0.559748 0.182390 
d_963 d1100 0.146953 0.405018 0.448029 
d_964 d1101 0.040650 0.235772 0.723577 
d_965 d1102 0.066667 0.226667 0.706667 
d_966 d1103 0.056106 0.254125 0.689769 
d_967 d1104 0.414141 0.414141 0.171717 
d_968 d1105 0.333333 0.333333 0.333333 
d_969 d1106 0.050505 0.535354 0.414141 
d_970 d1107 0.146953 0.275986 0.577061 
d_971 d1108 0.309942 0.590643 0.099415 
d_972 d1109 0.057471 0.885057 0.057471 
d_973 d1110 0.386667 0.546667 0.066667 
d_974 d1111 0.214815 0.570370 0.214815 
d_975 d1112 0.066667 0.066667 0.866667 
d_976 d1113 0.723577 0.235772 0.040650 
d_977 d1114 0.617486 0.355191 0.027322 
d_978 d1115 0.171717 0.535354 0.292929 
d_979 d1116 0.168724 0.563786 0.267490 
d_980 d1117 0.040650 0.430894 0.528455 
d_981 d1118 0.115646 0.523810 0.360544 
d_982 d1119 0.535354 0.171717 0.292929 
d_983 d1120 0.066667 0.066667 0.866667 
d_984 d1121 0.471264 0.471264 0.057471 
d_985 d1122 0.015291 0.198777 0.785933 
d_986 d1123 0.092896 0.158470 0.748634 
d_987 d1124 0.789709 0.064877 0.145414 
d_988 d1125 0.153153 0.369369 0.477477 
d_989 d1126 0.397333 0.525333 0.077333 
d_990 d1127 0.045045 0.477477 0.477477 
d_991 d1128 0.195402 0.609195 0.195402 
d_992 d1129 0.045045 0.261261 0.693694 
d_993 d1130 0.082126 0.371981 0.545894 
d_994 d1131 0.066667 0.866667 0.066667 
d_995 d1132 0.296804 0.187215 0.515982 
d_996 d1133 0.037037 0.748148 0.214815 
d_997 d1134 0.226667 0.706667 0.066667 
d_998 d1135 0.138211 0.626016 0.235772 
d_999 d1136 0.570370 0.214815 0.214815 
d_1000 d1137 0.333333 0.333333 0.333333 
d_1001 d1138 0.045045 0.153153 0.801802 
d_1002 d1139 0.198502 0.468165 0.333333 
d_1003 d1140 0.037037 0.303704 0.659259 
d_1004 d1141 0.034014 0.442177 0.523810 
d_1005 d1142 0.292929 0.050505 0.656566 
d_1006 d1143 0.777778 0.050505 0.171717 
d_1007 d1144 0.092896 0.879781 0.027322 
d_1008 d1145 0.633075 0.136951 0.229974 
d_1009 d1146 0.034014 0.360544 0.605442 
d_1010 d1147 0.037037 0.570370 0.392593 
d_1011 d1148 0.535354 0.414141 0.050505 
d_1012 d1149 0.012920 0.571059 0.416021 
d_1013 d1150 0.295508 0.380615 0.323877 
d_1014 d1151 0.040650 0.918699 0.040650 
d_1015 d1152 0.484277 0.484277 0.031447 
d_1016 d1153 0.040650 0.430894 0.528455 
d_1017 d1154 0.163482 0.520170 0.316348 
d_1018 d1155 0.702564 0.210256 0.087179 
d_1019 d1156 0.138211 0.235772 0.626016 
d_1020 d1157 0.392593 0.570370 0.037037 
d_1021 d1158 0.106918 0.257862 0.635220 
d_1022 d1159 0.656566 0.171717 0.171717 
d_1023 d1160 0.135314 0.174917 0.689769 
d_1024 d1161 0.430894 0.235772 0.333333 
d_1025 d1162 0.471264 0.471264 0.057471 
