Document 0
0.017856 0.022964 0.021434 0.024736 0.022044 0.017183 0.750593 0.014957 0.019566 0.022198 0.028390 0.016395 0.021684 
0.008423 0.010677 0.007402 0.186141 0.008375 0.008863 0.007776 0.009582 0.009671 0.627205 0.009271 0.009094 0.097521 
0.012390 0.016999 0.014624 0.014218 0.012416 0.012027 0.014377 0.017811 0.821024 0.016576 0.019223 0.015625 0.012690 
Document 1
0.017856 0.022964 0.021434 0.024736 0.022044 0.503846 0.020598 0.014957 0.019566 0.022198 0.028390 0.016395 0.265016 
0.011468 0.014538 0.010078 0.012379 0.011403 0.132604 0.010588 0.013047 0.013167 0.010257 0.012623 0.735598 0.012249 
0.037812 0.462249 0.044630 0.043392 0.037893 0.036703 0.043876 0.054356 0.043423 0.050587 0.058667 0.047684 0.038727 
Document 2
0.023599 0.030348 0.028327 0.032691 0.029133 0.022708 0.027222 0.019766 0.025858 0.029337 0.037520 0.021667 0.671824 
0.004931 0.006250 0.004333 0.005322 0.367667 0.057012 0.004552 0.005610 0.005661 0.004410 0.005427 0.523558 0.005266 
0.014315 0.019640 0.016896 0.016427 0.325057 0.013895 0.482678 0.020578 0.016439 0.019151 0.022210 0.018052 0.014661 
Document 3
0.012011 0.015446 0.014417 0.016639 0.014828 0.011558 0.013855 0.337413 0.013161 0.014932 0.019097 0.011028 0.505615 
0.424208 0.427698 0.011460 0.014076 0.012966 0.013722 0.012039 0.014836 0.014972 0.011663 0.014353 0.014080 0.013928 
0.064128 0.087986 0.075692 0.073592 0.064266 0.062248 0.074413 0.092186 0.073644 0.085795 0.099498 0.080872 0.065681 
Document 4
0.014362 0.214179 0.017239 0.019895 0.017730 0.013820 0.016567 0.012029 0.015737 0.017854 0.609962 0.013186 0.017440 
0.013040 0.016530 0.011460 0.014076 0.012966 0.013722 0.423207 0.014836 0.426140 0.011663 0.014353 0.014080 0.013928 
0.317776 0.036784 0.031644 0.030766 0.026868 0.026024 0.031110 0.038540 0.321754 0.035868 0.041597 0.033810 0.027459 
Document 5
0.005598 0.007199 0.006719 0.465434 0.006910 0.005386 0.159017 0.004689 0.006134 0.083239 0.008900 0.081419 0.159357 
0.041434 0.052523 0.036412 0.480210 0.041198 0.043601 0.038252 0.047139 0.047573 0.037057 0.045607 0.044739 0.044255 
0.568740 0.023253 0.020004 0.203379 0.016984 0.016451 0.019666 0.024363 0.019462 0.022674 0.026295 0.021373 0.017358 
Document 6
0.034785 0.044734 0.041754 0.048187 0.042942 0.033473 0.040125 0.503156 0.038115 0.043243 0.055305 0.031938 0.042242 
0.010235 0.012974 0.008994 0.011048 0.010176 0.010770 0.009449 0.011644 0.119321 0.009154 0.011265 0.226191 0.548780 
0.026810 0.618716 0.031644 0.030766 0.026868 0.026024 0.031110 0.038540 0.030788 0.035868 0.041597 0.033810 0.027459 
Document 7
0.012011 0.015446 0.178094 0.016639 0.014828 0.011558 0.013855 0.664766 0.013161 0.014932 0.019097 0.011028 0.014586 
0.022146 0.028073 0.019462 0.023905 0.254779 0.256063 0.020445 0.025195 0.025427 0.019806 0.024376 0.023912 0.256412 
0.016948 0.023253 0.020004 0.019449 0.016984 0.016451 0.019666 0.024363 0.755185 0.022674 0.026295 0.021373 0.017358 
Document 8
0.023599 0.030348 0.349910 0.354274 0.029133 0.022708 0.027222 0.019766 0.025858 0.029337 0.037520 0.021667 0.028658 
0.007156 0.009071 0.006288 0.007724 0.007115 0.533993 0.006606 0.008141 0.008216 0.307236 0.083085 0.007726 0.007643 
0.064128 0.087986 0.075692 0.073592 0.064266 0.062248 0.074413 0.092186 0.073644 0.085795 0.099498 0.080872 0.065681 
Document 9
0.014362 0.018470 0.017239 0.411314 0.017730 0.013820 0.016567 0.012029 0.015737 0.017854 0.414253 0.013186 0.017440 
0.007156 0.084280 0.006288 0.007724 0.007115 0.007530 0.006606 0.835439 0.008216 0.006400 0.007876 0.007726 0.007643 
0.037812 0.051879 0.044630 0.043392 0.037893 0.036703 0.043876 0.464725 0.043423 0.050587 0.058667 0.047684 0.038727 
Document 10
0.012011 0.015446 0.014417 0.016639 0.014828 0.011558 0.013855 0.010060 0.013161 0.014932 0.837479 0.011028 0.014586 
0.028864 0.036589 0.025366 0.031157 0.028700 0.333745 0.026648 0.032838 0.033141 0.025815 0.335142 0.031166 0.030829 
0.064128 0.087986 0.075692 0.073592 0.064266 0.062248 0.074413 0.092186 0.073644 0.085795 0.099498 0.080872 0.065681 
Document 11
0.004857 0.469527 0.204379 0.006728 0.005996 0.004673 0.005602 0.004068 0.005322 0.006038 0.007722 0.004459 0.270630 
0.017964 0.022772 0.015787 0.019391 0.017862 0.018904 0.016585 0.775683 0.020626 0.016067 0.019774 0.019397 0.019187 
0.020767 0.028494 0.024512 0.023832 0.020812 0.020159 0.024098 0.706012 0.023849 0.027784 0.032221 0.026190 0.021270 
Document 12
0.008056 0.010360 0.448766 0.450256 0.009945 0.007752 0.009292 0.006747 0.008827 0.010014 0.012808 0.007396 0.009782 
0.013040 0.016530 0.011460 0.014076 0.012966 0.013722 0.012039 0.014836 0.014972 0.011663 0.014353 0.014080 0.836264 
0.064128 0.087986 0.075692 0.073592 0.064266 0.062248 0.074413 0.092186 0.073644 0.085795 0.099498 0.080872 0.065681 
Document 13
0.006605 0.008495 0.097941 0.009150 0.008154 0.006356 0.007619 0.005533 0.007238 0.008212 0.010502 0.006065 0.818130 
0.009241 0.011714 0.105243 0.009975 0.009188 0.009724 0.008531 0.010513 0.010610 0.008265 0.010171 0.009978 0.786849 
0.037812 0.462249 0.044630 0.043392 0.037893 0.036703 0.043876 0.054356 0.043423 0.050587 0.058667 0.047684 0.038727 
Document 14
0.071040 0.006246 0.005830 0.006728 0.005996 0.004673 0.204151 0.004068 0.005322 0.006038 0.007722 0.004459 0.667728 
0.232611 0.002142 0.001485 0.001824 0.161549 0.001778 0.001560 0.001923 0.108519 0.001512 0.001860 0.197220 0.286016 
0.002676 0.206942 0.003158 0.003071 0.002681 0.147791 0.322530 0.003846 0.003073 0.293966 0.004151 0.003374 0.002740 
Document 15
0.012011 0.015446 0.014417 0.016639 0.014828 0.011558 0.013855 0.010060 0.013161 0.014932 0.019097 0.011028 0.832968 
0.138819 0.005409 0.003750 0.004606 0.004243 0.004490 0.497295 0.004855 0.004900 0.003817 0.049548 0.273711 0.004558 
0.026810 0.618716 0.031644 0.030766 0.026868 0.026024 0.031110 0.038540 0.030788 0.035868 0.041597 0.033810 0.027459 
Document 16
0.023599 0.030348 0.028327 0.354274 0.029133 0.022708 0.027222 0.019766 0.025858 0.350920 0.037520 0.021667 0.028658 
0.015111 0.177979 0.013280 0.016311 0.015025 0.015901 0.013951 0.017192 0.017350 0.648810 0.016633 0.016316 0.016140 
0.037812 0.051879 0.044630 0.043392 0.037893 0.036703 0.043876 0.054356 0.453792 0.050587 0.058667 0.047684 0.038727 
Document 17
0.797200 0.018470 0.017239 0.019895 0.017730 0.013820 0.016567 0.012029 0.015737 0.017854 0.022834 0.013186 0.017440 
0.003140 0.003981 0.002760 0.003390 0.003123 0.003305 0.002899 0.036580 0.366687 0.134838 0.003457 0.432486 0.003354 
0.007409 0.010165 0.008745 0.410534 0.007425 0.007192 0.008597 0.412682 0.088914 0.009912 0.011495 0.009343 0.007588 
Document 18
0.004052 0.391746 0.004864 0.005613 0.115441 0.003899 0.004674 0.003394 0.004440 0.005037 0.006443 0.003721 0.446675 
0.010235 0.012974 0.008994 0.011048 0.010176 0.010770 0.439728 0.011644 0.011751 0.009154 0.011265 0.441330 0.010931 
0.020767 0.028494 0.024512 0.023832 0.020812 0.020159 0.024098 0.029854 0.023849 0.478556 0.257608 0.026190 0.021270 
Document 19
0.008056 0.010360 0.009669 0.011159 0.009945 0.007752 0.009292 0.006747 0.008827 0.558885 0.012808 0.007396 0.339105 
0.010235 0.012974 0.116564 0.011048 0.010176 0.010770 0.009449 0.011644 0.011751 0.009154 0.549114 0.118621 0.118501 
0.012390 0.016999 0.014624 0.014218 0.012416 0.012027 0.014377 0.017811 0.014228 0.016576 0.019223 0.015625 0.819485 
Document 20
0.012011 0.015446 0.014417 0.016639 0.014828 0.011558 0.832237 0.010060 0.013161 0.014932 0.019097 0.011028 0.014586 
0.004084 0.133953 0.346991 0.004408 0.004061 0.090148 0.046696 0.004646 0.219316 0.046578 0.004495 0.004410 0.090213 
0.037812 0.051879 0.044630 0.043392 0.037893 0.036703 0.043876 0.054356 0.043423 0.050587 0.469036 0.047684 0.038727 
Document 21
0.034785 0.044734 0.041754 0.048187 0.042942 0.033473 0.040125 0.029136 0.512136 0.043243 0.055305 0.031938 0.042242 
0.059856 0.006592 0.004570 0.005613 0.005171 0.005472 0.004801 0.333852 0.005971 0.004651 0.005724 0.552174 0.005554 
0.009764 0.013397 0.011525 0.329108 0.009785 0.009478 0.329233 0.014036 0.223148 0.013063 0.015149 0.012313 0.010000 
Document 22
0.345182 0.030348 0.028327 0.032691 0.029133 0.022708 0.027222 0.019766 0.025858 0.029337 0.037520 0.343251 0.028658 
0.022146 0.028073 0.019462 0.023905 0.720297 0.023304 0.020445 0.025195 0.025427 0.019806 0.024376 0.023912 0.023653 
0.026810 0.036784 0.031644 0.030766 0.026868 0.026024 0.613041 0.038540 0.030788 0.035868 0.041597 0.033810 0.027459 
Document 23
0.023599 0.030348 0.028327 0.032691 0.029133 0.022708 0.027222 0.662933 0.025858 0.029337 0.037520 0.021667 0.028658 
0.006655 0.008436 0.495486 0.007184 0.006617 0.007003 0.215989 0.007571 0.007641 0.075900 0.147222 0.007186 0.007108 
0.009764 0.013397 0.011525 0.011205 0.009785 0.645285 0.011330 0.120004 0.011213 0.119031 0.015149 0.012313 0.010000 
Document 24
0.816714 0.008495 0.007929 0.009150 0.008154 0.006356 0.007619 0.005533 0.007238 0.098224 0.010502 0.006065 0.008021 
0.028864 0.036589 0.025366 0.031157 0.028700 0.030373 0.026648 0.032838 0.033141 0.025815 0.031771 0.031166 0.637572 
0.037812 0.051879 0.044630 0.453762 0.037893 0.036703 0.043876 0.054356 0.043423 0.050587 0.058667 0.047684 0.038727 
Document 25
0.066134 0.085049 0.079383 0.091613 0.081642 0.063638 0.076287 0.055394 0.072465 0.082215 0.105147 0.060722 0.080311 
0.004931 0.006250 0.004333 0.005322 0.004903 0.005189 0.004552 0.005610 0.523896 0.004410 0.005427 0.419911 0.005266 
0.064128 0.087986 0.075692 0.073592 0.064266 0.062248 0.074413 0.092186 0.073644 0.085795 0.099498 0.080872 0.065681 
Document 26
0.023599 0.030348 0.028327 0.032691 0.029133 0.022708 0.027222 0.341350 0.025858 0.350920 0.037520 0.021667 0.028658 
0.011468 0.014538 0.010078 0.012379 0.011403 0.373675 0.010588 0.495191 0.013167 0.010257 0.012623 0.012383 0.012249 
0.037812 0.051879 0.044630 0.043392 0.448263 0.036703 0.043876 0.054356 0.043423 0.050587 0.058667 0.047684 0.038727 
Document 27
0.066134 0.085049 0.079383 0.091613 0.081642 0.063638 0.076287 0.055394 0.072465 0.082215 0.105147 0.060722 0.080311 
0.009241 0.011714 0.008121 0.009975 0.009188 0.301091 0.008531 0.010513 0.010610 0.008265 0.592905 0.009978 0.009870 
0.026810 0.036784 0.031644 0.030766 0.026868 0.026024 0.031110 0.329506 0.030788 0.035868 0.041597 0.324776 0.027459 
Document 28
0.227604 0.010360 0.009669 0.450256 0.229493 0.007752 0.009292 0.006747 0.008827 0.010014 0.012808 0.007396 0.009782 
0.009241 0.011714 0.008121 0.009975 0.009188 0.883825 0.008531 0.010513 0.010610 0.008265 0.010171 0.009978 0.009870 
0.064128 0.087986 0.075692 0.073592 0.064266 0.062248 0.074413 0.092186 0.073644 0.085795 0.099498 0.080872 0.065681 
Document 29
0.014362 0.409888 0.017239 0.019895 0.017730 0.013820 0.016567 0.012029 0.015737 0.409273 0.022834 0.013186 0.017440 
0.007738 0.009809 0.738728 0.008352 0.007694 0.008142 0.007143 0.008803 0.008884 0.006920 0.171168 0.008355 0.008264 
0.026810 0.036784 0.031644 0.030766 0.026868 0.026024 0.322076 0.038540 0.030788 0.326834 0.041597 0.033810 0.027459 
Document 30
0.012011 0.833829 0.014417 0.016639 0.014828 0.011558 0.013855 0.010060 0.013161 0.014932 0.019097 0.011028 0.014586 
0.013040 0.016530 0.011460 0.014076 0.012966 0.013722 0.012039 0.563059 0.152028 0.011663 0.151409 0.014080 0.013928 
0.064128 0.087986 0.075692 0.073592 0.064266 0.062248 0.074413 0.092186 0.073644 0.085795 0.099498 0.080872 0.065681 
Document 31
0.150976 0.013274 0.012390 0.014298 0.012742 0.009932 0.011906 0.008645 0.011310 0.716104 0.016411 0.009477 0.012534 
0.002484 0.029262 0.158856 0.002682 0.002470 0.002614 0.002294 0.002826 0.420648 0.002222 0.054959 0.002683 0.316000 
0.012390 0.016999 0.014624 0.014218 0.146882 0.012027 0.014377 0.017811 0.014228 0.554440 0.019223 0.150091 0.012690 
Document 32
0.006605 0.008495 0.007929 0.639235 0.008154 0.006356 0.007619 0.185557 0.007238 0.008212 0.010502 0.096077 0.008021 
0.013040 0.016530 0.148516 0.014076 0.012966 0.013722 0.012039 0.288947 0.014972 0.011663 0.014353 0.425248 0.013928 
0.008828 0.012113 0.010420 0.010131 0.008847 0.008570 0.393503 0.012691 0.297582 0.203440 0.013698 0.011134 0.009042 
Document 33
0.023599 0.030348 0.028327 0.032691 0.029133 0.022708 0.027222 0.019766 0.025858 0.672504 0.037520 0.021667 0.028658 
0.010235 0.550823 0.008994 0.011048 0.010176 0.010770 0.009449 0.011644 0.119321 0.009154 0.011265 0.226191 0.010931 
0.317776 0.327750 0.031644 0.030766 0.026868 0.026024 0.031110 0.038540 0.030788 0.035868 0.041597 0.033810 0.027459 
Document 34
0.034785 0.518754 0.041754 0.048187 0.042942 0.033473 0.040125 0.029136 0.038115 0.043243 0.055305 0.031938 0.042242 
0.017964 0.022772 0.015787 0.019391 0.017862 0.207715 0.016585 0.209249 0.398249 0.016067 0.019774 0.019397 0.019187 
0.064128 0.087986 0.075692 0.073592 0.064266 0.062248 0.074413 0.092186 0.073644 0.085795 0.099498 0.080872 0.065681 
Document 35
0.034785 0.044734 0.041754 0.048187 0.042942 0.033473 0.040125 0.029136 0.038115 0.043243 0.529325 0.031938 0.042242 
0.008423 0.010677 0.007402 0.009092 0.008375 0.008863 0.007776 0.009582 0.009671 0.007533 0.009271 0.628767 0.274570 
0.026810 0.036784 0.031644 0.030766 0.026868 0.607956 0.031110 0.038540 0.030788 0.035868 0.041597 0.033810 0.027459 
Document 36
0.023599 0.351932 0.028327 0.032691 0.350716 0.022708 0.027222 0.019766 0.025858 0.029337 0.037520 0.021667 0.028658 
0.008423 0.010677 0.007402 0.009092 0.273949 0.008863 0.007776 0.009582 0.009671 0.007533 0.009271 0.628767 0.008996 
0.752671 0.023253 0.020004 0.019449 0.016984 0.016451 0.019666 0.024363 0.019462 0.022674 0.026295 0.021373 0.017358 
Document 37
0.004857 0.006246 0.005830 0.006728 0.469277 0.203223 0.137968 0.004068 0.005322 0.006038 0.007722 0.004459 0.138264 
0.041434 0.052523 0.036412 0.044725 0.041198 0.043601 0.038252 0.047139 0.047573 0.037057 0.045607 0.480224 0.044255 
0.857506 0.013397 0.011525 0.011205 0.009785 0.009478 0.011330 0.014036 0.011213 0.013063 0.015149 0.012313 0.010000 
Document 38
0.014362 0.801307 0.017239 0.019895 0.017730 0.013820 0.016567 0.012029 0.015737 0.017854 0.022834 0.013186 0.017440 
0.009241 0.011714 0.008121 0.009975 0.009188 0.009724 0.008531 0.010513 0.496222 0.008265 0.010171 0.398467 0.009870 
0.026810 0.036784 0.031644 0.030766 0.026868 0.026024 0.031110 0.038540 0.321754 0.326834 0.041597 0.033810 0.027459 
Document 39
0.066134 0.085049 0.079383 0.091613 0.081642 0.063638 0.076287 0.055394 0.072465 0.082215 0.105147 0.060722 0.080311 
0.007156 0.009071 0.006288 0.007724 0.007115 0.007530 0.081815 0.083350 0.083425 0.006400 0.158294 0.534189 0.007643 
0.064128 0.087986 0.075692 0.073592 0.064266 0.062248 0.074413 0.092186 0.073644 0.085795 0.099498 0.080872 0.065681 
Document 40
0.066134 0.085049 0.079383 0.091613 0.081642 0.063638 0.076287 0.055394 0.072465 0.082215 0.105147 0.060722 0.080311 
0.022146 0.028073 0.252221 0.023905 0.022020 0.023304 0.020445 0.025195 0.025427 0.019806 0.489894 0.023912 0.023653 
0.020767 0.253880 0.249898 0.023832 0.020812 0.245545 0.024098 0.029854 0.023849 0.027784 0.032221 0.026190 0.021270 
Document 41
0.034785 0.044734 0.041754 0.048187 0.042942 0.033473 0.040125 0.029136 0.512136 0.043243 0.055305 0.031938 0.042242 
0.041434 0.052523 0.036412 0.044725 0.476683 0.043601 0.038252 0.047139 0.047573 0.037057 0.045607 0.044739 0.044255 
0.246154 0.028494 0.024512 0.023832 0.020812 0.020159 0.474870 0.029854 0.023849 0.027784 0.032221 0.026190 0.021270 
Document 42
0.402922 0.009335 0.107629 0.010055 0.008961 0.105901 0.008373 0.006080 0.007954 0.206855 0.011541 0.105580 0.008815 
0.004688 0.301563 0.004120 0.497761 0.053931 0.004933 0.053598 0.054603 0.005382 0.004193 0.005160 0.005062 0.005007 
0.064128 0.087986 0.075692 0.073592 0.064266 0.062248 0.074413 0.092186 0.073644 0.085795 0.099498 0.080872 0.065681 
Document 43
0.010322 0.294583 0.012390 0.295607 0.012742 0.009932 0.011906 0.008645 0.011310 0.012831 0.016411 0.290786 0.012534 
0.398472 0.073260 0.005466 0.006714 0.006185 0.398797 0.005742 0.007076 0.007142 0.005563 0.072222 0.006716 0.006644 
0.064128 0.087986 0.075692 0.073592 0.064266 0.062248 0.074413 0.092186 0.073644 0.085795 0.099498 0.080872 0.065681 
Document 44
0.006605 0.008495 0.007929 0.279187 0.008154 0.186380 0.007619 0.365581 0.007238 0.098224 0.010502 0.006065 0.008021 
0.007156 0.009071 0.006288 0.007724 0.007115 0.007530 0.006606 0.384186 0.008216 0.081609 0.007876 0.458980 0.007643 
0.007409 0.010165 0.008745 0.008502 0.007425 0.248411 0.008597 0.091057 0.008508 0.492350 0.011495 0.009343 0.087994 
Document 45
0.014362 0.018470 0.017239 0.019895 0.017730 0.013820 0.016567 0.012029 0.015737 0.409273 0.414253 0.013186 0.017440 
0.015111 0.019156 0.013280 0.333959 0.015025 0.015901 0.013951 0.334839 0.017350 0.013515 0.016633 0.175140 0.016140 
0.819185 0.016999 0.014624 0.014218 0.012416 0.012027 0.014377 0.017811 0.014228 0.016576 0.019223 0.015625 0.012690 
Document 46
0.008056 0.010360 0.009669 0.011159 0.119719 0.007752 0.009292 0.555618 0.228375 0.010014 0.012808 0.007396 0.009782 
0.017964 0.022772 0.015787 0.019391 0.017862 0.018904 0.205396 0.398061 0.020626 0.016067 0.208585 0.019397 0.019187 
0.020767 0.028494 0.024512 0.023832 0.020812 0.020159 0.024098 0.255240 0.474621 0.027784 0.032221 0.026190 0.021270 
Document 47
0.008056 0.010360 0.009669 0.011159 0.009945 0.007752 0.009292 0.116521 0.008827 0.339337 0.012808 0.226945 0.229331 
0.870793 0.012974 0.008994 0.011048 0.010176 0.010770 0.009449 0.011644 0.011751 0.009154 0.011265 0.011051 0.010931 
0.003622 0.240848 0.004276 0.318662 0.003630 0.200082 0.004203 0.005207 0.200725 0.004846 0.005620 0.004568 0.003710 
Document 48
0.003476 0.004471 0.004173 0.004816 0.288522 0.003345 0.240869 0.002912 0.003809 0.146437 0.005527 0.003192 0.288452 
0.004084 0.005177 0.003589 0.047334 0.004061 0.090148 0.003770 0.004646 0.348092 0.003653 0.004495 0.004410 0.476540 
0.246154 0.028494 0.024512 0.023832 0.246198 0.020159 0.024098 0.029854 0.023849 0.027784 0.032221 0.026190 0.246656 
Document 49
0.017856 0.022964 0.021434 0.024736 0.022044 0.017183 0.020598 0.744952 0.019566 0.022198 0.028390 0.016395 0.021684 
0.203485 0.011714 0.008121 0.009975 0.009188 0.009724 0.008531 0.301880 0.010610 0.008265 0.010171 0.398467 0.009870 
0.064128 0.087986 0.075692 0.073592 0.064266 0.062248 0.074413 0.092186 0.073644 0.085795 0.099498 0.080872 0.065681 
Document 50
0.012011 0.015446 0.014417 0.016639 0.014828 0.011558 0.177531 0.010060 0.013161 0.669637 0.019097 0.011028 0.014586 
0.005501 0.064789 0.004834 0.121570 0.236733 0.005788 0.005078 0.006258 0.006316 0.004920 0.526398 0.005940 0.005875 
0.020767 0.028494 0.024512 0.249218 0.020812 0.020159 0.024098 0.029854 0.023849 0.027784 0.032221 0.026190 0.472043 
Document 51
0.005598 0.312318 0.006719 0.541713 0.006910 0.005386 0.006457 0.080968 0.006134 0.006959 0.008900 0.005140 0.006798 
0.028864 0.036589 0.025366 0.031157 0.028700 0.030373 0.026648 0.032838 0.639883 0.025815 0.031771 0.031166 0.030829 
0.037812 0.051879 0.044630 0.043392 0.037893 0.036703 0.043876 0.054356 0.043423 0.050587 0.469036 0.047684 0.038727 
Document 52
0.066134 0.085049 0.079383 0.091613 0.081642 0.063638 0.076287 0.055394 0.072465 0.082215 0.105147 0.060722 0.080311 
0.011468 0.014538 0.010078 0.012379 0.011403 0.614747 0.010588 0.013047 0.013167 0.010257 0.012623 0.012383 0.253321 
0.014315 0.019640 0.016896 0.327139 0.014345 0.013895 0.016610 0.020578 0.016439 0.019151 0.022210 0.018052 0.480729 
Document 53
0.009049 0.258258 0.010862 0.012535 0.011171 0.008707 0.380369 0.007579 0.009915 0.257870 0.014387 0.008308 0.010989 
0.073398 0.093041 0.064502 0.079227 0.072980 0.077235 0.067761 0.083503 0.084272 0.065645 0.080789 0.079251 0.078394 
0.026810 0.036784 0.031644 0.030766 0.608799 0.026024 0.031110 0.038540 0.030788 0.035868 0.041597 0.033810 0.027459 
Document 54
0.017856 0.022964 0.021434 0.511400 0.022044 0.017183 0.020598 0.014957 0.262898 0.022198 0.028390 0.016395 0.021684 
0.073398 0.093041 0.064502 0.079227 0.072980 0.077235 0.067761 0.083503 0.084272 0.065645 0.080789 0.079251 0.078394 
0.026810 0.327750 0.031644 0.030766 0.026868 0.026024 0.031110 0.038540 0.030788 0.326834 0.041597 0.033810 0.027459 
Document 55
0.006605 0.008495 0.007929 0.009150 0.008154 0.006356 0.277656 0.005533 0.007238 0.008212 0.640587 0.006065 0.008021 
0.022146 0.260832 0.019462 0.023905 0.022020 0.023304 0.020445 0.257954 0.025427 0.019806 0.257135 0.023912 0.023653 
0.008828 0.012113 0.010420 0.010131 0.008847 0.008570 0.010244 0.204320 0.010138 0.011811 0.109512 0.011134 0.583930 
Document 56
0.066134 0.085049 0.079383 0.091613 0.081642 0.063638 0.076287 0.055394 0.072465 0.082215 0.105147 0.060722 0.080311 
0.006220 0.138635 0.005466 0.398966 0.006185 0.006545 0.005742 0.007076 0.007142 0.397815 0.006847 0.006716 0.006644 
0.009764 0.755171 0.011525 0.117173 0.009785 0.009478 0.011330 0.014036 0.011213 0.013063 0.015149 0.012313 0.010000 
Document 57
0.012011 0.179123 0.669123 0.016639 0.014828 0.011558 0.013855 0.010060 0.013161 0.014932 0.019097 0.011028 0.014586 
0.011468 0.014538 0.010078 0.012379 0.734618 0.012068 0.010588 0.013047 0.013167 0.010257 0.012623 0.012383 0.132785 
0.037812 0.462249 0.044630 0.043392 0.037893 0.036703 0.043876 0.054356 0.043423 0.050587 0.058667 0.047684 0.038727 
Document 58
0.066134 0.085049 0.079383 0.091613 0.081642 0.063638 0.076287 0.055394 0.072465 0.082215 0.105147 0.060722 0.080311 
0.015111 0.019156 0.013280 0.016311 0.173849 0.015901 0.013951 0.652486 0.017350 0.013515 0.016633 0.016316 0.016140 
0.004509 0.006186 0.005322 0.005174 0.004518 0.004376 0.005232 0.349000 0.054109 0.201757 0.006995 0.054617 0.298205 
Document 59
0.017856 0.022964 0.021434 0.024736 0.022044 0.017183 0.020598 0.744952 0.019566 0.022198 0.028390 0.016395 0.021684 
0.073398 0.093041 0.064502 0.079227 0.072980 0.077235 0.067761 0.083503 0.084272 0.065645 0.080789 0.079251 0.078394 
0.016948 0.023253 0.020004 0.019449 0.016984 0.568243 0.019666 0.024363 0.019462 0.206604 0.026295 0.021373 0.017358 
Document 60
0.014362 0.018470 0.017239 0.019895 0.017730 0.013820 0.016567 0.207739 0.015737 0.213563 0.022834 0.404605 0.017440 
0.022146 0.028073 0.019462 0.023905 0.022020 0.488822 0.020445 0.025195 0.025427 0.019806 0.257135 0.023912 0.023653 
0.016948 0.023253 0.020004 0.019449 0.016984 0.016451 0.019666 0.024363 0.019462 0.022674 0.026295 0.021373 0.753081 
Document 61
0.066134 0.085049 0.079383 0.091613 0.081642 0.063638 0.076287 0.055394 0.072465 0.082215 0.105147 0.060722 0.080311 
0.332759 0.019156 0.013280 0.016311 0.015025 0.015901 0.013951 0.017192 0.017350 0.013515 0.016633 0.492787 0.016140 
0.026810 0.036784 0.031644 0.030766 0.026868 0.026024 0.031110 0.038540 0.030788 0.035868 0.623529 0.033810 0.027459 
Document 62
0.007259 0.009335 0.008713 0.010055 0.008961 0.105901 0.008373 0.006080 0.007954 0.009024 0.011541 0.006665 0.800141 
0.004468 0.005663 0.003926 0.004823 0.004442 0.004701 0.004125 0.005083 0.005130 0.332691 0.004918 0.380476 0.239554 
0.064128 0.087986 0.075692 0.073592 0.064266 0.062248 0.074413 0.092186 0.073644 0.085795 0.099498 0.080872 0.065681 
Document 63
0.002216 0.002850 0.002660 0.003070 0.153750 0.002133 0.093165 0.032059 0.002429 0.002755 0.003524 0.002035 0.697354 
0.001503 0.001905 0.096113 0.001623 0.001495 0.001582 0.001388 0.001710 0.001726 0.048741 0.254434 0.380792 0.206989 
0.008057 0.011054 0.009509 0.096682 0.008074 0.007820 0.009349 0.011582 0.009252 0.447963 0.012500 0.010160 0.357999 
Document 64
0.009049 0.011637 0.010862 0.012535 0.011171 0.008707 0.010438 0.007579 0.009915 0.011249 0.137697 0.008308 0.750851 
0.045075 0.004964 0.126917 0.004227 0.003894 0.045279 0.168249 0.004455 0.004496 0.003502 0.580530 0.004228 0.004183 
0.026810 0.036784 0.031644 0.030766 0.026868 0.026024 0.031110 0.038540 0.030788 0.617800 0.041597 0.033810 0.027459 
Document 65
0.012011 0.015446 0.178094 0.016639 0.014828 0.011558 0.013855 0.664766 0.013161 0.014932 0.019097 0.011028 0.014586 
0.008423 0.010677 0.450025 0.009092 0.096899 0.008863 0.007776 0.009582 0.009671 0.007533 0.009271 0.009094 0.363095 
0.489847 0.010165 0.008745 0.008502 0.007425 0.007192 0.008597 0.010650 0.008508 0.251131 0.172308 0.009343 0.007588 
Document 66
0.023599 0.673515 0.028327 0.032691 0.029133 0.022708 0.027222 0.019766 0.025858 0.029337 0.037520 0.021667 0.028658 
0.008423 0.010677 0.007402 0.186141 0.096899 0.008863 0.007776 0.629255 0.009671 0.007533 0.009271 0.009094 0.008996 
0.037812 0.051879 0.044630 0.043392 0.037893 0.036703 0.043876 0.464725 0.043423 0.050587 0.058667 0.047684 0.038727 
Document 67
0.169710 0.005211 0.004864 0.005613 0.281099 0.003899 0.225551 0.279491 0.004440 0.005037 0.006443 0.003721 0.004921 
0.002304 0.075566 0.002025 0.026702 0.050721 0.002424 0.002127 0.002621 0.002645 0.002061 0.220473 0.414147 0.196183 
0.007409 0.010165 0.008745 0.330127 0.007425 0.409223 0.008597 0.010650 0.169321 0.009912 0.011495 0.009343 0.007588 
Document 68
0.008056 0.669004 0.009669 0.011159 0.009945 0.227300 0.009292 0.006747 0.008827 0.010014 0.012808 0.007396 0.009782 
0.013040 0.016530 0.559684 0.014076 0.012966 0.287834 0.012039 0.014836 0.014972 0.011663 0.014353 0.014080 0.013928 
0.016948 0.023253 0.020004 0.019449 0.384846 0.016451 0.019666 0.024363 0.019462 0.206604 0.026295 0.205303 0.017358 
Document 69
0.066134 0.085049 0.079383 0.091613 0.081642 0.063638 0.076287 0.055394 0.072465 0.082215 0.105147 0.060722 0.080311 
0.005501 0.064789 0.004834 0.005938 0.641444 0.005788 0.005078 0.006258 0.006316 0.004920 0.006055 0.237203 0.005875 
0.696926 0.028494 0.024512 0.023832 0.020812 0.020159 0.024098 0.029854 0.023849 0.027784 0.032221 0.026190 0.021270 
Document 70
0.114491 0.060430 0.557057 0.005613 0.005002 0.003899 0.115113 0.003394 0.114879 0.005037 0.006443 0.003721 0.004921 
0.079833 0.002351 0.021125 0.002002 0.001844 0.001952 0.372110 0.002110 0.002130 0.196605 0.294460 0.002003 0.021476 
0.002676 0.294058 0.119313 0.206341 0.002681 0.002597 0.003105 0.003846 0.003073 0.235889 0.091267 0.032413 0.002740 
Document 71
0.006060 0.007793 0.007274 0.008395 0.007481 0.336147 0.502464 0.005076 0.006640 0.007533 0.009635 0.088143 0.007359 
0.005838 0.130128 0.005131 0.006302 0.005805 0.006144 0.496299 0.129370 0.006703 0.005222 0.006426 0.006304 0.190327 
0.281322 0.016999 0.014624 0.014218 0.012416 0.012027 0.014377 0.017811 0.014228 0.419974 0.019223 0.015625 0.147156 
Document 72
0.287707 0.146586 0.051545 0.004816 0.383266 0.003345 0.004010 0.050284 0.051181 0.004322 0.005527 0.003192 0.004221 
0.030172 0.003323 0.002304 0.113034 0.002606 0.002758 0.553441 0.002982 0.003010 0.057446 0.002885 0.002830 0.223208 
0.171156 0.003051 0.002625 0.002552 0.002228 0.267623 0.002580 0.003197 0.002554 0.389105 0.148249 0.002804 0.002277 
Document 73
0.010322 0.013274 0.153044 0.014298 0.012742 0.009932 0.011906 0.008645 0.011310 0.716104 0.016411 0.009477 0.012534 
0.004688 0.005942 0.004120 0.005060 0.053931 0.004933 0.004328 0.054603 0.005382 0.053463 0.005160 0.793383 0.005007 
0.012390 0.420397 0.283556 0.014218 0.012416 0.012027 0.014377 0.152277 0.014228 0.016576 0.019223 0.015625 0.012690 
Document 74
0.034785 0.044734 0.041754 0.048187 0.042942 0.033473 0.040125 0.029136 0.512136 0.043243 0.055305 0.031938 0.042242 
0.053958 0.005942 0.004120 0.005060 0.004661 0.004933 0.004328 0.005333 0.103923 0.152003 0.202240 0.448492 0.005007 
0.006382 0.008757 0.007533 0.007324 0.006396 0.006195 0.007406 0.009175 0.353666 0.562677 0.009903 0.008049 0.006537 
Document 75
0.066134 0.085049 0.079383 0.091613 0.081642 0.063638 0.076287 0.055394 0.072465 0.082215 0.105147 0.060722 0.080311 
0.004931 0.006250 0.263450 0.005322 0.004903 0.005189 0.004552 0.005610 0.005661 0.004410 0.264544 0.419911 0.005266 
0.003931 0.090730 0.175312 0.004512 0.003940 0.003816 0.004562 0.005652 0.345858 0.346603 0.006100 0.004958 0.004027 
Document 76
0.066134 0.085049 0.079383 0.091613 0.081642 0.063638 0.076287 0.055394 0.072465 0.082215 0.105147 0.060722 0.080311 
0.006220 0.007885 0.005466 0.006714 0.006185 0.006545 0.005742 0.007076 0.007142 0.070938 0.137597 0.725845 0.006644 
0.037812 0.462249 0.044630 0.043392 0.037893 0.036703 0.043876 0.054356 0.043423 0.050587 0.058667 0.047684 0.038727 
Document 77
0.009049 0.134947 0.010862 0.382466 0.011171 0.008707 0.010438 0.007579 0.009915 0.011249 0.137697 0.131619 0.134299 
0.041434 0.052523 0.036412 0.044725 0.041198 0.043601 0.038252 0.482624 0.047573 0.037057 0.045607 0.044739 0.044255 
0.026810 0.036784 0.031644 0.030766 0.026868 0.026024 0.031110 0.038540 0.030788 0.035868 0.041597 0.033810 0.609391 
Document 78
0.014362 0.018470 0.017239 0.019895 0.017730 0.796658 0.016567 0.012029 0.015737 0.017854 0.022834 0.013186 0.017440 
0.251293 0.007401 0.005131 0.006302 0.005805 0.006144 0.005390 0.006642 0.006703 0.127949 0.006426 0.558577 0.006236 
0.064128 0.087986 0.075692 0.073592 0.064266 0.062248 0.074413 0.092186 0.073644 0.085795 0.099498 0.080872 0.065681 
Document 79
0.066134 0.085049 0.079383 0.091613 0.081642 0.063638 0.076287 0.055394 0.072465 0.082215 0.105147 0.060722 0.080311 
0.004931 0.006250 0.004333 0.005322 0.004903 0.005189 0.470963 0.005610 0.005661 0.004410 0.005427 0.316265 0.160737 
0.016948 0.023253 0.020004 0.019449 0.200915 0.016451 0.571458 0.024363 0.019462 0.022674 0.026295 0.021373 0.017358 
Document 80
0.014362 0.018470 0.800077 0.019895 0.017730 0.013820 0.016567 0.012029 0.015737 0.017854 0.022834 0.013186 0.017440 
0.635607 0.036589 0.025366 0.031157 0.028700 0.030373 0.026648 0.032838 0.033141 0.025815 0.031771 0.031166 0.030829 
0.006857 0.009409 0.529050 0.007869 0.081294 0.006656 0.305646 0.009858 0.007875 0.009174 0.010639 0.008648 0.007023 
Document 81
0.176264 0.004084 0.003812 0.004399 0.003920 0.003056 0.003663 0.089204 0.003479 0.003948 0.005049 0.002916 0.696209 
0.001785 0.002263 0.001569 0.001927 0.020538 0.001879 0.339383 0.095846 0.114628 0.001597 0.077017 0.339662 0.001907 
0.002074 0.025349 0.272494 0.002380 0.024582 0.002013 0.002406 0.002981 0.294931 0.362836 0.003217 0.002615 0.002124 
Document 82
0.017856 0.022964 0.021434 0.024736 0.022044 0.017183 0.020598 0.014957 0.019566 0.022198 0.028390 0.016395 0.751680 
0.015111 0.019156 0.013280 0.016311 0.015025 0.015901 0.013951 0.017192 0.176174 0.013515 0.493104 0.016316 0.174964 
0.037812 0.051879 0.044630 0.043392 0.037893 0.036703 0.043876 0.054356 0.043423 0.050587 0.058667 0.047684 0.449097 
Document 83
0.066134 0.085049 0.079383 0.091613 0.081642 0.063638 0.076287 0.055394 0.072465 0.082215 0.105147 0.060722 0.080311 
0.022146 0.493591 0.019462 0.023905 0.022020 0.023304 0.020445 0.025195 0.025427 0.019806 0.024376 0.256671 0.023653 
0.014315 0.019640 0.016896 0.016427 0.014345 0.013895 0.016610 0.020578 0.016439 0.019151 0.798990 0.018052 0.014661 
Document 84
0.009049 0.011637 0.010862 0.752398 0.011171 0.008707 0.010438 0.007579 0.009915 0.134560 0.014387 0.008308 0.010989 
0.008423 0.010677 0.272976 0.009092 0.008375 0.008863 0.007776 0.629255 0.009671 0.007533 0.009271 0.009094 0.008996 
0.006382 0.008757 0.561672 0.007324 0.006396 0.352532 0.007406 0.009175 0.007329 0.008539 0.009903 0.008049 0.006537 
Document 85
0.005598 0.159758 0.082999 0.007754 0.006910 0.005386 0.006457 0.004689 0.692653 0.006959 0.008900 0.005140 0.006798 
0.251714 0.009809 0.006800 0.008352 0.007694 0.333444 0.007143 0.008803 0.008884 0.006920 0.333818 0.008355 0.008264 
0.037812 0.051879 0.044630 0.043392 0.448263 0.036703 0.043876 0.054356 0.043423 0.050587 0.058667 0.047684 0.038727 
Document 86
0.006605 0.008495 0.007929 0.639235 0.008154 0.006356 0.007619 0.275569 0.007238 0.008212 0.010502 0.006065 0.008021 
0.006655 0.008436 0.005849 0.007184 0.006617 0.007003 0.006144 0.916898 0.007641 0.005952 0.007325 0.007186 0.007108 
0.012390 0.016999 0.149090 0.014218 0.012416 0.012027 0.014377 0.286743 0.014228 0.016576 0.019223 0.419023 0.012690 
Document 87
0.066134 0.085049 0.079383 0.091613 0.081642 0.063638 0.076287 0.055394 0.072465 0.082215 0.105147 0.060722 0.080311 
0.010235 0.012974 0.116564 0.011048 0.010176 0.010770 0.009449 0.011644 0.011751 0.009154 0.011265 0.764040 0.010931 
0.327667 0.013397 0.011525 0.011205 0.115753 0.009478 0.435201 0.014036 0.011213 0.013063 0.015149 0.012313 0.010000 
Document 88
0.402922 0.009335 0.008713 0.010055 0.008961 0.006985 0.008373 0.006080 0.007954 0.503602 0.011541 0.006665 0.008815 
0.011468 0.014538 0.010078 0.012379 0.011403 0.012068 0.010588 0.856798 0.013167 0.010257 0.012623 0.012383 0.012249 
0.026810 0.036784 0.031644 0.030766 0.608799 0.026024 0.031110 0.038540 0.030788 0.035868 0.041597 0.033810 0.027459 
Document 89
0.066134 0.085049 0.079383 0.091613 0.081642 0.063638 0.076287 0.055394 0.072465 0.082215 0.105147 0.060722 0.080311 
0.017964 0.022772 0.015787 0.585825 0.017862 0.018904 0.016585 0.020438 0.020626 0.016067 0.019774 0.208209 0.019187 
0.016948 0.023253 0.387865 0.019449 0.016984 0.016451 0.019666 0.208294 0.019462 0.206604 0.026295 0.021373 0.017358 
Document 90
0.335368 0.170869 0.060083 0.005613 0.005002 0.003899 0.004674 0.169052 0.225317 0.005037 0.006443 0.003721 0.004921 
0.005838 0.007401 0.005131 0.374484 0.005805 0.006144 0.005390 0.006642 0.313522 0.005222 0.006426 0.190395 0.067600 
0.008057 0.011054 0.009509 0.009245 0.095511 0.445004 0.009349 0.099018 0.009252 0.010779 0.012500 0.010160 0.270562 
Document 91
0.012011 0.015446 0.014417 0.343991 0.014828 0.011558 0.013855 0.501090 0.013161 0.014932 0.019097 0.011028 0.014586 
0.007738 0.009809 0.088125 0.008352 0.007694 0.008142 0.007143 0.578080 0.008884 0.006920 0.008517 0.008355 0.252240 
0.002841 0.096385 0.003353 0.003260 0.002847 0.002757 0.219100 0.004084 0.003262 0.003800 0.436016 0.003582 0.218713 
Document 92
0.014362 0.018470 0.017239 0.411314 0.017730 0.013820 0.016567 0.012029 0.015737 0.017854 0.022834 0.404605 0.017440 
0.073398 0.093041 0.064502 0.079227 0.072980 0.077235 0.067761 0.083503 0.084272 0.065645 0.080789 0.079251 0.078394 
0.008057 0.011054 0.009509 0.009245 0.008074 0.007820 0.009349 0.623639 0.009252 0.273089 0.012500 0.010160 0.008252 
Document 93
0.007259 0.009335 0.008713 0.010055 0.008961 0.204816 0.008373 0.006080 0.007954 0.009024 0.011541 0.006665 0.701225 
0.089063 0.009809 0.006800 0.008352 0.007694 0.008142 0.007143 0.008803 0.008884 0.738848 0.008517 0.089680 0.008264 
0.020767 0.028494 0.024512 0.699991 0.020812 0.020159 0.024098 0.029854 0.023849 0.027784 0.032221 0.026190 0.021270 
Document 94
0.006605 0.008495 0.007929 0.459211 0.008154 0.186380 0.007619 0.005533 0.007238 0.008212 0.010502 0.276101 0.008021 
0.006220 0.007885 0.005466 0.529717 0.006185 0.006545 0.005742 0.007076 0.007142 0.005563 0.006847 0.006716 0.398896 
0.007409 0.010165 0.410776 0.008502 0.409456 0.007192 0.008597 0.010650 0.008508 0.009912 0.011495 0.009343 0.087994 
Document 95
0.666765 0.030348 0.028327 0.032691 0.029133 0.022708 0.027222 0.019766 0.025858 0.029337 0.037520 0.021667 0.028658 
0.013040 0.016530 0.011460 0.014076 0.012966 0.013722 0.012039 0.014836 0.837308 0.011663 0.014353 0.014080 0.013928 
0.037812 0.051879 0.044630 0.043392 0.037893 0.036703 0.043876 0.054356 0.043423 0.050587 0.058667 0.047684 0.449097 
Document 96
0.066134 0.085049 0.079383 0.091613 0.081642 0.063638 0.076287 0.055394 0.072465 0.082215 0.105147 0.060722 0.080311 
0.005200 0.006592 0.168538 0.005613 0.005171 0.005472 0.004801 0.005916 0.333906 0.113963 0.005724 0.333550 0.005554 
0.064128 0.087986 0.075692 0.073592 0.064266 0.062248 0.074413 0.092186 0.073644 0.085795 0.099498 0.080872 0.065681 
Document 97
0.023599 0.030348 0.028327 0.032691 0.029133 0.665875 0.027222 0.019766 0.025858 0.029337 0.037520 0.021667 0.028658 
0.008423 0.010677 0.007402 0.009092 0.185424 0.008863 0.007776 0.009582 0.009671 0.007533 0.009271 0.009094 0.717193 
0.016948 0.023253 0.020004 0.019449 0.016984 0.568243 0.019666 0.024363 0.203393 0.022674 0.026295 0.021373 0.017358 
Document 98
0.014362 0.018470 0.017239 0.019895 0.017730 0.013820 0.603695 0.012029 0.015737 0.017854 0.218543 0.013186 0.017440 
0.004931 0.006250 0.211627 0.005322 0.004903 0.005189 0.211846 0.005610 0.005661 0.004410 0.523662 0.005324 0.005266 
0.104643 0.012113 0.010420 0.010131 0.008847 0.583457 0.106059 0.012691 0.010138 0.011811 0.109512 0.011134 0.009042 
Document 99
0.004555 0.005858 0.005468 0.006310 0.005623 0.004383 0.253553 0.065890 0.004991 0.005663 0.627990 0.004182 0.005532 
0.073398 0.093041 0.064502 0.079227 0.072980 0.077235 0.067761 0.083503 0.084272 0.065645 0.080789 0.079251 0.078394 
0.014315 0.019640 0.016896 0.016427 0.480413 0.324607 0.016610 0.020578 0.016439 0.019151 0.022210 0.018052 0.014661 
Document 100
0.004857 0.006246 0.005830 0.006728 0.204545 0.137040 0.005602 0.004068 0.005322 0.006038 0.603369 0.004459 0.005898 
0.005200 0.006592 0.004570 0.005613 0.005171 0.005472 0.004801 0.005916 0.497874 0.332586 0.005724 0.005615 0.114866 
0.081280 0.083831 0.008094 0.454403 0.006872 0.081079 0.007957 0.009858 0.007875 0.009174 0.010639 0.008648 0.230290 
Document 101
0.666765 0.030348 0.028327 0.032691 0.029133 0.022708 0.027222 0.019766 0.025858 0.029337 0.037520 0.021667 0.028658 
0.017964 0.022772 0.015787 0.019391 0.206674 0.396527 0.016585 0.020438 0.020626 0.204878 0.019774 0.019397 0.019187 
0.064128 0.087986 0.075692 0.073592 0.064266 0.062248 0.074413 0.092186 0.073644 0.085795 0.099498 0.080872 0.065681 
Document 102
0.023599 0.030348 0.028327 0.032691 0.029133 0.022708 0.027222 0.662933 0.025858 0.029337 0.037520 0.021667 0.028658 
0.010235 0.012974 0.869553 0.011048 0.010176 0.010770 0.009449 0.011644 0.011751 0.009154 0.011265 0.011051 0.010931 
0.016948 0.023253 0.020004 0.019449 0.016984 0.016451 0.019666 0.024363 0.019462 0.390535 0.394156 0.021373 0.017358 
Document 103
0.017856 0.022964 0.021434 0.024736 0.022044 0.017183 0.020598 0.014957 0.019566 0.022198 0.028390 0.016395 0.751680 
0.017964 0.022772 0.015787 0.019391 0.017862 0.018904 0.016585 0.020438 0.775872 0.016067 0.019774 0.019397 0.019187 
0.012390 0.016999 0.821420 0.014218 0.012416 0.012027 0.014377 0.017811 0.014228 0.016576 0.019223 0.015625 0.012690 
Document 104
0.066134 0.085049 0.079383 0.091613 0.081642 0.063638 0.076287 0.055394 0.072465 0.082215 0.105147 0.060722 0.080311 
0.007156 0.009071 0.307124 0.007724 0.007115 0.007530 0.006606 0.008141 0.008216 0.081609 0.158294 0.383771 0.007643 
0.016948 0.391114 0.020004 0.019449 0.016984 0.016451 0.019666 0.024363 0.019462 0.022674 0.026295 0.205303 0.201289 
Document 105
0.066134 0.085049 0.079383 0.091613 0.081642 0.063638 0.076287 0.055394 0.072465 0.082215 0.105147 0.060722 0.080311 
0.010235 0.012974 0.439273 0.011048 0.117746 0.118340 0.009449 0.011644 0.011751 0.009154 0.118835 0.118621 0.010931 
0.064128 0.087986 0.075692 0.073592 0.064266 0.062248 0.074413 0.092186 0.073644 0.085795 0.099498 0.080872 0.065681 
Document 106
0.066134 0.085049 0.079383 0.091613 0.081642 0.063638 0.076287 0.055394 0.072465 0.082215 0.105147 0.060722 0.080311 
0.005838 0.007401 0.250585 0.006302 0.067169 0.006144 0.005390 0.190733 0.129431 0.005222 0.313245 0.006304 0.006236 
0.005606 0.007691 0.432490 0.006433 0.005618 0.005441 0.006505 0.008058 0.006438 0.250856 0.008698 0.007069 0.249097 
Document 107
0.014362 0.214179 0.017239 0.019895 0.017730 0.013820 0.016567 0.012029 0.015737 0.017854 0.022834 0.600315 0.017440 
0.004084 0.005177 0.003589 0.004408 0.132837 0.004298 0.003770 0.133422 0.004689 0.003653 0.262047 0.433663 0.004362 
0.064128 0.087986 0.075692 0.073592 0.064266 0.062248 0.074413 0.092186 0.073644 0.085795 0.099498 0.080872 0.065681 
Document 108
0.066134 0.085049 0.079383 0.091613 0.081642 0.063638 0.076287 0.055394 0.072465 0.082215 0.105147 0.060722 0.080311 
0.022146 0.493591 0.019462 0.023905 0.022020 0.023304 0.020445 0.025195 0.025427 0.252565 0.024376 0.023912 0.023653 
0.603561 0.014984 0.012891 0.012533 0.010945 0.247657 0.012673 0.015700 0.012542 0.014611 0.016945 0.013773 0.011186 
Document 109
