Document 0
0.129218 0.126739 0.113529 0.116430 0.121694 0.159619 0.109004 0.123768 
0.911140 0.012566 0.014829 0.012327 0.012312 0.012833 0.011445 0.012548 
0.791528 0.026212 0.028391 0.027524 0.030193 0.029099 0.031292 0.035761 
Document 1
0.191588 0.015063 0.013493 0.013837 0.719385 0.018970 0.012955 0.014710 
0.008413 0.008303 0.942670 0.008145 0.008135 0.008480 0.007563 0.008291 
0.013498 0.011556 0.012517 0.012135 0.013312 0.012829 0.013796 0.910357 
Document 2
0.129218 0.126739 0.113529 0.116430 0.121694 0.159619 0.109004 0.123768 
0.007193 0.007099 0.950983 0.006964 0.006956 0.007250 0.006466 0.007089 
0.030615 0.279850 0.028391 0.027524 0.030193 0.029099 0.031292 0.543036 
Document 3
0.005560 0.005453 0.004885 0.005009 0.005236 0.963843 0.004690 0.005325 
0.006707 0.006619 0.007811 0.141705 0.006485 0.818033 0.006029 0.006610 
0.007124 0.006100 0.006607 0.006405 0.007026 0.006772 0.420441 0.539526 
Document 4
0.006373 0.079380 0.371246 0.371389 0.006002 0.154131 0.005376 0.006104 
0.541891 0.184492 0.006881 0.243935 0.005713 0.005955 0.005311 0.005822 
0.030615 0.026212 0.028391 0.027524 0.791106 0.029099 0.031292 0.035761 
Document 5
0.309394 0.004344 0.003891 0.003991 0.156654 0.513746 0.003736 0.004242 
0.358698 0.106000 0.511104 0.004853 0.004847 0.005052 0.004506 0.004940 
0.006372 0.005456 0.005909 0.005729 0.006284 0.006057 0.006513 0.957681 
Document 6
0.232574 0.446149 0.016379 0.016798 0.017557 0.023029 0.229658 0.017856 
0.209525 0.006619 0.751479 0.006493 0.006485 0.006760 0.006029 0.006610 
0.015197 0.013011 0.014093 0.013663 0.014987 0.140347 0.770950 0.017751 
Document 7
0.129218 0.126739 0.113529 0.116430 0.121694 0.159619 0.109004 0.123768 
0.484218 0.111641 0.378656 0.005111 0.005105 0.005321 0.004746 0.005203 
0.041019 0.374952 0.038040 0.036877 0.040454 0.038988 0.041925 0.387745 
Document 8
0.018643 0.018285 0.016379 0.658593 0.017557 0.023029 0.015726 0.231788 
0.014607 0.014416 0.017013 0.308625 0.603091 0.014722 0.013131 0.014396 
0.017386 0.014886 0.016123 0.015630 0.017146 0.592675 0.017770 0.308383 
Document 9
0.129218 0.126739 0.113529 0.116430 0.121694 0.159619 0.109004 0.123768 
0.432445 0.262722 0.264218 0.008145 0.008135 0.008480 0.007563 0.008291 
0.128050 0.109635 0.118749 0.115120 0.126284 0.121710 0.130879 0.149573 
Document 10
0.011355 0.792959 0.140280 0.010231 0.010694 0.014027 0.009579 0.010876 
0.424487 0.004115 0.467205 0.046069 0.046064 0.004203 0.003748 0.004109 
0.007571 0.006482 0.007021 0.006807 0.007467 0.007196 0.007738 0.949717 
Document 11
0.013056 0.012806 0.011471 0.011764 0.012296 0.615434 0.011014 0.312159 
0.014607 0.456141 0.017013 0.014142 0.455850 0.014722 0.013131 0.014396 
0.017386 0.591036 0.304198 0.015630 0.017146 0.016525 0.017770 0.020308 
Document 12
0.023716 0.023261 0.020837 0.565678 0.022335 0.029296 0.020006 0.294870 
0.014607 0.014416 0.017013 0.603108 0.308608 0.014722 0.013131 0.014396 
0.020312 0.522217 0.018836 0.354812 0.020032 0.019306 0.020760 0.023726 
Document 13
0.129218 0.126739 0.113529 0.116430 0.121694 0.159619 0.109004 0.123768 
0.017129 0.016905 0.710611 0.189249 0.016563 0.017264 0.015398 0.016881 
0.128050 0.109635 0.118749 0.115120 0.126284 0.121710 0.130879 0.149573 
Document 14
0.032584 0.031959 0.776463 0.029360 0.030687 0.040250 0.027487 0.031210 
0.006282 0.829425 0.007317 0.006082 0.006075 0.006332 0.005647 0.132841 
0.024421 0.020909 0.022647 0.224276 0.024084 0.630176 0.024961 0.028526 
Document 15
0.018643 0.018285 0.016379 0.016798 0.017557 0.878756 0.015726 0.017856 
0.184569 0.065384 0.483311 0.184381 0.005713 0.005955 0.064865 0.005822 
0.007571 0.006482 0.007021 0.006807 0.007467 0.007196 0.446813 0.510643 
Document 16
0.649278 0.051046 0.045726 0.046894 0.049014 0.064289 0.043903 0.049850 
0.782796 0.012566 0.143173 0.012327 0.012312 0.012833 0.011445 0.012548 
0.015197 0.013011 0.014093 0.013663 0.014987 0.392153 0.015533 0.521363 
Document 17
0.002937 0.306172 0.272173 0.002646 0.002766 0.408017 0.002477 0.002813 
0.320461 0.007654 0.087209 0.085685 0.242029 0.007817 0.006972 0.242173 
0.062134 0.053199 0.057621 0.055860 0.061278 0.059058 0.578272 0.072578 
Document 18
0.007464 0.606924 0.006558 0.006726 0.007030 0.351851 0.006297 0.007150 
0.286356 0.205631 0.488696 0.003874 0.003869 0.004033 0.003597 0.003944 
0.024421 0.223230 0.022647 0.021955 0.024084 0.023212 0.631924 0.028526 
Document 19
0.191588 0.015063 0.013493 0.013837 0.014463 0.723892 0.012955 0.014710 
0.117989 0.005503 0.737178 0.005398 0.117805 0.005620 0.005012 0.005495 
0.005764 0.100434 0.005345 0.005182 0.005684 0.005478 0.387887 0.484227 
Document 20
0.232574 0.660080 0.016379 0.016798 0.017557 0.023029 0.015726 0.017856 
0.004170 0.340369 0.509237 0.004037 0.088095 0.046234 0.003748 0.004109 
0.017386 0.014886 0.016123 0.015630 0.881372 0.016525 0.017770 0.020308 
Document 21
0.052045 0.051046 0.642959 0.046894 0.049014 0.064289 0.043903 0.049850 
0.326692 0.003949 0.650042 0.003874 0.003869 0.004033 0.003597 0.003944 
0.024421 0.020909 0.022647 0.831240 0.024084 0.023212 0.024961 0.028526 
Document 22
0.032584 0.031959 0.028628 0.777195 0.030687 0.040250 0.027487 0.031210 
0.003846 0.081341 0.469748 0.236358 0.003719 0.003877 0.003458 0.197653 
0.020312 0.017390 0.018836 0.018261 0.020032 0.019306 0.189036 0.696828 
Document 23
0.032584 0.031959 0.028628 0.029360 0.030687 0.040250 0.027487 0.779045 
0.014607 0.161657 0.017013 0.308625 0.455850 0.014722 0.013131 0.014396 
0.041019 0.035120 0.038040 0.036877 0.040454 0.038988 0.721589 0.047914 
Document 24
0.009008 0.835761 0.007914 0.008116 0.008483 0.011127 0.007599 0.111993 
0.214389 0.009999 0.011800 0.009809 0.009797 0.520856 0.009108 0.214243 
0.011031 0.009444 0.284386 0.009917 0.010879 0.650184 0.011274 0.012885 
Document 25
0.015357 0.015063 0.189723 0.013837 0.014463 0.723892 0.012955 0.014710 
0.026164 0.025822 0.030474 0.816563 0.025301 0.026371 0.023520 0.025786 
0.020312 0.017390 0.187112 0.018261 0.020032 0.692408 0.020760 0.023726 
Document 26
0.015357 0.367524 0.013493 0.013837 0.014463 0.018970 0.012955 0.543401 
0.017129 0.016905 0.019950 0.879909 0.016563 0.017264 0.015398 0.016881 
0.020312 0.017390 0.018836 0.018261 0.861409 0.019306 0.020760 0.023726 
Document 27
0.009008 0.008835 0.007914 0.008116 0.318580 0.631321 0.007599 0.008628 
0.005279 0.271287 0.059364 0.643696 0.005105 0.005321 0.004746 0.005203 
0.188587 0.017390 0.187112 0.018261 0.020032 0.355857 0.020760 0.192001 
Document 28
0.129218 0.126739 0.113529 0.116430 0.121694 0.159619 0.109004 0.123768 
0.012732 0.012566 0.014829 0.910735 0.012312 0.012833 0.011445 0.012548 
0.128050 0.109635 0.118749 0.115120 0.126284 0.121710 0.130879 0.149573 
Document 29
0.141659 0.011137 0.009976 0.010231 0.010694 0.795848 0.009579 0.010876 
0.012732 0.012566 0.784894 0.140671 0.012312 0.012833 0.011445 0.012548 
0.030615 0.787125 0.028391 0.027524 0.030193 0.029099 0.031292 0.035761 
Document 30
0.010046 0.009853 0.008826 0.009052 0.009461 0.934665 0.008474 0.009622 
0.242285 0.007654 0.321739 0.007508 0.320206 0.085993 0.006972 0.007643 
0.015197 0.013011 0.014093 0.013663 0.014987 0.895764 0.015533 0.017751 
Document 31
0.013056 0.012806 0.011471 0.461244 0.012296 0.465608 0.011014 0.012506 
0.657848 0.009072 0.103372 0.008900 0.101554 0.009265 0.100929 0.009060 
0.062134 0.053199 0.057621 0.055860 0.576043 0.059058 0.063507 0.072578 
Document 32
0.007464 0.264294 0.006558 0.006726 0.692291 0.009221 0.006297 0.007150 
0.003703 0.600857 0.116288 0.003585 0.003581 0.227683 0.003329 0.040974 
0.017386 0.014886 0.016123 0.015630 0.881372 0.016525 0.017770 0.020308 
Document 33
0.003843 0.003769 0.400300 0.003463 0.003619 0.225261 0.003242 0.356502 
0.003222 0.003180 0.913093 0.003119 0.003115 0.068200 0.002896 0.003175 
0.008657 0.007412 0.008028 0.007783 0.080260 0.008229 0.152293 0.727337 
Document 34
0.032584 0.031959 0.028628 0.029360 0.030687 0.040250 0.027487 0.779045 
0.006282 0.512800 0.323942 0.006082 0.006075 0.006332 0.005647 0.132841 
0.013498 0.458852 0.012517 0.012135 0.013312 0.124653 0.013796 0.351238 
Document 35
0.018643 0.018285 0.016379 0.016798 0.659352 0.236960 0.015726 0.017856 
0.014607 0.014416 0.753221 0.014142 0.161366 0.014722 0.013131 0.014396 
0.128050 0.109635 0.118749 0.115120 0.126284 0.121710 0.130879 0.149573 
Document 36
0.052045 0.648280 0.045726 0.046894 0.049014 0.064289 0.043903 0.049850 
0.014607 0.014416 0.017013 0.897592 0.014125 0.014722 0.013131 0.014396 
0.062134 0.053199 0.572386 0.055860 0.061278 0.059058 0.063507 0.072578 
Document 37
0.309394 0.563447 0.054719 0.003991 0.004171 0.005471 0.003736 0.055070 
0.125324 0.123688 0.145970 0.121336 0.121189 0.126318 0.112660 0.123514 
0.102416 0.009444 0.010229 0.009917 0.833350 0.010484 0.011274 0.012885 
Document 38
0.052045 0.051046 0.642959 0.046894 0.049014 0.064289 0.043903 0.049850 
0.014607 0.014416 0.017013 0.014142 0.161366 0.014722 0.749339 0.014396 
0.112717 0.010394 0.815874 0.010914 0.011973 0.011539 0.012408 0.014181 
Document 39
0.008164 0.008007 0.007173 0.007356 0.944510 0.010084 0.006887 0.007819 
0.014607 0.308899 0.605979 0.014142 0.014125 0.014722 0.013131 0.014396 
0.041019 0.035120 0.038040 0.036877 0.040454 0.718651 0.041925 0.047914 
Document 40
0.052045 0.051046 0.045726 0.046894 0.049014 0.661523 0.043903 0.049850 
0.014607 0.014416 0.458738 0.455867 0.014125 0.014722 0.013131 0.014396 
0.128050 0.109635 0.118749 0.115120 0.126284 0.121710 0.130879 0.149573 
Document 41
0.295871 0.023261 0.020837 0.021369 0.022335 0.573605 0.020006 0.022716 
0.017129 0.880231 0.019950 0.016584 0.016563 0.017264 0.015398 0.016881 
0.041019 0.035120 0.717703 0.036877 0.040454 0.038988 0.041925 0.047914 
Document 42
0.129218 0.126739 0.113529 0.116430 0.121694 0.159619 0.109004 0.123768 
0.177108 0.003401 0.663929 0.003336 0.142261 0.003473 0.003097 0.003396 
0.011031 0.557758 0.010229 0.009917 0.010879 0.010484 0.011274 0.378427 
Document 43
0.052045 0.051046 0.045726 0.644128 0.049014 0.064289 0.043903 0.049850 
0.010131 0.009999 0.011800 0.418324 0.009797 0.010212 0.519752 0.009985 
0.128050 0.109635 0.118749 0.115120 0.126284 0.121710 0.130879 0.149573 
Document 44
0.015357 0.896215 0.013493 0.013837 0.014463 0.018970 0.012955 0.014710 
0.316518 0.214257 0.011800 0.418324 0.009797 0.010212 0.009108 0.009985 
0.006372 0.269411 0.005909 0.005729 0.323030 0.006057 0.006513 0.376980 
Document 45
0.032584 0.031959 0.028628 0.029360 0.030687 0.040250 0.775322 0.031210 
0.020703 0.020433 0.024114 0.020045 0.854822 0.020867 0.018611 0.020404 
0.010107 0.511055 0.009373 0.092820 0.009968 0.009607 0.010330 0.346740 
Document 46
0.129218 0.126739 0.113529 0.116430 0.121694 0.159619 0.109004 0.123768 
0.898056 0.014416 0.017013 0.014142 0.014125 0.014722 0.013131 0.014396 
0.030615 0.026212 0.028391 0.027524 0.030193 0.029099 0.792204 0.035761 
Document 47
0.005560 0.005453 0.004885 0.961985 0.005236 0.006868 0.004690 0.005325 
0.119164 0.072395 0.026069 0.212566 0.002242 0.049075 0.002084 0.516405 
0.055892 0.002724 0.002950 0.002860 0.293049 0.003024 0.635785 0.003716 
Document 48
0.013056 0.012806 0.011471 0.011764 0.911255 0.016128 0.011014 0.012506 
0.657848 0.009072 0.010707 0.008900 0.286884 0.009265 0.008264 0.009060 
0.128050 0.109635 0.118749 0.115120 0.126284 0.121710 0.130879 0.149573 
Document 49
0.129218 0.126739 0.113529 0.116430 0.121694 0.159619 0.109004 0.123768 
0.935843 0.009072 0.010707 0.008900 0.008889 0.009265 0.008264 0.009060 
0.030615 0.787125 0.028391 0.027524 0.030193 0.029099 0.031292 0.035761 
Document 50
0.129218 0.126739 0.113529 0.116430 0.121694 0.159619 0.109004 0.123768 
0.014607 0.014416 0.017013 0.897592 0.014125 0.014722 0.013131 0.014396 
0.017386 0.014886 0.016123 0.015630 0.017146 0.016525 0.881995 0.020308 
Document 51
0.129218 0.126739 0.113529 0.116430 0.121694 0.159619 0.109004 0.123768 
0.238775 0.238627 0.013143 0.010925 0.465893 0.011373 0.010144 0.011121 
0.062134 0.053199 0.057621 0.055860 0.061278 0.573823 0.063507 0.072578 
Document 52
0.018643 0.018285 0.016379 0.016798 0.017557 0.023029 0.015726 0.873583 
0.012732 0.012566 0.014829 0.782391 0.012312 0.012833 0.011445 0.140892 
0.030615 0.026212 0.028391 0.027524 0.283831 0.029099 0.538567 0.035761 
Document 53
0.231044 0.002786 0.165498 0.002560 0.067876 0.525117 0.002396 0.002721 
0.001605 0.163419 0.519740 0.001554 0.001552 0.001618 0.001443 0.309068 
0.005764 0.004935 0.005345 0.005182 0.817425 0.005478 0.149139 0.006732 
Document 54
0.032584 0.779794 0.028628 0.029360 0.030687 0.040250 0.027487 0.031210 
0.009193 0.009072 0.937357 0.008900 0.008889 0.009265 0.008264 0.009060 
0.537890 0.026212 0.028391 0.027524 0.030193 0.282737 0.031292 0.035761 
Document 55
0.232574 0.018285 0.016379 0.016798 0.017557 0.664824 0.015726 0.017856 
0.010131 0.009999 0.011800 0.316195 0.009797 0.010212 0.009108 0.622758 
0.128050 0.109635 0.118749 0.115120 0.126284 0.121710 0.130879 0.149573 
Document 56
0.052045 0.051046 0.045726 0.046894 0.049014 0.064289 0.043903 0.647083 
0.921248 0.011136 0.013143 0.010925 0.010911 0.011373 0.010144 0.011121 
0.024421 0.020909 0.022647 0.426598 0.428727 0.023212 0.024961 0.028526 
Document 57
0.009008 0.008835 0.111280 0.318213 0.008483 0.527955 0.007599 0.008628 
0.020703 0.020433 0.024114 0.646146 0.228721 0.020867 0.018611 0.020404 
0.128050 0.109635 0.118749 0.115120 0.126284 0.121710 0.130879 0.149573 
Document 58
0.011355 0.011137 0.009976 0.531446 0.010694 0.404937 0.009579 0.010876 
0.007755 0.398537 0.009033 0.007508 0.007499 0.007817 0.006972 0.554879 
0.009326 0.007985 0.008649 0.008384 0.163726 0.240656 0.241324 0.319950 
Document 59
0.032584 0.031959 0.028628 0.029360 0.030687 0.788085 0.027487 0.031210 
0.007755 0.007654 0.009033 0.945627 0.007499 0.007817 0.006972 0.007643 
0.128050 0.109635 0.118749 0.115120 0.126284 0.121710 0.130879 0.149573 
Document 60
0.032584 0.031959 0.028628 0.029360 0.404604 0.414168 0.027487 0.031210 
0.017129 0.016905 0.019950 0.016584 0.879889 0.017264 0.015398 0.016881 
0.020312 0.353942 0.018836 0.018261 0.524858 0.019306 0.020760 0.023726 
Document 61
0.032584 0.031959 0.402545 0.403277 0.030687 0.040250 0.027487 0.031210 
0.750815 0.161657 0.017013 0.014142 0.014125 0.014722 0.013131 0.014396 
0.128050 0.109635 0.118749 0.115120 0.126284 0.121710 0.130879 0.149573 
Document 62
0.011355 0.011137 0.009976 0.661749 0.010694 0.014027 0.009579 0.271483 
0.004353 0.179799 0.531580 0.004214 0.223588 0.004387 0.047789 0.004290 
0.008078 0.006916 0.007491 0.007262 0.007966 0.007678 0.476715 0.477894 
Document 63
0.010046 0.009853 0.008826 0.009052 0.009461 0.934665 0.008474 0.009622 
0.026164 0.025822 0.030474 0.816563 0.025301 0.026371 0.023520 0.025786 
0.030615 0.279850 0.028391 0.534799 0.030193 0.029099 0.031292 0.035761 
Document 64
0.023716 0.023261 0.020837 0.021369 0.022335 0.845759 0.020006 0.022716 
0.014607 0.014416 0.900463 0.014142 0.014125 0.014722 0.013131 0.014396 
0.631385 0.020909 0.022647 0.021955 0.024084 0.023212 0.227282 0.028526 
Document 65
0.008164 0.008007 0.007173 0.007356 0.007688 0.946906 0.006887 0.007819 
0.209525 0.006619 0.007811 0.750161 0.006485 0.006760 0.006029 0.006610 
0.631385 0.020909 0.022647 0.021955 0.024084 0.225533 0.024961 0.028526 
Document 66
0.015357 0.015063 0.013493 0.013837 0.895615 0.018970 0.012955 0.014710 
0.141076 0.012566 0.014829 0.782391 0.012312 0.012833 0.011445 0.012548 
0.020312 0.017390 0.860214 0.018261 0.020032 0.019306 0.020760 0.023726 
Document 67
0.007464 0.007321 0.006558 0.006726 0.007030 0.951454 0.006297 0.007150 
0.602058 0.008303 0.009799 0.008145 0.347361 0.008480 0.007563 0.008291 
0.576899 0.053199 0.057621 0.055860 0.061278 0.059058 0.063507 0.072578 
Document 68
0.052045 0.648280 0.045726 0.046894 0.049014 0.064289 0.043903 0.049850 
0.289908 0.025822 0.030474 0.289075 0.025301 0.026371 0.287264 0.025786 
0.188587 0.353942 0.018836 0.018261 0.020032 0.019306 0.357311 0.023726 
Document 69
0.052045 0.648280 0.045726 0.046894 0.049014 0.064289 0.043903 0.049850 
0.409225 0.560739 0.005838 0.004853 0.004847 0.005052 0.004506 0.004940 
0.062134 0.053199 0.057621 0.570625 0.061278 0.059058 0.063507 0.072578 
Document 70
0.060193 0.002465 0.463644 0.002264 0.002367 0.349181 0.002120 0.117766 
0.001844 0.336445 0.429724 0.001785 0.169096 0.039039 0.001658 0.020408 
0.009326 0.007985 0.008649 0.008384 0.240990 0.008864 0.704908 0.010894 
Document 71
0.032584 0.031959 0.028628 0.777195 0.030687 0.040250 0.027487 0.031210 
0.880454 0.016905 0.019950 0.016584 0.016563 0.017264 0.015398 0.016881 
0.128050 0.109635 0.118749 0.115120 0.126284 0.121710 0.130879 0.149573 
Document 72
0.023716 0.023261 0.020837 0.837832 0.022335 0.029296 0.020006 0.022716 
0.009193 0.009072 0.010707 0.935550 0.008889 0.009265 0.008264 0.009060 
0.062134 0.567964 0.057621 0.055860 0.061278 0.059058 0.063507 0.072578 
Document 73
0.015357 0.015063 0.718415 0.013837 0.014463 0.195201 0.012955 0.014710 
0.003846 0.003796 0.004480 0.895489 0.003719 0.081422 0.003458 0.003791 
0.030615 0.026212 0.282029 0.027524 0.030193 0.029099 0.031292 0.543036 
Document 74
0.005938 0.482846 0.005217 0.005351 0.482614 0.007336 0.005009 0.005688 
0.020703 0.020433 0.232814 0.646146 0.020020 0.020867 0.018611 0.020404 
0.128050 0.109635 0.118749 0.115120 0.126284 0.121710 0.130879 0.149573 
Document 75
0.129218 0.126739 0.113529 0.116430 0.121694 0.159619 0.109004 0.123768 
0.008413 0.008303 0.688250 0.262565 0.008135 0.008480 0.007563 0.008291 
0.128050 0.109635 0.118749 0.115120 0.126284 0.121710 0.130879 0.149573 
Document 76
0.129218 0.126739 0.113529 0.116430 0.121694 0.159619 0.109004 0.123768 
0.707789 0.016905 0.019950 0.016584 0.016563 0.017264 0.015398 0.189546 
0.062134 0.567964 0.057621 0.055860 0.061278 0.059058 0.063507 0.072578 
Document 77
0.129218 0.126739 0.113529 0.116430 0.121694 0.159619 0.109004 0.123768 
0.001421 0.287970 0.288223 0.001376 0.001374 0.001433 0.029935 0.388267 
0.003454 0.002958 0.003203 0.003106 0.003407 0.003283 0.547279 0.433310 
Document 78
0.129218 0.126739 0.113529 0.116430 0.121694 0.159619 0.109004 0.123768 
0.613545 0.054649 0.064493 0.053609 0.053545 0.055811 0.049776 0.054572 
0.163854 0.394305 0.008649 0.008384 0.086462 0.317920 0.009532 0.010894 
Document 79
0.005226 0.005126 0.004592 0.004709 0.004922 0.966011 0.004409 0.005006 
0.003330 0.003286 0.171711 0.238190 0.003220 0.070489 0.002993 0.506780 
0.008657 0.007412 0.008028 0.007783 0.654040 0.295118 0.008848 0.010112 
Document 80
0.004021 0.003943 0.095807 0.003623 0.003786 0.604753 0.003392 0.280675 
0.004552 0.004493 0.005302 0.004407 0.004402 0.417592 0.004092 0.555159 
0.013498 0.011556 0.012517 0.347606 0.572431 0.012829 0.013796 0.015766 
Document 81
0.129218 0.126739 0.113529 0.116430 0.121694 0.159619 0.109004 0.123768 
0.725033 0.009999 0.113929 0.111938 0.009797 0.010212 0.009108 0.009985 
0.062134 0.053199 0.057621 0.570625 0.061278 0.059058 0.063507 0.072578 
Document 82
0.007464 0.007321 0.006558 0.006726 0.007030 0.951454 0.006297 0.007150 
0.026164 0.025822 0.030474 0.816563 0.025301 0.026371 0.023520 0.025786 
0.342691 0.140761 0.141336 0.007262 0.074889 0.007678 0.275947 0.009436 
Document 83
0.129218 0.126739 0.113529 0.116430 0.121694 0.159619 0.109004 0.123768 
0.817395 0.025822 0.030474 0.025331 0.025301 0.026371 0.023520 0.025786 
0.008657 0.150857 0.223196 0.007783 0.510595 0.008229 0.008848 0.081835 
Document 84
0.052045 0.051046 0.045726 0.046894 0.049014 0.661523 0.043903 0.049850 
0.009193 0.009072 0.010707 0.379560 0.472214 0.009265 0.100929 0.009060 
0.128050 0.109635 0.118749 0.115120 0.126284 0.121710 0.130879 0.149573 
Document 85
0.008164 0.195371 0.007173 0.007356 0.007688 0.759542 0.006887 0.007819 
0.055372 0.054649 0.622667 0.053609 0.053545 0.055811 0.049776 0.054572 
0.062134 0.053199 0.057621 0.055860 0.061278 0.059058 0.578272 0.072578 
Document 86
0.388350 0.005453 0.068683 0.005009 0.005236 0.517254 0.004690 0.005325 
0.003330 0.103986 0.003878 0.540289 0.003220 0.339022 0.002993 0.003282 
0.008078 0.006916 0.074414 0.007262 0.409502 0.007678 0.409792 0.076358 
Document 87
0.018643 0.018285 0.016379 0.230730 0.017557 0.023029 0.015726 0.659652 
0.011284 0.011136 0.923106 0.010925 0.010911 0.011373 0.010144 0.011121 
0.128050 0.109635 0.118749 0.115120 0.126284 0.121710 0.130879 0.149573 
Document 88
0.015357 0.015063 0.013493 0.013837 0.895615 0.018970 0.012955 0.014710 
0.007755 0.007654 0.009033 0.007508 0.945618 0.007817 0.006972 0.007643 
0.833442 0.065122 0.006607 0.065428 0.007026 0.006772 0.007282 0.008322 
Document 89
0.005938 0.959868 0.005217 0.005351 0.005593 0.007336 0.005009 0.005688 
0.911140 0.012566 0.014829 0.012327 0.012312 0.012833 0.011445 0.012548 
0.020312 0.017390 0.018836 0.018261 0.020032 0.860684 0.020760 0.023726 
Document 90
0.015357 0.896215 0.013493 0.013837 0.014463 0.018970 0.012955 0.014710 
0.654452 0.012566 0.271517 0.012327 0.012312 0.012833 0.011445 0.012548 
0.041019 0.035120 0.038040 0.716540 0.040454 0.038988 0.041925 0.047914 
Document 91
0.015357 0.015063 0.013493 0.013837 0.014463 0.900123 0.012955 0.014710 
0.362459 0.016905 0.019950 0.016584 0.016563 0.189930 0.015398 0.362212 
0.128050 0.109635 0.118749 0.115120 0.126284 0.121710 0.130879 0.149573 
Document 92
0.011355 0.923262 0.009976 0.010231 0.010694 0.014027 0.009579 0.010876 
0.006707 0.006619 0.751479 0.006493 0.006485 0.209578 0.006029 0.006610 
0.102416 0.100830 0.284386 0.466845 0.010879 0.010484 0.011274 0.012885 
Document 93
0.023716 0.023261 0.020837 0.021369 0.838798 0.029296 0.020006 0.022716 
0.472518 0.101737 0.103372 0.008900 0.101554 0.009265 0.008264 0.194390 
0.128050 0.109635 0.118749 0.115120 0.126284 0.121710 0.130879 0.149573 
Document 94
0.032584 0.031959 0.776463 0.029360 0.030687 0.040250 0.027487 0.031210 
0.008413 0.093109 0.264218 0.601790 0.008135 0.008480 0.007563 0.008291 
0.017386 0.158923 0.016123 0.015630 0.017146 0.016525 0.017770 0.740496 
Document 95
0.129218 0.126739 0.113529 0.116430 0.121694 0.159619 0.109004 0.123768 
0.005908 0.005831 0.959741 0.005720 0.005713 0.005955 0.005311 0.005822 
0.024421 0.020909 0.022647 0.021955 0.833369 0.023212 0.024961 0.028526 
Document 96
0.009008 0.939126 0.007914 0.008116 0.008483 0.011127 0.007599 0.008628 
0.004771 0.774252 0.005557 0.148909 0.004614 0.004809 0.004289 0.052799 
0.367269 0.007412 0.008028 0.007783 0.438873 0.008229 0.008848 0.153557 
Document 97
0.005226 0.005126 0.064564 0.004709 0.004922 0.906039 0.004409 0.005006 
0.581929 0.245191 0.053654 0.004619 0.004614 0.004809 0.100482 0.004702 
0.008657 0.079135 0.008028 0.007783 0.438873 0.438563 0.008848 0.010112 
Document 98
0.023716 0.295416 0.020837 0.021369 0.022335 0.029296 0.020006 0.567024 
0.880454 0.016905 0.019950 0.016584 0.016563 0.017264 0.015398 0.016881 
0.013498 0.123380 0.012517 0.459430 0.013312 0.012829 0.013796 0.351238 
Document 99
0.052045 0.051046 0.045726 0.644128 0.049014 0.064289 0.043903 0.049850 
0.125029 0.466118 0.240634 0.010925 0.010911 0.011373 0.010144 0.124866 
0.041019 0.035120 0.038040 0.036877 0.040454 0.038988 0.041925 0.727577 
Document 100
0.195528 0.101689 0.007173 0.007356 0.007688 0.384813 0.100569 0.195184 
0.012732 0.140910 0.014829 0.012327 0.012312 0.012833 0.781510 0.012548 
0.305461 0.446998 0.016123 0.015630 0.017146 0.016525 0.161808 0.020308 
Document 101
0.129218 0.126739 0.113529 0.116430 0.121694 0.159619 0.109004 0.123768 
0.789521 0.085831 0.009033 0.007508 0.085676 0.007817 0.006972 0.007643 
0.467959 0.009444 0.010229 0.009917 0.010879 0.467413 0.011274 0.012885 
Document 102
0.129218 0.126739 0.113529 0.116430 0.121694 0.159619 0.109004 0.123768 
0.007755 0.164007 0.790798 0.007508 0.007499 0.007817 0.006972 0.007643 
0.020312 0.017390 0.018836 0.859638 0.020032 0.019306 0.020760 0.023726 
Document 103
0.240610 0.701545 0.008826 0.009052 0.009461 0.012410 0.008474 0.009622 
0.012732 0.269254 0.014829 0.012327 0.140656 0.141177 0.011445 0.397580 
0.030615 0.026212 0.028391 0.534799 0.030193 0.282737 0.031292 0.035761 
Document 104
0.446506 0.018285 0.016379 0.016798 0.445421 0.023029 0.015726 0.017856 
0.512882 0.006200 0.450592 0.006082 0.006075 0.006332 0.005647 0.006191 
0.012140 0.010394 0.011258 0.010914 0.112550 0.011539 0.012408 0.818796 
Document 105
0.052045 0.051046 0.045726 0.046894 0.646248 0.064289 0.043903 0.049850 
0.011284 0.693609 0.240634 0.010925 0.010911 0.011373 0.010144 0.011121 
0.041019 0.035120 0.377871 0.036877 0.380285 0.038988 0.041925 0.047914 
Document 106
0.002751 0.570981 0.160273 0.002479 0.097305 0.098112 0.002321 0.065778 
0.010131 0.929158 0.011800 0.009809 0.009797 0.010212 0.009108 0.009985 
0.704702 0.007985 0.240441 0.008384 0.009198 0.008864 0.009532 0.010894 
Document 107
0.008164 0.008007 0.007173 0.007356 0.757146 0.010084 0.006887 0.195184 
0.520775 0.009999 0.011800 0.009809 0.418312 0.010212 0.009108 0.009985 
0.128050 0.109635 0.118749 0.115120 0.126284 0.121710 0.130879 0.149573 
Document 108
0.129218 0.126739 0.113529 0.116430 0.121694 0.159619 0.109004 0.123768 
0.267608 0.706310 0.005070 0.004214 0.004209 0.004387 0.003913 0.004290 
0.348969 0.458852 0.012517 0.012135 0.013312 0.124653 0.013796 0.015766 
Document 109
0.156912 0.055172 0.258029 0.003991 0.054999 0.462919 0.003736 0.004242 
0.055539 0.004947 0.662684 0.004853 0.257480 0.005052 0.004506 0.004940 
0.030615 0.026212 0.789304 0.027524 0.030193 0.029099 0.031292 0.035761 
Document 110
0.129218 0.126739 0.113529 0.116430 0.121694 0.159619 0.109004 0.123768 
0.002625 0.002591 0.426432 0.002541 0.372991 0.002646 0.002360 0.187814 
0.364715 0.002202 0.002385 0.002312 0.023838 0.385891 0.002628 0.216029 
Document 111
0.052045 0.051046 0.045726 0.046894 0.049014 0.064289 0.641137 0.049850 
0.010131 0.929158 0.011800 0.009809 0.009797 0.010212 0.009108 0.009985 
0.086590 0.007985 0.008649 0.008384 0.009198 0.858769 0.009532 0.010894 
Document 112
0.006876 0.006744 0.006041 0.006195 0.637669 0.324090 0.005800 0.006586 
0.002851 0.117784 0.376975 0.462642 0.002757 0.031617 0.002563 0.002810 
0.015197 0.264817 0.014093 0.013663 0.392696 0.140347 0.141436 0.017751 
Document 113
0.007464 0.949555 0.006558 0.006726 0.007030 0.009221 0.006297 0.007150 
0.004552 0.646943 0.326528 0.004407 0.004402 0.004588 0.004092 0.004487 
0.020312 0.017390 0.018836 0.018261 0.020032 0.019306 0.020760 0.865103 
Document 114
0.023716 0.023261 0.020837 0.021369 0.022335 0.845759 0.020006 0.022716 
0.489699 0.003401 0.004013 0.211730 0.003332 0.003473 0.003097 0.281255 
0.008078 0.943833 0.007491 0.007262 0.007966 0.007678 0.008256 0.009436 
Document 115
0.649278 0.051046 0.045726 0.046894 0.049014 0.064289 0.043903 0.049850 
0.055372 0.054649 0.064493 0.611783 0.053545 0.055811 0.049776 0.054572 
0.644711 0.264817 0.014093 0.013663 0.014987 0.014445 0.015533 0.017751 
Document 116
0.032584 0.031959 0.028628 0.029360 0.030687 0.788085 0.027487 0.031210 
0.012732 0.012566 0.014829 0.654047 0.012312 0.012833 0.011445 0.269236 
0.017386 0.014886 0.016123 0.015630 0.017146 0.016525 0.017770 0.884533 
Document 117
0.018643 0.874012 0.016379 0.016798 0.017557 0.023029 0.015726 0.017856 
0.017129 0.016905 0.019950 0.879909 0.016563 0.017264 0.015398 0.016881 
0.128050 0.109635 0.118749 0.115120 0.126284 0.121710 0.130879 0.149573 
Document 118
0.007464 0.007321 0.006558 0.006726 0.007030 0.694481 0.006297 0.264122 
0.004771 0.004709 0.005557 0.533680 0.004614 0.245291 0.196675 0.004702 
0.128050 0.109635 0.118749 0.115120 0.126284 0.121710 0.130879 0.149573 
Document 119
0.015357 0.015063 0.013493 0.190068 0.014463 0.018970 0.012955 0.719631 
0.014607 0.014416 0.017013 0.014142 0.308608 0.014722 0.013131 0.603362 
0.030615 0.026212 0.028391 0.027524 0.030193 0.029099 0.031292 0.796674 
Document 120
0.005938 0.005824 0.209655 0.005351 0.005593 0.756941 0.005009 0.005688 
0.007193 0.007099 0.008378 0.224488 0.151972 0.587315 0.006466 0.007089 
0.010107 0.511055 0.009373 0.427755 0.009968 0.009607 0.010330 0.011806 
Document 121
0.061510 0.400889 0.004332 0.061022 0.004643 0.175828 0.004159 0.287618 
0.009193 0.009072 0.010707 0.472225 0.379549 0.009265 0.100929 0.009060 
0.062134 0.053199 0.057621 0.055860 0.061278 0.059058 0.063507 0.587343 
Document 122
0.011355 0.011137 0.009976 0.140535 0.010694 0.665544 0.009579 0.141180 
0.158936 0.430292 0.392204 0.003724 0.003719 0.003877 0.003458 0.003791 
0.013498 0.123380 0.571637 0.012135 0.236959 0.012829 0.013796 0.015766 
Document 123
0.018643 0.018285 0.016379 0.016798 0.017557 0.878756 0.015726 0.017856 
0.055372 0.054649 0.622667 0.053609 0.053545 0.055811 0.049776 0.054572 
0.030615 0.026212 0.028391 0.027524 0.030193 0.790012 0.031292 0.035761 
Document 124
0.009008 0.008835 0.007914 0.008116 0.111849 0.011127 0.007599 0.835553 
0.005279 0.164856 0.006149 0.005111 0.803336 0.005321 0.004746 0.005203 
0.046808 0.004316 0.213508 0.046299 0.004972 0.004792 0.297518 0.381787 
Document 125
0.052045 0.051046 0.045726 0.046894 0.049014 0.661523 0.043903 0.049850 
0.020703 0.229133 0.024114 0.020045 0.020020 0.020867 0.644713 0.020404 
0.284253 0.026212 0.535666 0.027524 0.030193 0.029099 0.031292 0.035761 
Document 126
0.003843 0.003769 0.003377 0.047566 0.003619 0.886800 0.003242 0.047784 
0.006282 0.322825 0.007317 0.069407 0.069400 0.006332 0.512247 0.006191 
0.237145 0.011556 0.124341 0.012135 0.013312 0.012829 0.125620 0.463062 
Document 127
0.003843 0.444796 0.003377 0.003463 0.003619 0.181158 0.003242 0.356502 
0.012732 0.012566 0.784894 0.140671 0.012312 0.012833 0.011445 0.012548 
0.062134 0.053199 0.572386 0.055860 0.061278 0.059058 0.063507 0.072578 
Document 128
0.129218 0.126739 0.113529 0.116430 0.121694 0.159619 0.109004 0.123768 
0.898056 0.014416 0.017013 0.014142 0.014125 0.014722 0.013131 0.014396 
0.062134 0.053199 0.057621 0.055860 0.061278 0.573823 0.063507 0.072578 
Document 129
0.003394 0.003329 0.002982 0.042008 0.236892 0.705281 0.002863 0.003251 
0.010131 0.009999 0.930960 0.009809 0.009797 0.010212 0.009108 0.009985 
0.062134 0.053199 0.057621 0.055860 0.576043 0.059058 0.063507 0.072578 
Document 130
0.011355 0.011137 0.009976 0.661749 0.271301 0.014027 0.009579 0.010876 
0.012732 0.910974 0.014829 0.012327 0.012312 0.012833 0.011445 0.012548 
0.012140 0.010394 0.011258 0.614376 0.011973 0.011539 0.012408 0.315911 
Document 131
0.002376 0.002331 0.002088 0.002141 0.002238 0.902746 0.002004 0.084077 
0.634645 0.004115 0.088920 0.130132 0.004032 0.004203 0.129843 0.004109 
0.015197 0.013011 0.014093 0.013663 0.014987 0.014445 0.896852 0.017751 
Document 132
0.052045 0.051046 0.045726 0.046894 0.049014 0.064289 0.043903 0.647083 
0.009193 0.935723 0.010707 0.008900 0.008889 0.009265 0.008264 0.009060 
0.015197 0.013011 0.517704 0.013663 0.014987 0.014445 0.393241 0.017751 
Document 133
0.512704 0.004344 0.003891 0.003991 0.004171 0.462919 0.003736 0.004242 
0.205683 0.003949 0.690378 0.003874 0.044206 0.004033 0.003597 0.044280 
0.015197 0.013011 0.895413 0.013663 0.014987 0.014445 0.015533 0.017751 
Document 134
0.052045 0.051046 0.045726 0.046894 0.049014 0.064289 0.043903 0.647083 
0.020703 0.020433 0.024114 0.228745 0.020020 0.020867 0.644713 0.020404 
0.128050 0.109635 0.118749 0.115120 0.126284 0.121710 0.130879 0.149573 
Document 135
0.013056 0.761938 0.011471 0.011764 0.012296 0.016128 0.011014 0.162332 
0.012732 0.012566 0.014829 0.012327 0.012312 0.012833 0.011445 0.910956 
0.012140 0.010394 0.614720 0.010914 0.313704 0.011539 0.012408 0.014181 
Document 136
0.006876 0.006744 0.006041 0.006195 0.006475 0.797486 0.084699 0.085485 
0.003703 0.974109 0.004313 0.003585 0.003581 0.003732 0.003329 0.003649 
0.012140 0.010394 0.011258 0.010914 0.514858 0.011539 0.112985 0.315911 
Document 137
0.023716 0.023261 0.837299 0.021369 0.022335 0.029296 0.020006 0.022716 
0.520775 0.009999 0.011800 0.009809 0.316183 0.010212 0.009108 0.112114 
0.007571 0.069207 0.007021 0.006807 0.007467 0.007196 0.760437 0.134294 
Document 138
0.032584 0.031959 0.028628 0.029360 0.778522 0.040250 0.027487 0.031210 
0.017129 0.016905 0.019950 0.189249 0.361894 0.017264 0.360728 0.016881 
0.062134 0.053199 0.057621 0.055860 0.061278 0.059058 0.063507 0.587343 
Document 139
0.007464 0.007321 0.006558 0.092383 0.007030 0.694481 0.006297 0.178465 
0.006282 0.006200 0.830541 0.006082 0.006075 0.006332 0.005647 0.132841 
0.128050 0.109635 0.118749 0.115120 0.126284 0.121710 0.130879 0.149573 
Document 140
0.013056 0.761938 0.011471 0.011764 0.012296 0.016128 0.011014 0.162332 
0.379853 0.472398 0.010707 0.008900 0.008889 0.009265 0.008264 0.101725 
0.720682 0.035120 0.038040 0.036877 0.040454 0.038988 0.041925 0.047914 
Document 141
0.052045 0.051046 0.045726 0.046894 0.049014 0.064289 0.043903 0.647083 
0.011284 0.011136 0.013143 0.010925 0.010911 0.011373 0.920107 0.011121 
0.024421 0.020909 0.022647 0.021955 0.024084 0.023212 0.024961 0.837811 
Document 142
0.018643 0.660080 0.016379 0.016798 0.017557 0.023029 0.015726 0.231788 
0.007755 0.007654 0.009033 0.945627 0.007499 0.007817 0.006972 0.007643 
0.015197 0.264817 0.014093 0.013663 0.014987 0.014445 0.645047 0.017751 
Document 143
0.032584 0.779794 0.028628 0.029360 0.030687 0.040250 0.027487 0.031210 
0.005012 0.004947 0.814264 0.105906 0.055374 0.005052 0.004506 0.004940 
0.062134 0.053199 0.057621 0.055860 0.061278 0.059058 0.063507 0.587343 
Document 144
0.023716 0.023261 0.020837 0.021369 0.022335 0.573605 0.020006 0.294870 
0.017129 0.016905 0.019950 0.016584 0.879889 0.017264 0.015398 0.016881 
0.012140 0.010394 0.011258 0.010914 0.011973 0.011539 0.012408 0.919373 
Document 145
0.525836 0.008835 0.007914 0.008116 0.421946 0.011127 0.007599 0.008628 
0.079701 0.007099 0.008378 0.006964 0.804545 0.007250 0.006466 0.079597 
0.012140 0.010394 0.011258 0.010914 0.112550 0.112116 0.012408 0.718219 
Document 146
0.004666 0.807816 0.004100 0.004205 0.004395 0.166412 0.003936 0.004470 
0.003846 0.003796 0.741155 0.003724 0.003719 0.003877 0.003458 0.236425 
0.020312 0.017390 0.018836 0.018261 0.020032 0.019306 0.525587 0.360277 
Document 147
0.162883 0.462285 0.011471 0.011764 0.162123 0.165955 0.011014 0.012506 
0.010131 0.009999 0.930960 0.009809 0.009797 0.010212 0.009108 0.009985 
0.024421 0.020909 0.629611 0.021955 0.024084 0.023212 0.227282 0.028526 
Document 148
0.007464 0.692582 0.006558 0.006726 0.007030 0.009221 0.006297 0.264122 
0.006282 0.006200 0.830541 0.006082 0.006075 0.006332 0.005647 0.132841 
0.720682 0.035120 0.038040 0.036877 0.040454 0.038988 0.041925 0.047914 
Document 149
0.052045 0.648280 0.045726 0.046894 0.049014 0.064289 0.043903 0.049850 
0.309090 0.014416 0.017013 0.603108 0.014125 0.014722 0.013131 0.014396 
0.128050 0.109635 0.118749 0.115120 0.126284 0.121710 0.130879 0.149573 
Document 150
0.129218 0.126739 0.113529 0.116430 0.121694 0.159619 0.109004 0.123768 
0.214389 0.622772 0.011800 0.009809 0.009797 0.010212 0.009108 0.112114 
0.128050 0.109635 0.118749 0.115120 0.126284 0.121710 0.130879 0.149573 
Document 151
0.649278 0.051046 0.045726 0.046894 0.049014 0.064289 0.043903 0.049850 
0.287188 0.657728 0.010707 0.008900 0.008889 0.009265 0.008264 0.009060 
0.009326 0.085249 0.008649 0.008384 0.009198 0.163392 0.009532 0.706270 
Document 152
0.129218 0.126739 0.113529 0.116430 0.121694 0.159619 0.109004 0.123768 
0.623847 0.117916 0.006494 0.005398 0.230218 0.005620 0.005012 0.005495 
0.720682 0.035120 0.038040 0.036877 0.040454 0.038988 0.041925 0.047914 
Document 153
0.052045 0.648280 0.045726 0.046894 0.049014 0.064289 0.043903 0.049850 
0.843178 0.009072 0.010707 0.008900 0.008889 0.009265 0.100929 0.009060 
0.062134 0.053199 0.572386 0.055860 0.061278 0.059058 0.063507 0.072578 
Document 154
0.013056 0.612112 0.011471 0.311417 0.012296 0.016128 0.011014 0.012506 
0.953192 0.006619 0.007811 0.006493 0.006485 0.006760 0.006029 0.006610 
0.020312 0.017390 0.018836 0.859638 0.020032 0.019306 0.020760 0.023726 
Document 155
0.023716 0.023261 0.020837 0.021369 0.838798 0.029296 0.020006 0.022716 
0.003446 0.350725 0.629196 0.003336 0.003332 0.003473 0.003097 0.003396 
0.007571 0.006482 0.446095 0.006807 0.446541 0.007196 0.070463 0.008844 
Document 156
0.129218 0.126739 0.113529 0.116430 0.121694 0.159619 0.109004 0.123768 
0.012732 0.012566 0.913238 0.012327 0.012312 0.012833 0.011445 0.012548 
0.012140 0.010394 0.011258 0.010914 0.011973 0.011539 0.012408 0.919373 
Document 157
0.052045 0.051046 0.045726 0.046894 0.646248 0.064289 0.043903 0.049850 
0.020703 0.020433 0.024114 0.020045 0.020020 0.020867 0.853413 0.020404 
0.062134 0.053199 0.057621 0.055860 0.576043 0.059058 0.063507 0.072578 
Document 158
0.015357 0.015063 0.013493 0.013837 0.014463 0.900123 0.012955 0.014710 
0.014607 0.308899 0.017013 0.014142 0.014125 0.014722 0.602097 0.014396 
0.128050 0.109635 0.118749 0.115120 0.126284 0.121710 0.130879 0.149573 
Document 159
0.010046 0.816827 0.008826 0.009052 0.009461 0.127691 0.008474 0.009622 
0.055372 0.054649 0.064493 0.053609 0.053545 0.055811 0.049776 0.612745 
0.024421 0.020909 0.022647 0.021955 0.024084 0.832497 0.024961 0.028526 
Document 160
0.011355 0.011137 0.009976 0.010231 0.010694 0.926151 0.009579 0.010876 
0.007193 0.007099 0.153394 0.804553 0.006956 0.007250 0.006466 0.007089 
0.062134 0.053199 0.572386 0.055860 0.061278 0.059058 0.063507 0.072578 
Document 161
0.129218 0.126739 0.113529 0.116430 0.121694 0.159619 0.109004 0.123768 
0.005576 0.005503 0.006494 0.904701 0.005392 0.005620 0.061219 0.005495 
0.013498 0.458852 0.012517 0.012135 0.013312 0.460125 0.013796 0.015766 
Document 162
0.004666 0.004577 0.164748 0.646796 0.004395 0.166412 0.003936 0.004470 
0.449557 0.006200 0.133967 0.006082 0.196050 0.196307 0.005647 0.006191 
0.024421 0.020909 0.022647 0.021955 0.024084 0.023212 0.024961 0.837811 
Document 163
0.003532 0.003464 0.205742 0.003182 0.003326 0.369113 0.002979 0.408661 
0.711344 0.007654 0.009033 0.007508 0.242029 0.007817 0.006972 0.007643 
0.020312 0.017390 0.018836 0.018261 0.524858 0.019306 0.020760 0.360277 
Document 164
0.003267 0.003204 0.002870 0.002944 0.003077 0.491394 0.002756 0.490488 
0.002625 0.134895 0.399971 0.002541 0.002538 0.240794 0.002360 0.214275 
0.024421 0.020909 0.022647 0.224276 0.024084 0.023212 0.024961 0.635490 
Document 165
0.129218 0.126739 0.113529 0.116430 0.121694 0.159619 0.109004 0.123768 
0.011284 0.352373 0.013143 0.010925 0.465893 0.125119 0.010144 0.011121 
0.020312 0.017390 0.860214 0.018261 0.020032 0.019306 0.020760 0.023726 
Document 166
0.023716 0.023261 0.020837 0.021369 0.022335 0.029296 0.020006 0.839179 
0.006282 0.829425 0.007317 0.006082 0.069400 0.006332 0.005647 0.069516 
0.013498 0.682500 0.012517 0.012135 0.013312 0.012829 0.237444 0.015766 
Document 167
0.052045 0.051046 0.045726 0.046894 0.049014 0.661523 0.043903 0.049850 
0.466266 0.011136 0.013143 0.010925 0.352148 0.011373 0.010144 0.124866 
0.576899 0.053199 0.057621 0.055860 0.061278 0.059058 0.063507 0.072578 
Document 168
0.129218 0.126739 0.113529 0.116430 0.121694 0.159619 0.109004 0.123768 
0.369734 0.007099 0.370918 0.151980 0.006956 0.007250 0.006466 0.079597 
0.007124 0.065122 0.006607 0.655655 0.007026 0.242862 0.007282 0.008322 
Document 169
0.018643 0.018285 0.016379 0.016798 0.017557 0.878756 0.015726 0.017856 
0.010131 0.520643 0.011800 0.418324 0.009797 0.010212 0.009108 0.009985 
0.010107 0.008653 0.009373 0.427755 0.344902 0.009607 0.010330 0.179273 
Document 170
0.006373 0.006250 0.005599 0.810166 0.006002 0.007872 0.005376 0.152363 
0.432445 0.093109 0.009799 0.008145 0.008135 0.008480 0.431595 0.008291 
0.128050 0.109635 0.118749 0.115120 0.126284 0.121710 0.130879 0.149573 
Document 171
0.015357 0.367524 0.013493 0.013837 0.014463 0.547662 0.012955 0.014710 
0.005012 0.459686 0.511104 0.004853 0.004847 0.005052 0.004506 0.004940 
0.013498 0.794324 0.012517 0.012135 0.013312 0.124653 0.013796 0.015766 
Document 172
0.649278 0.051046 0.045726 0.046894 0.049014 0.064289 0.043903 0.049850 
0.042619 0.507837 0.430976 0.003724 0.003719 0.003877 0.003458 0.003791 
