Document 0
0.037390 0.037816 0.032868 0.034622 0.736499 0.057259 0.028659 0.034886 
0.016516 0.015779 0.021943 0.883837 0.015425 0.017012 0.015282 0.014205 
0.079014 0.057059 0.477315 0.068085 0.079366 0.061706 0.078160 0.099296 
Document 1
0.037390 0.037816 0.032868 0.034622 0.736499 0.057259 0.028659 0.034886 
0.008845 0.008450 0.011751 0.008811 0.937243 0.009110 0.008184 0.007607 
0.338138 0.014762 0.017586 0.017614 0.020533 0.015964 0.020221 0.555183 
Document 2
0.124631 0.126050 0.109558 0.115406 0.121680 0.190860 0.095529 0.116285 
0.239727 0.009743 0.625626 0.086669 0.009524 0.010504 0.009436 0.008771 
0.035464 0.025610 0.030510 0.030558 0.035622 0.027696 0.035081 0.779460 
Document 3
0.004888 0.004943 0.004297 0.050277 0.004772 0.922517 0.003746 0.004560 
0.011043 0.010550 0.926003 0.011001 0.010313 0.011374 0.010218 0.009498 
0.013365 0.009651 0.011498 0.011516 0.013424 0.010437 0.567123 0.362985 
Document 4
0.010838 0.518206 0.009527 0.010036 0.112030 0.016597 0.008307 0.314459 
0.337898 0.129926 0.048902 0.213242 0.005172 0.254974 0.005124 0.004763 
0.133771 0.096602 0.115087 0.115268 0.134367 0.104469 0.132326 0.168109 
Document 5
0.244848 0.532577 0.004503 0.004743 0.005001 0.199624 0.003926 0.004779 
0.006641 0.006345 0.955498 0.006616 0.006202 0.006840 0.006145 0.005712 
0.010466 0.007558 0.009004 0.009019 0.010513 0.008174 0.064574 0.880692 
Document 6
0.027696 0.287269 0.542862 0.025646 0.027041 0.042414 0.021229 0.025842 
0.009473 0.009050 0.296874 0.649085 0.008847 0.009758 0.008765 0.008148 
0.018484 0.013348 0.015902 0.111686 0.210083 0.110193 0.018284 0.502020 
Document 7
0.124631 0.126050 0.109558 0.115406 0.121680 0.190860 0.095529 0.116285 
0.455066 0.006345 0.507073 0.006616 0.006202 0.006840 0.006145 0.005712 
0.079014 0.057059 0.067977 0.068085 0.079366 0.061706 0.078160 0.508633 
Document 8
0.021994 0.022245 0.019334 0.843891 0.021474 0.033682 0.016858 0.020521 
0.014696 0.014040 0.129775 0.014640 0.785478 0.015136 0.013597 0.012639 
0.035464 0.209333 0.030510 0.030558 0.035622 0.578865 0.035081 0.044567 
Document 9
0.124631 0.126050 0.109558 0.115406 0.121680 0.190860 0.095529 0.116285 
0.590981 0.093398 0.263216 0.011001 0.010313 0.011374 0.010218 0.009498 
0.133771 0.096602 0.115087 0.115268 0.134367 0.104469 0.132326 0.168109 
Document 10
0.010838 0.619655 0.009527 0.010036 0.010581 0.320944 0.008307 0.010112 
0.368518 0.005770 0.597052 0.006016 0.005640 0.006221 0.005588 0.005194 
0.011739 0.008477 0.010100 0.070932 0.011792 0.009168 0.011612 0.866180 
Document 11
0.021994 0.434007 0.019334 0.020366 0.021474 0.445445 0.016858 0.020521 
0.018852 0.018011 0.166485 0.018781 0.017607 0.019418 0.724632 0.016214 
0.020441 0.544256 0.017586 0.229412 0.020533 0.015964 0.020221 0.131587 
Document 12
0.124631 0.126050 0.109558 0.115406 0.121680 0.190860 0.095529 0.116285 
0.021958 0.020978 0.029173 0.021875 0.514721 0.022617 0.020317 0.348361 
0.305759 0.300623 0.015902 0.015927 0.018566 0.014435 0.305559 0.023229 
Document 13
0.124631 0.126050 0.109558 0.115406 0.121680 0.190860 0.095529 0.116285 
0.021958 0.020978 0.852862 0.021875 0.020507 0.022617 0.020317 0.018885 
0.133771 0.096602 0.115087 0.115268 0.134367 0.104469 0.132326 0.168109 
Document 14
0.037390 0.037816 0.032868 0.034622 0.036505 0.057259 0.028659 0.734880 
0.007808 0.651856 0.127537 0.007779 0.124455 0.008043 0.065806 0.006716 
0.043446 0.031374 0.037377 0.487586 0.043639 0.033929 0.042976 0.279672 
Document 15
0.021994 0.022245 0.019334 0.020366 0.021474 0.857207 0.016858 0.020521 
0.141556 0.340229 0.476242 0.008811 0.008260 0.009110 0.008184 0.007607 
0.010466 0.007558 0.009004 0.009019 0.010513 0.062395 0.227238 0.663807 
Document 16
0.124631 0.126050 0.109558 0.115406 0.121680 0.190860 0.095529 0.116285 
0.676199 0.014040 0.019524 0.235141 0.013724 0.015136 0.013597 0.012639 
0.141304 0.016510 0.019669 0.019700 0.022964 0.017855 0.022616 0.739381 
Document 17
0.005665 0.217851 0.004980 0.005246 0.005531 0.751099 0.004342 0.005286 
0.443882 0.007924 0.011020 0.506077 0.007746 0.008543 0.007674 0.007134 
0.018484 0.013348 0.015902 0.015927 0.018566 0.014435 0.880108 0.023229 
Document 18
0.010838 0.010961 0.110976 0.010036 0.010581 0.523842 0.008307 0.314459 
0.005113 0.004885 0.735593 0.005093 0.196564 0.005266 0.004731 0.042755 
0.029959 0.021635 0.025775 0.336231 0.030093 0.023397 0.495260 0.037650 
Document 19
0.021994 0.022245 0.019334 0.226248 0.021474 0.651326 0.016858 0.020521 
0.006039 0.005770 0.959531 0.006016 0.005640 0.006221 0.005588 0.005194 
0.010466 0.061779 0.009004 0.117461 0.118955 0.062395 0.552565 0.067374 
Document 20
0.595977 0.058178 0.050566 0.053265 0.056161 0.088091 0.044091 0.053671 
0.005538 0.213016 0.672078 0.088607 0.005172 0.005704 0.005124 0.004763 
0.401517 0.013348 0.015902 0.111686 0.210083 0.014435 0.018284 0.214745 
Document 21
0.124631 0.126050 0.109558 0.115406 0.121680 0.190860 0.095529 0.116285 
0.189629 0.041645 0.745360 0.004905 0.004599 0.005072 0.004556 0.004235 
0.043446 0.031374 0.037377 0.037436 0.043639 0.033929 0.718200 0.054598 
Document 22
0.012061 0.012199 0.123506 0.688586 0.011776 0.018471 0.009245 0.124157 
0.006039 0.005770 0.597052 0.232566 0.005640 0.006221 0.005588 0.141124 
0.043446 0.031374 0.037377 0.037436 0.268714 0.033929 0.042976 0.504747 
Document 23
0.027696 0.028012 0.542862 0.025646 0.027041 0.042414 0.021229 0.285099 
0.021958 0.020978 0.029173 0.845564 0.020507 0.022617 0.020317 0.018885 
0.056064 0.040487 0.048234 0.048310 0.056314 0.043784 0.055459 0.651349 
Document 24
0.008309 0.475069 0.007304 0.007694 0.241445 0.246057 0.006369 0.007753 
0.016516 0.015779 0.889326 0.016454 0.015425 0.017012 0.015282 0.014205 
0.018484 0.109106 0.494693 0.303202 0.018566 0.014435 0.018284 0.023229 
Document 25
0.027696 0.028012 0.283604 0.025646 0.027041 0.560930 0.021229 0.025842 
0.021958 0.020978 0.029173 0.845564 0.020507 0.022617 0.020317 0.018885 
0.029959 0.021635 0.025775 0.025815 0.030093 0.799436 0.029636 0.037650 
Document 26
0.018239 0.359909 0.186764 0.016889 0.017807 0.027931 0.013980 0.358480 
0.124946 0.014040 0.129775 0.676143 0.013724 0.015136 0.013597 0.012639 
0.056064 0.040487 0.048234 0.048310 0.637208 0.043784 0.055459 0.070456 
Document 27
0.009010 0.009112 0.007920 0.008343 0.008796 0.435483 0.006906 0.514429 
0.006641 0.355120 0.457248 0.106266 0.006202 0.006840 0.006145 0.055537 
0.056064 0.040487 0.048234 0.338756 0.056314 0.043784 0.055459 0.360902 
Document 28
0.124631 0.126050 0.109558 0.115406 0.121680 0.190860 0.095529 0.116285 
0.016516 0.015779 0.021943 0.759925 0.015425 0.017012 0.015282 0.138117 
0.133771 0.096602 0.115087 0.115268 0.134367 0.104469 0.132326 0.168109 
Document 29
0.237867 0.012199 0.123506 0.011169 0.011776 0.582985 0.009245 0.011254 
0.014696 0.014040 0.681027 0.014640 0.234226 0.015136 0.013597 0.012639 
0.079014 0.057059 0.067977 0.068085 0.079366 0.061706 0.487498 0.099296 
Document 30
0.021994 0.022245 0.019334 0.226248 0.021474 0.651326 0.016858 0.020521 
0.124971 0.007460 0.186118 0.652175 0.007292 0.008043 0.007225 0.006716 
0.022863 0.490277 0.256553 0.019700 0.022964 0.017855 0.022616 0.147173 
Document 31
0.018239 0.018447 0.016033 0.358351 0.017807 0.540124 0.013980 0.017018 
0.283037 0.011503 0.557990 0.011995 0.011245 0.012402 0.011141 0.100688 
0.056064 0.040487 0.048234 0.629203 0.056314 0.043784 0.055459 0.070456 
Document 32
0.008309 0.008404 0.007304 0.007694 0.785888 0.168280 0.006369 0.007753 
0.004433 0.536322 0.172166 0.004416 0.070651 0.204098 0.004101 0.003812 
0.056064 0.330933 0.048234 0.338756 0.056314 0.043784 0.055459 0.070456 
Document 33
0.005665 0.005730 0.004980 0.005246 0.058561 0.008676 0.004342 0.906800 
0.004290 0.004099 0.971253 0.004274 0.004007 0.004419 0.003969 0.003690 
0.010466 0.007558 0.009004 0.009019 0.010513 0.008174 0.173017 0.772250 
Document 34
0.037390 0.037816 0.032868 0.034622 0.736499 0.057259 0.028659 0.034886 
0.124971 0.007460 0.654770 0.007779 0.065874 0.008043 0.124388 0.006716 
0.022863 0.134952 0.138111 0.019700 0.141406 0.017855 0.022616 0.502498 
Document 35
0.021994 0.022245 0.019334 0.020366 0.639117 0.239563 0.016858 0.020521 
0.018852 0.018011 0.732235 0.018781 0.017607 0.019418 0.017443 0.157652 
0.133771 0.096602 0.115087 0.115268 0.134367 0.104469 0.132326 0.168109 
Document 36
0.057523 0.058178 0.050566 0.053265 0.056161 0.626545 0.044091 0.053671 
0.026289 0.025116 0.034927 0.815105 0.024552 0.027078 0.024324 0.022610 
0.718669 0.031374 0.037377 0.037436 0.043639 0.033929 0.042976 0.054598 
Document 37
0.448178 0.511317 0.005922 0.006238 0.006578 0.010317 0.005164 0.006286 
0.124543 0.118984 0.165463 0.124069 0.116313 0.128279 0.115234 0.107114 
0.012499 0.009026 0.140262 0.010770 0.530590 0.009761 0.012364 0.274725 
Document 38
0.838785 0.009952 0.008650 0.009111 0.009607 0.107173 0.007542 0.009181 
0.043414 0.041476 0.383385 0.043249 0.040545 0.370423 0.040169 0.037339 
0.035464 0.393056 0.030510 0.214282 0.219345 0.027696 0.035081 0.044567 
Document 39
0.227876 0.022245 0.019334 0.020366 0.639117 0.033682 0.016858 0.020521 
0.014696 0.124290 0.240025 0.565892 0.013724 0.015136 0.013597 0.012639 
0.025934 0.018728 0.828442 0.022347 0.026050 0.020253 0.025654 0.032591 
Document 40
0.124631 0.126050 0.109558 0.115406 0.121680 0.190860 0.095529 0.116285 
0.016516 0.015779 0.021943 0.883837 0.015425 0.017012 0.015282 0.014205 
0.133771 0.096602 0.115087 0.115268 0.134367 0.104469 0.132326 0.168109 
Document 41
0.021994 0.022245 0.019334 0.020366 0.021474 0.857207 0.016858 0.020521 
0.021958 0.020978 0.193911 0.021875 0.020507 0.022617 0.679268 0.018885 
0.079014 0.057059 0.477315 0.068085 0.079366 0.061706 0.078160 0.099296 
Document 42
0.124631 0.126050 0.109558 0.115406 0.121680 0.190860 0.095529 0.116285 
0.293956 0.004099 0.488477 0.004274 0.197117 0.004419 0.003969 0.003690 
0.020441 0.014762 0.229384 0.017614 0.020533 0.015964 0.020221 0.661082 
Document 43
0.124631 0.126050 0.109558 0.115406 0.121680 0.190860 0.095529 0.116285 
0.012041 0.011503 0.015997 0.463656 0.011245 0.012402 0.462802 0.010356 
0.133771 0.096602 0.115087 0.115268 0.134367 0.104469 0.132326 0.168109 
Document 44
0.009010 0.093449 0.007920 0.008343 0.008796 0.688495 0.175580 0.008406 
0.010198 0.009743 0.013549 0.392707 0.545092 0.010504 0.009436 0.008771 
0.018484 0.013348 0.015902 0.015927 0.018566 0.014435 0.018284 0.885052 
Document 45
0.124631 0.126050 0.109558 0.115406 0.121680 0.190860 0.095529 0.116285 
0.694827 0.041476 0.057678 0.043249 0.040545 0.044716 0.040169 0.037339 
0.011739 0.373375 0.010100 0.131748 0.133424 0.009168 0.011612 0.318834 
Document 46
0.057523 0.058178 0.050566 0.591719 0.056161 0.088091 0.044091 0.053671 
0.016516 0.015779 0.021943 0.883837 0.015425 0.017012 0.015282 0.014205 
0.079014 0.466397 0.067977 0.068085 0.079366 0.061706 0.078160 0.099296 
Document 47
0.006737 0.069877 0.132048 0.573805 0.006578 0.073380 0.005164 0.132412 
0.048407 0.252491 0.026709 0.161850 0.161662 0.071188 0.002798 0.274894 
0.031863 0.003723 0.084557 0.004442 0.031886 0.004026 0.833025 0.006479 
Document 48
0.007709 0.007797 0.006777 0.295798 0.512681 0.011806 0.005909 0.151523 
0.032748 0.031286 0.043508 0.769679 0.030584 0.033730 0.030300 0.028165 
0.133771 0.096602 0.115087 0.115268 0.134367 0.104469 0.132326 0.168109 
Document 49
0.124631 0.126050 0.109558 0.115406 0.121680 0.190860 0.095529 0.116285 
0.775294 0.009743 0.166568 0.010159 0.009524 0.010504 0.009436 0.008771 
0.079014 0.057059 0.067977 0.068085 0.488703 0.061706 0.078160 0.099296 
Document 50
0.057523 0.058178 0.050566 0.591719 0.056161 0.088091 0.044091 0.053671 
0.026289 0.025116 0.034927 0.026189 0.024552 0.815993 0.024324 0.022610 
0.022863 0.016510 0.019669 0.019700 0.022964 0.017855 0.851708 0.028731 
Document 51
0.595977 0.058178 0.050566 0.053265 0.056161 0.088091 0.044091 0.053671 
0.512164 0.387515 0.021943 0.016454 0.015425 0.017012 0.015282 0.014205 
0.079014 0.057059 0.067977 0.068085 0.079366 0.061706 0.487498 0.099296 
Document 52
0.124631 0.126050 0.109558 0.115406 0.121680 0.190860 0.095529 0.116285 
0.012041 0.011503 0.015997 0.824985 0.101577 0.012402 0.011141 0.010356 
0.035464 0.025610 0.030510 0.030558 0.035622 0.027696 0.035081 0.779460 
Document 53
0.100517 0.002644 0.002298 0.222701 0.198357 0.395612 0.002004 0.075866 
0.002420 0.474437 0.493499 0.002411 0.002260 0.020652 0.002239 0.002082 
0.010466 0.007558 0.009004 0.009019 0.932273 0.008174 0.010353 0.013153 
Document 54
0.027696 0.546527 0.024347 0.025646 0.027041 0.301672 0.021229 0.025842 
0.012041 0.101835 0.286993 0.373324 0.101577 0.012402 0.101473 0.010356 
0.056064 0.040487 0.048234 0.048310 0.056314 0.043784 0.055459 0.651349 
Document 55
0.027696 0.028012 0.024347 0.025646 0.027041 0.820187 0.021229 0.025842 
0.013236 0.111948 0.017585 0.609000 0.012362 0.013633 0.012247 0.209989 
0.079014 0.057059 0.067977 0.068085 0.488703 0.061706 0.078160 0.099296 
Document 56
0.124631 0.126050 0.109558 0.115406 0.121680 0.190860 0.095529 0.116285 
0.867479 0.018011 0.025047 0.018781 0.017607 0.019418 0.017443 0.016214 
0.022863 0.253394 0.019669 0.493467 0.022964 0.136296 0.022616 0.028731 
Document 57
0.012061 0.012199 0.010603 0.575683 0.011776 0.357180 0.009245 0.011254 
0.021958 0.020978 0.029173 0.845564 0.020507 0.022617 0.020317 0.018885 
0.133771 0.096602 0.115087 0.115268 0.134367 0.104469 0.132326 0.168109 
Document 58
0.307245 0.015757 0.013695 0.014426 0.015210 0.607189 0.011941 0.014536 
0.013236 0.409855 0.017585 0.013186 0.012362 0.510145 0.012247 0.011384 
0.068396 0.007991 0.009521 0.009536 0.011116 0.008642 0.469584 0.415215 
Document 59
0.037390 0.037816 0.032868 0.034622 0.036505 0.757253 0.028659 0.034886 
0.622275 0.009743 0.013549 0.316198 0.009524 0.010504 0.009436 0.008771 
0.133771 0.096602 0.115087 0.115268 0.134367 0.104469 0.132326 0.168109 
Document 60
0.018239 0.018447 0.357495 0.016889 0.188538 0.369393 0.013980 0.017018 
0.021958 0.185716 0.029173 0.021875 0.020507 0.681568 0.020317 0.018885 
0.056064 0.040487 0.048234 0.048310 0.056314 0.334230 0.055459 0.360902 
Document 61
0.057523 0.058178 0.589020 0.053265 0.056161 0.088091 0.044091 0.053671 
0.512164 0.263603 0.021943 0.016454 0.139337 0.017012 0.015282 0.014205 
0.133771 0.096602 0.115087 0.115268 0.134367 0.104469 0.132326 0.168109 
Document 62
0.006737 0.006814 0.005922 0.762994 0.006578 0.136443 0.005164 0.069349 
0.008294 0.007924 0.446607 0.008263 0.318880 0.008543 0.194355 0.007134 
0.013365 0.148127 0.011498 0.011516 0.221138 0.287389 0.290172 0.016795 
Document 63
0.009840 0.009952 0.008650 0.009111 0.009607 0.936119 0.007542 0.009181 
0.032748 0.031286 0.043508 0.769679 0.030584 0.033730 0.030300 0.028165 
0.079014 0.466397 0.067977 0.068085 0.079366 0.061706 0.078160 0.099296 
Document 64
0.027696 0.028012 0.024347 0.025646 0.027041 0.820187 0.021229 0.025842 
0.016516 0.139691 0.765415 0.016454 0.015425 0.017012 0.015282 0.014205 
0.043446 0.031374 0.037377 0.037436 0.043639 0.033929 0.493126 0.279672 
Document 65
0.086087 0.008404 0.007304 0.007694 0.008112 0.868278 0.006369 0.007753 
0.008845 0.008450 0.808022 0.141523 0.008260 0.009110 0.008184 0.007607 
0.056064 0.621380 0.048234 0.048310 0.056314 0.043784 0.055459 0.070456 
Document 66
0.015579 0.015757 0.013695 0.014426 0.890207 0.023858 0.011941 0.014536 
0.018852 0.018011 0.025047 0.867407 0.017607 0.019418 0.017443 0.016214 
0.029959 0.021635 0.646606 0.181023 0.030093 0.023397 0.029636 0.037650 
Document 67
0.005982 0.006051 0.005259 0.005540 0.005841 0.513161 0.004586 0.453581 
0.018852 0.018011 0.025047 0.725969 0.159044 0.019418 0.017443 0.016214 
0.133771 0.096602 0.115087 0.115268 0.134367 0.104469 0.132326 0.168109 
Document 68
0.057523 0.058178 0.050566 0.053265 0.056161 0.626545 0.044091 0.053671 
0.018852 0.018011 0.025047 0.725969 0.159044 0.019418 0.017443 0.016214 
0.056064 0.330933 0.048234 0.048310 0.056314 0.334230 0.055459 0.070456 
Document 69
0.124631 0.126050 0.109558 0.115406 0.121680 0.190860 0.095529 0.116285 
0.305591 0.006345 0.556898 0.006616 0.105852 0.006840 0.006145 0.005712 
0.056064 0.040487 0.338680 0.338756 0.056314 0.043784 0.055459 0.070456 
Document 70
0.005122 0.005180 0.004503 0.196523 0.005001 0.679076 0.051871 0.052724 
0.002183 0.624319 0.346766 0.002174 0.002038 0.018623 0.002019 0.001877 
0.009442 0.006819 0.203790 0.008136 0.009484 0.007374 0.743089 0.011866 
Document 71
0.021994 0.022245 0.019334 0.843891 0.021474 0.033682 0.016858 0.020521 
0.032748 0.031286 0.043508 0.769679 0.030584 0.033730 0.030300 0.028165 
0.133771 0.096602 0.115087 0.115268 0.134367 0.104469 0.132326 0.168109 
Document 72
0.057523 0.058178 0.050566 0.053265 0.056161 0.088091 0.044091 0.592125 
0.316237 0.086253 0.013549 0.392707 0.086034 0.087014 0.009436 0.008771 
0.079014 0.057059 0.067977 0.068085 0.079366 0.061706 0.078160 0.508633 
Document 73
0.008309 0.008404 0.240637 0.629915 0.008112 0.090502 0.006369 0.007753 
0.006039 0.005770 0.279883 0.685664 0.005640 0.006221 0.005588 0.005194 
0.133771 0.096602 0.115087 0.115268 0.134367 0.104469 0.132326 0.168109 
Document 74
0.015579 0.890753 0.013695 0.014426 0.015210 0.023858 0.011941 0.014536 
0.032748 0.031286 0.534878 0.032623 0.030584 0.033730 0.275985 0.028165 
0.401517 0.013348 0.015902 0.111686 0.305841 0.014435 0.018284 0.118987 
Document 75
0.124631 0.126050 0.109558 0.115406 0.121680 0.190860 0.095529 0.116285 
0.011043 0.010550 0.428913 0.508091 0.010313 0.011374 0.010218 0.009498 
0.133771 0.096602 0.115087 0.115268 0.134367 0.104469 0.132326 0.168109 
Document 76
0.057523 0.058178 0.050566 0.591719 0.056161 0.088091 0.044091 0.053671 
0.032748 0.031286 0.043508 0.032623 0.030584 0.033730 0.767356 0.028165 
0.056064 0.040487 0.048234 0.048310 0.637208 0.043784 0.055459 0.070456 
Document 77
0.005982 0.062050 0.005259 0.005540 0.005841 0.289161 0.004586 0.621581 
0.002465 0.131816 0.447142 0.002456 0.131763 0.002539 0.002281 0.279537 
0.005604 0.091148 0.004822 0.120963 0.121763 0.004377 0.412013 0.239311 
Document 78
0.161412 0.015757 0.013695 0.014426 0.744374 0.023858 0.011941 0.014536 
0.032748 0.031286 0.043508 0.523994 0.030584 0.279415 0.030300 0.028165 
0.770356 0.025610 0.030510 0.030558 0.035622 0.027696 0.035081 0.044567 
Document 79
0.004298 0.004347 0.003778 0.366048 0.004196 0.610029 0.003294 0.004010 
0.004585 0.141978 0.797279 0.004568 0.004282 0.039122 0.004242 0.003944 
0.025934 0.153083 0.022312 0.022347 0.160405 0.020253 0.428719 0.166946 
Document 80
0.007709 0.007797 0.006777 0.295798 0.007527 0.516960 0.150239 0.007193 
0.005113 0.004885 0.467087 0.005093 0.004775 0.427203 0.004731 0.081113 
0.088747 0.010369 0.012353 0.384314 0.386365 0.011214 0.088592 0.018045 
Document 81
0.124631 0.126050 0.109558 0.115406 0.121680 0.190860 0.095529 0.116285 
0.896700 0.014040 0.019524 0.014640 0.013724 0.015136 0.013597 0.012639 
0.056064 0.330933 0.048234 0.338756 0.056314 0.043784 0.055459 0.070456 
Document 82
0.021994 0.022245 0.019334 0.020366 0.021474 0.857207 0.016858 0.020521 
0.016516 0.015779 0.021943 0.883837 0.015425 0.017012 0.015282 0.014205 
0.118909 0.278664 0.117447 0.117461 0.173176 0.062395 0.118796 0.013153 
Document 83
0.018239 0.018447 0.186764 0.016889 0.017807 0.710855 0.013980 0.017018 
0.026289 0.025116 0.232156 0.223418 0.419010 0.027078 0.024324 0.022610 
0.141304 0.016510 0.374994 0.019700 0.378290 0.017855 0.022616 0.028731 
Document 84
0.037390 0.037816 0.032868 0.034622 0.036505 0.407256 0.378656 0.034886 
0.014696 0.014040 0.681027 0.235141 0.013724 0.015136 0.013597 0.012639 
0.079014 0.466397 0.067977 0.068085 0.079366 0.061706 0.078160 0.099296 
Document 85
0.021994 0.022245 0.019334 0.020366 0.021474 0.857207 0.016858 0.020521 
0.016516 0.015779 0.889326 0.016454 0.015425 0.017012 0.015282 0.014205 
0.079014 0.057059 0.067977 0.068085 0.488703 0.061706 0.078160 0.099296 
Document 86
0.061982 0.006051 0.117259 0.005540 0.005841 0.793160 0.004586 0.005582 
0.004031 0.124805 0.156548 0.276163 0.427105 0.004151 0.003729 0.003467 
0.018484 0.013348 0.015902 0.207444 0.018566 0.014435 0.688592 0.023229 
Document 87
0.057523 0.058178 0.050566 0.053265 0.056161 0.626545 0.044091 0.053671 
0.011043 0.010550 0.926003 0.011001 0.010313 0.011374 0.010218 0.009498 
0.133771 0.096602 0.115087 0.115268 0.134367 0.104469 0.132326 0.168109 
Document 88
0.057523 0.058178 0.050566 0.053265 0.594615 0.088091 0.044091 0.053671 
0.011043 0.010550 0.014671 0.093849 0.424555 0.011374 0.424459 0.009498 
0.810634 0.006211 0.141072 0.007411 0.008639 0.006717 0.008508 0.010809 
Document 89
0.006737 0.448254 0.005922 0.006238 0.006578 0.514821 0.005164 0.006286 
0.388252 0.015779 0.021943 0.016454 0.387161 0.017012 0.139194 0.014205 
0.035464 0.025610 0.030510 0.030558 0.035622 0.762588 0.035081 0.044567 
Document 90
0.018239 0.530640 0.016033 0.016889 0.017807 0.369393 0.013980 0.017018 
0.235197 0.014040 0.350276 0.124890 0.013724 0.015136 0.013597 0.233140 
0.079014 0.057059 0.067977 0.477422 0.079366 0.061706 0.078160 0.099296 
Document 91
0.015579 0.161589 0.013695 0.014426 0.015210 0.753022 0.011941 0.014536 
0.026289 0.025116 0.034927 0.223418 0.221781 0.027078 0.024324 0.417068 
0.133771 0.096602 0.115087 0.115268 0.134367 0.104469 0.132326 0.168109 
Document 92
0.021994 0.845770 0.019334 0.020366 0.021474 0.033682 0.016858 0.020521 
0.008845 0.207518 0.741666 0.008811 0.008260 0.009110 0.008184 0.007607 
0.013365 0.009651 0.288449 0.496181 0.151900 0.010437 0.013220 0.016795 
Document 93
0.027696 0.028012 0.024347 0.025646 0.804813 0.042414 0.021229 0.025842 
0.311143 0.012645 0.414795 0.013186 0.210966 0.013633 0.012247 0.011384 
0.079014 0.057059 0.067977 0.068085 0.079366 0.061706 0.487498 0.099296 
Document 94
0.037390 0.037816 0.732862 0.034622 0.036505 0.057259 0.028659 0.034886 
0.316237 0.009743 0.472607 0.010159 0.009524 0.163523 0.009436 0.008771 
0.029959 0.021635 0.025775 0.025815 0.030093 0.023397 0.029636 0.813689 
Document 95
0.057523 0.058178 0.050566 0.053265 0.056161 0.626545 0.044091 0.053671 
0.007376 0.117726 0.175819 0.616084 0.062228 0.007598 0.006825 0.006344 
0.636958 0.040487 0.048234 0.048310 0.056314 0.043784 0.055459 0.070456 
Document 96
0.007190 0.343810 0.006321 0.006658 0.007020 0.616780 0.005511 0.006709 
0.047083 0.586921 0.007357 0.005517 0.005172 0.005704 0.254394 0.087853 
0.029959 0.021635 0.025775 0.336231 0.030093 0.489021 0.029636 0.037650 
Document 97
0.004478 0.423690 0.003936 0.004146 0.004372 0.342186 0.003432 0.213759 
0.007376 0.007047 0.784554 0.007348 0.006889 0.173616 0.006825 0.006344 
0.593033 0.300623 0.015902 0.015927 0.018566 0.014435 0.018284 0.023229 
Document 98
0.027696 0.546527 0.024347 0.025646 0.027041 0.301672 0.021229 0.025842 
0.026289 0.025116 0.034927 0.026189 0.813468 0.027078 0.024324 0.022610 
0.210000 0.013348 0.207419 0.398960 0.018566 0.014435 0.114043 0.023229 
Document 99
0.057523 0.058178 0.050566 0.053265 0.056161 0.626545 0.044091 0.053671 
0.018852 0.866637 0.025047 0.018781 0.017607 0.019418 0.017443 0.016214 
0.035464 0.025610 0.030510 0.030558 0.035622 0.027696 0.035081 0.779460 
Document 100
0.010838 0.010961 0.009527 0.010036 0.010581 0.828189 0.109756 0.010112 
0.021958 0.020978 0.029173 0.021875 0.020507 0.022617 0.844006 0.018885 
0.018484 0.396381 0.111660 0.015927 0.018566 0.397468 0.018284 0.023229 
Document 101
0.124631 0.126050 0.109558 0.115406 0.121680 0.190860 0.095529 0.116285 
0.860611 0.006044 0.008405 0.006302 0.100829 0.006516 0.005853 0.005441 
0.056064 0.040487 0.048234 0.048310 0.637208 0.043784 0.055459 0.070456 
Document 102
0.021994 0.022245 0.019334 0.020366 0.021474 0.445445 0.016858 0.432284 
0.102373 0.011503 0.828986 0.011995 0.011245 0.012402 0.011141 0.010356 
0.043446 0.031374 0.037377 0.712660 0.043639 0.033929 0.042976 0.054598 
Document 103
0.010838 0.924002 0.009527 0.010036 0.010581 0.016597 0.008307 0.010112 
0.016516 0.883163 0.021943 0.016454 0.015425 0.017012 0.015282 0.014205 
0.056064 0.040487 0.338680 0.048310 0.056314 0.334230 0.055459 0.070456 
Document 104
0.018239 0.530640 0.186764 0.016889 0.017807 0.027931 0.013980 0.187749 
0.355416 0.006345 0.158298 0.006616 0.454627 0.006840 0.006145 0.005712 
0.035464 0.025610 0.765403 0.030558 0.035622 0.027696 0.035081 0.044567 
Document 105
0.057523 0.058178 0.050566 0.053265 0.056161 0.088091 0.044091 0.592125 
0.013236 0.707762 0.216190 0.013186 0.012362 0.013633 0.012247 0.011384 
0.079014 0.057059 0.067977 0.477422 0.079366 0.061706 0.078160 0.099296 
Document 106
0.004478 0.423690 0.003936 0.004146 0.004372 0.384103 0.003432 0.171843 
0.007376 0.726462 0.009800 0.007348 0.006889 0.007598 0.228183 0.006344 
0.535077 0.010369 0.012353 0.012373 0.386365 0.011214 0.014204 0.018045 
Document 107
0.015579 0.015757 0.013695 0.014426 0.452709 0.461357 0.011941 0.014536 
0.293761 0.009050 0.083658 0.009437 0.577423 0.009758 0.008765 0.008148 
0.133771 0.096602 0.115087 0.115268 0.134367 0.104469 0.132326 0.168109 
Document 108
0.387387 0.037816 0.032868 0.034622 0.036505 0.407256 0.028659 0.034886 
0.096659 0.594798 0.008024 0.277876 0.005640 0.006221 0.005588 0.005194 
0.022863 0.727160 0.019669 0.019700 0.022964 0.136296 0.022616 0.028731 
Document 109
0.005122 0.820248 0.004503 0.100633 0.005001 0.055789 0.003926 0.004779 
0.006326 0.195885 0.577928 0.006302 0.195749 0.006516 0.005853 0.005441 
0.488351 0.057059 0.067977 0.068085 0.079366 0.061706 0.078160 0.099296 
Document 110
0.012061 0.012199 0.010603 0.011169 0.011776 0.018471 0.009245 0.914477 
0.003245 0.051798 0.272146 0.003233 0.441304 0.003343 0.076048 0.148882 
0.005297 0.003825 0.196638 0.004564 0.087641 0.470619 0.005239 0.226177 
Document 111
0.387387 0.037816 0.032868 0.034622 0.386502 0.057259 0.028659 0.034886 
0.102373 0.553496 0.015997 0.011995 0.282241 0.012402 0.011141 0.010356 
0.016869 0.012182 0.713632 0.014535 0.016944 0.187953 0.016686 0.021199 
Document 112
0.013596 0.268296 0.521041 0.012590 0.013275 0.148094 0.010422 0.012686 
0.054601 0.028854 0.797975 0.105778 0.003186 0.003514 0.003157 0.002934 
0.020441 0.014762 0.017586 0.017614 0.444128 0.015964 0.020221 0.449284 
Document 113
0.015579 0.890753 0.013695 0.014426 0.015210 0.023858 0.011941 0.014536 
0.005317 0.324183 0.565494 0.005297 0.084741 0.005476 0.004919 0.004573 
0.022863 0.016510 0.019669 0.019700 0.378290 0.373180 0.022616 0.147173 
Document 114
0.012061 0.012199 0.010603 0.011169 0.011776 0.357180 0.009245 0.575768 
0.004585 0.004381 0.178089 0.451760 0.004282 0.314318 0.004242 0.038343 
0.018484 0.396381 0.015902 0.207444 0.305841 0.014435 0.018284 0.023229 
Document 115
0.737384 0.037816 0.032868 0.034622 0.036505 0.057259 0.028659 0.034886 
0.064384 0.061511 0.085539 0.547173 0.060130 0.066316 0.059572 0.055375 
0.025934 0.018728 0.022312 0.022347 0.026050 0.826383 0.025654 0.032591 
Document 116
0.037390 0.037816 0.032868 0.034622 0.036505 0.757253 0.028659 0.034886 
0.013236 0.012645 0.911307 0.013186 0.012362 0.013633 0.012247 0.011384 
0.035464 0.025610 0.030510 0.030558 0.035622 0.027696 0.035081 0.779460 
Document 117
0.037390 0.037816 0.032868 0.734616 0.036505 0.057259 0.028659 0.034886 
0.512164 0.015779 0.393679 0.016454 0.015425 0.017012 0.015282 0.014205 
0.133771 0.096602 0.115087 0.115268 0.134367 0.104469 0.132326 0.168109 
Document 118
0.009840 0.009952 0.100755 0.101216 0.101712 0.475594 0.007542 0.193391 
0.006326 0.006044 0.008405 0.765667 0.053368 0.148897 0.005853 0.005441 
0.079014 0.057059 0.067977 0.068085 0.488703 0.061706 0.078160 0.099296 
Document 119
0.018239 0.018447 0.016033 0.016889 0.017807 0.198662 0.013980 0.699942 
0.026289 0.025116 0.429385 0.026189 0.221781 0.027078 0.024324 0.219839 
0.029959 0.176843 0.025775 0.025815 0.650925 0.023397 0.029636 0.037650 
Document 120
0.009840 0.009952 0.008650 0.009111 0.009607 0.936119 0.007542 0.009181 
0.009473 0.009050 0.865449 0.009437 0.008847 0.080829 0.008765 0.008148 
0.011739 0.008477 0.070916 0.192564 0.194240 0.009168 0.437326 0.075569 
Document 121
0.004888 0.050695 0.050048 0.004526 0.096275 0.510752 0.003746 0.279070 
0.016516 0.015779 0.021943 0.016454 0.882808 0.017012 0.015282 0.014205 
0.133771 0.096602 0.115087 0.115268 0.134367 0.104469 0.132326 0.168109 
Document 122
0.015579 0.015757 0.013695 0.014426 0.015210 0.898855 0.011941 0.014536 
0.254123 0.147036 0.433808 0.004730 0.004435 0.004891 0.146893 0.004084 
0.022863 0.016510 0.019669 0.019700 0.496731 0.017855 0.022616 0.384056 
Document 123
0.124631 0.126050 0.109558 0.115406 0.121680 0.190860 0.095529 0.116285 
0.021958 0.020978 0.852862 0.021875 0.020507 0.022617 0.020317 0.018885 
0.043446 0.031374 0.037377 0.037436 0.043639 0.484078 0.042976 0.279672 
Document 124
0.021994 0.228126 0.019334 0.226248 0.021474 0.033682 0.016858 0.432284 
0.296353 0.088381 0.256627 0.005517 0.337532 0.005704 0.005124 0.004763 
0.376101 0.332995 0.006794 0.006805 0.007932 0.006167 0.007812 0.255394 
Document 125
0.021994 0.022245 0.019334 0.020366 0.844999 0.033682 0.016858 0.020521 
0.026289 0.025116 0.034927 0.026189 0.024552 0.027078 0.813240 0.022610 
0.133771 0.096602 0.115087 0.115268 0.134367 0.104469 0.132326 0.168109 
Document 126
0.255975 0.004529 0.003936 0.004146 0.004372 0.719432 0.003432 0.004178 
0.007808 0.593274 0.010374 0.007779 0.124455 0.008043 0.241551 0.006716 
0.025934 0.018728 0.022312 0.156702 0.026050 0.020253 0.025654 0.704366 
Document 127
0.005122 0.628467 0.004503 0.004743 0.005001 0.343460 0.003926 0.004779 
0.012041 0.011503 0.467658 0.463656 0.011245 0.012402 0.011141 0.010356 
0.133771 0.096602 0.115087 0.115268 0.134367 0.104469 0.132326 0.168109 
Document 128
0.124631 0.126050 0.109558 0.115406 0.121680 0.190860 0.095529 0.116285 
0.883900 0.015779 0.021943 0.016454 0.015425 0.017012 0.015282 0.014205 
0.133771 0.096602 0.115087 0.115268 0.134367 0.104469 0.132326 0.168109 
Document 129
0.005982 0.006051 0.005259 0.005540 0.005841 0.961160 0.004586 0.005582 
0.235197 0.014040 0.019524 0.676143 0.013724 0.015136 0.013597 0.012639 
0.628598 0.012182 0.101902 0.014535 0.016944 0.013174 0.016686 0.195979 
Document 130
0.057523 0.058178 0.050566 0.053265 0.056161 0.626545 0.044091 0.053671 
0.112539 0.310553 0.514097 0.013186 0.012362 0.013633 0.012247 0.011384 
0.013365 0.009651 0.011498 0.634657 0.013424 0.010437 0.013220 0.293747 
Document 131
0.002822 0.346250 0.002481 0.055443 0.002755 0.585453 0.002163 0.002633 
0.007376 0.007047 0.839894 0.007348 0.006889 0.007598 0.117504 0.006344 
0.014359 0.382311 0.012353 0.086761 0.014423 0.457544 0.014204 0.018045 
Document 132
0.124631 0.126050 0.109558 0.115406 0.121680 0.190860 0.095529 0.116285 
0.010198 0.468801 0.013549 0.392707 0.009524 0.010504 0.085946 0.008771 
0.025934 0.018728 0.694087 0.022347 0.026050 0.020253 0.160009 0.032591 
Document 133
0.009840 0.009952 0.008650 0.009111 0.009607 0.936119 0.007542 0.009181 
0.204756 0.124743 0.166615 0.364288 0.004965 0.005476 0.124583 0.004573 
0.011066 0.065321 0.353499 0.009536 0.125775 0.065972 0.010947 0.357885 
Document 134
0.124631 0.126050 0.109558 0.115406 0.121680 0.190860 0.095529 0.116285 
0.516172 0.020978 0.029173 0.351350 0.020507 0.022617 0.020317 0.018885 
0.133771 0.096602 0.115087 0.115268 0.134367 0.104469 0.132326 0.168109 
Document 135
0.018239 0.018447 0.016033 0.016889 0.017807 0.540124 0.013980 0.358480 
0.013236 0.012645 0.017585 0.013186 0.806781 0.013633 0.012247 0.110686 
0.020441 0.014762 0.758878 0.017614 0.020533 0.015964 0.126120 0.025689 
Document 136
0.005665 0.005730 0.164071 0.005246 0.005531 0.804129 0.004342 0.005286 
0.008845 0.937433 0.011751 0.008811 0.008260 0.009110 0.008184 0.007607 
0.011739 0.008477 0.010100 0.010115 0.133424 0.009168 0.315694 0.501283 
Document 137
0.124631 0.126050 0.109558 0.115406 0.121680 0.190860 0.095529 0.116285 
0.010198 0.086253 0.013549 0.010159 0.009524 0.852110 0.009436 0.008771 
0.011739 0.008477 0.010100 0.010115 0.011792 0.009168 0.498142 0.440466 
Document 138
0.124631 0.126050 0.109558 0.115406 0.121680 0.190860 0.095529 0.116285 
0.018852 0.018011 0.025047 0.018781 0.724795 0.019418 0.158881 0.016214 
0.346511 0.040487 0.048234 0.048310 0.056314 0.043784 0.055459 0.360902 
Document 139
0.286954 0.546527 0.024347 0.025646 0.027041 0.042414 0.021229 0.025842 
0.374053 0.006678 0.586101 0.006963 0.006528 0.007199 0.006467 0.006011 
0.029959 0.332051 0.025775 0.025815 0.030093 0.023397 0.029636 0.503273 
Document 140
0.015579 0.744921 0.013695 0.160259 0.015210 0.023858 0.011941 0.014536 
0.016516 0.015779 0.889326 0.016454 0.015425 0.017012 0.015282 0.014205 
0.029959 0.021635 0.025775 0.025815 0.030093 0.023397 0.029636 0.813689 
Document 141
0.546212 0.028012 0.024347 0.025646 0.027041 0.301672 0.021229 0.025842 
0.026289 0.025116 0.232156 0.026189 0.024552 0.027078 0.616011 0.022610 
0.025934 0.018728 0.022312 0.022347 0.026050 0.423318 0.294364 0.166946 
Document 142
0.027696 0.028012 0.024347 0.025646 0.027041 0.301672 0.021229 0.544357 
0.010198 0.315781 0.243078 0.392707 0.009524 0.010504 0.009436 0.008771 
0.020441 0.756054 0.017586 0.017614 0.020533 0.015964 0.126120 0.025689 
Document 143
0.037390 0.037816 0.382865 0.034622 0.036505 0.057259 0.378656 0.034886 
0.006641 0.006345 0.357598 0.554691 0.006202 0.006840 0.055970 0.005712 
0.079014 0.057059 0.067977 0.068085 0.079366 0.061706 0.078160 0.508633 
Document 144
0.124631 0.126050 0.109558 0.115406 0.121680 0.190860 0.095529 0.116285 
0.680910 0.020978 0.029173 0.021875 0.185245 0.022617 0.020317 0.018885 
0.014359 0.159146 0.012353 0.086761 0.014423 0.011214 0.014204 0.687540 
Document 145
0.890576 0.015757 0.013695 0.014426 0.015210 0.023858 0.011941 0.014536 
0.009473 0.009050 0.012586 0.009437 0.790639 0.009758 0.008765 0.150292 
0.014359 0.010369 0.012353 0.012373 0.014423 0.011214 0.014204 0.910705 
Document 146
0.065659 0.303019 0.005571 0.124512 0.006187 0.484281 0.004858 0.005913 
0.005317 0.005079 0.924486 0.005297 0.004965 0.005476 0.044807 0.004573 
0.020441 0.014762 0.017586 0.017614 0.020533 0.015964 0.867412 0.025689 
Document 147
0.013596 0.777385 0.011952 0.012590 0.013275 0.148094 0.010422 0.012686 
0.013236 0.012645 0.712702 0.013186 0.210966 0.013633 0.012247 0.011384 
0.043446 0.031374 0.037377 0.487586 0.043639 0.033929 0.268051 0.054598 
Document 148
0.124631 0.126050 0.109558 0.115406 0.121680 0.190860 0.095529 0.116285 
0.007808 0.007460 0.947677 0.007779 0.007292 0.008043 0.007225 0.006716 
0.014359 0.010369 0.012353 0.012373 0.014423 0.308767 0.014204 0.613151 
Document 149
0.124631 0.126050 0.109558 0.115406 0.121680 0.190860 0.095529 0.116285 
0.021958 0.020978 0.523387 0.186613 0.185245 0.022617 0.020317 0.018885 
0.056064 0.040487 0.048234 0.048310 0.637208 0.043784 0.055459 0.070456 
Document 150
0.124631 0.126050 0.109558 0.115406 0.121680 0.190860 0.095529 0.116285 
0.410446 0.111948 0.017585 0.112488 0.012362 0.013633 0.012247 0.309291 
0.133771 0.096602 0.115087 0.115268 0.134367 0.104469 0.132326 0.168109 
Document 151
0.124631 0.126050 0.109558 0.115406 0.121680 0.190860 0.095529 0.116285 
0.124946 0.014040 0.019524 0.014640 0.785478 0.015136 0.013597 0.012639 
0.011739 0.008477 0.010100 0.010115 0.133424 0.130800 0.011612 0.683731 
Document 152
0.037390 0.037816 0.032868 0.034622 0.036505 0.057259 0.028659 0.734880 
0.539692 0.008450 0.011751 0.008811 0.406396 0.009110 0.008184 0.007607 
0.043446 0.031374 0.037377 0.712660 0.043639 0.033929 0.042976 0.054598 
Document 153
0.021994 0.228126 0.019334 0.020366 0.021474 0.651326 0.016858 0.020521 
0.014696 0.785793 0.019524 0.124890 0.013724 0.015136 0.013597 0.012639 
0.133771 0.096602 0.115087 0.115268 0.134367 0.104469 0.132326 0.168109 
Document 154
0.027696 0.805784 0.024347 0.025646 0.027041 0.042414 0.021229 0.025842 
0.339414 0.007047 0.563196 0.062688 0.006889 0.007598 0.006825 0.006344 
0.029959 0.021635 0.025775 0.491439 0.030093 0.023397 0.340052 0.037650 
Document 155
0.018239 0.018447 0.016033 0.016889 0.871462 0.027931 0.013980 0.017018 
0.004749 0.004537 0.647557 0.004730 0.325059 0.004891 0.004394 0.004084 
0.077254 0.009026 0.010754 0.010770 0.077309 0.009761 0.206628 0.598497 
Document 156
0.057523 0.058178 0.050566 0.053265 0.056161 0.626545 0.044091 0.053671 
0.186696 0.020978 0.358649 0.021875 0.020507 0.022617 0.349793 0.018885 
0.016869 0.012182 0.014513 0.014535 0.016944 0.100564 0.016686 0.807708 
Document 157
0.124631 0.126050 0.109558 0.115406 0.121680 0.190860 0.095529 0.116285 
0.021958 0.020978 0.029173 0.021875 0.020507 0.022617 0.844006 0.018885 
0.079014 0.057059 0.067977 0.068085 0.079366 0.061706 0.078160 0.508633 
Document 158
0.018239 0.018447 0.016033 0.016889 0.017807 0.881586 0.013980 0.017018 
0.018852 0.018011 0.307922 0.018781 0.300482 0.160856 0.017443 0.157652 
0.133771 0.096602 0.115087 0.115268 0.134367 0.104469 0.132326 0.168109 
Document 159
0.010838 0.721104 0.009527 0.010036 0.010581 0.016597 0.008307 0.213010 
0.617976 0.025116 0.034927 0.026189 0.221781 0.027078 0.024324 0.022610 
0.133771 0.096602 0.115087 0.115268 0.134367 0.104469 0.132326 0.168109 
Document 160
0.021994 0.022245 0.019334 0.020366 0.021474 0.857207 0.016858 0.020521 
0.009473 0.009050 0.154730 0.791229 0.008847 0.009758 0.008765 0.008148 
0.035464 0.025610 0.214234 0.030558 0.035622 0.027696 0.218804 0.412013 
Document 161
0.124631 0.126050 0.109558 0.115406 0.121680 0.190860 0.095529 0.116285 
0.560772 0.007047 0.009800 0.173367 0.117568 0.007598 0.117504 0.006344 
0.020441 0.438357 0.017586 0.123513 0.338229 0.015964 0.020221 0.025689 
Document 162
0.008309 0.008404 0.085082 0.863248 0.008112 0.012724 0.006369 0.007753 
0.006039 0.005770 0.868911 0.006016 0.005640 0.006221 0.096208 0.005194 
0.035464 0.025610 0.030510 0.030558 0.035622 0.027696 0.218804 0.595736 
Document 163
0.005982 0.006051 0.005259 0.173539 0.005841 0.793160 0.004586 0.005582 
0.008845 0.008450 0.675310 0.008811 0.008260 0.009110 0.273607 0.007607 
0.016869 0.012182 0.364072 0.014535 0.016944 0.013174 0.016686 0.545538 
Document 164
0.002552 0.002581 0.145588 0.312943 0.002492 0.290598 0.001956 0.241289 
0.004924 0.004704 0.745360 0.004905 0.226244 0.005072 0.004556 0.004235 
0.133771 0.096602 0.115087 0.115268 0.134367 0.104469 0.132326 0.168109 
Document 165
0.124631 0.126050 0.109558 0.115406 0.121680 0.190860 0.095529 0.116285 
0.410446 0.012645 0.017585 0.013186 0.012362 0.013633 0.310154 0.209989 
0.035464 0.025610 0.397957 0.398005 0.035622 0.027696 0.035081 0.044567 
Document 166
0.124631 0.126050 0.109558 0.115406 0.121680 0.190860 0.095529 0.116285 
0.269178 0.321304 0.219037 0.006963 0.163841 0.007199 0.006467 0.006011 
0.020441 0.544256 0.017586 0.017614 0.338229 0.015964 0.020221 0.025689 
Document 167
0.021994 0.022245 0.019334 0.020366 0.021474 0.857207 0.016858 0.020521 
0.680910 0.020978 0.029173 0.021875 0.185245 0.022617 0.020317 0.018885 
0.079014 0.057059 0.067977 0.068085 0.488703 0.061706 0.078160 0.099296 
Document 168
0.124631 0.126050 0.109558 0.115406 0.121680 0.190860 0.095529 0.116285 
0.007808 0.007460 0.537607 0.007779 0.358781 0.008043 0.007225 0.065297 
0.013365 0.286603 0.011498 0.565419 0.013424 0.079675 0.013220 0.016795 
Document 169
0.027696 0.028012 0.024347 0.025646 0.286298 0.301672 0.021229 0.285099 
0.010198 0.468801 0.013549 0.010159 0.468582 0.010504 0.009436 0.008771 
0.018484 0.013348 0.015902 0.494718 0.401599 0.014435 0.018284 0.023229 
Document 170
0.069800 0.069877 0.068985 0.510742 0.006578 0.262569 0.005164 0.006286 
0.410446 0.012645 0.017585 0.013186 0.310269 0.013633 0.210852 0.011384 
0.133771 0.096602 0.115087 0.115268 0.134367 0.104469 0.132326 0.168109 
Document 171
0.195926 0.259066 0.068985 0.132364 0.321892 0.010317 0.005164 0.006286 
0.007808 0.124623 0.361863 0.417849 0.065874 0.008043 0.007225 0.006716 
0.079014 0.057059 0.477315 0.068085 0.079366 0.061706 0.078160 0.099296 
Document 172
0.649958 0.141024 0.139224 0.012590 0.013275 0.020822 0.010422 0.012686 
0.004924 0.004704 0.967006 0.004905 0.004599 0.005072 0.004556 0.004235 
