d_0 d0 0.216885 0.653566 0.129549 
d_1 d1 0.097577 0.569090 0.333333 
d_2 d2 0.027698 0.715377 0.256925 
d_3 d3 0.462504 0.247219 0.290276 
d_4 d4 0.283508 0.702043 0.014449 
d_5 d5 0.356542 0.339135 0.304323 
d_6 d6 0.131695 0.509767 0.358538 
d_7 d7 0.022533 0.908314 0.069153 
d_8 d8 0.256925 0.486151 0.256925 
d_9 d9 0.038822 0.922356 0.038822 
d_10 d10 0.204162 0.462504 0.333333 
d_11 d11 0.230506 0.333333 0.436161 
d_12 d12 0.031284 0.354908 0.613808 
d_13 d13 0.074935 0.850129 0.074935 
d_14 d14 0.110616 0.734224 0.155160 
d_15 d15 0.123000 0.397348 0.479652 
d_16 d16 0.029382 0.515704 0.454914 
d_17 d17 0.425393 0.356348 0.218259 
d_18 d18 0.234446 0.629996 0.135558 
d_19 d19 0.103184 0.494438 0.402378 
d_20 d20 0.043058 0.681664 0.275278 
d_21 d21 0.015873 0.869732 0.114395 
d_22 d22 0.253612 0.642252 0.104136 
d_23 d23 0.304221 0.478894 0.216885 
d_24 d24 0.423882 0.254103 0.322015 
d_25 d25 0.241061 0.379469 0.379469 
d_26 d26 0.333333 0.515704 0.150963 
d_27 d27 0.343298 0.582461 0.074240 
d_28 d28 0.057199 0.885602 0.057199 
d_29 d29 0.459801 0.459801 0.080397 
d_30 d30 0.157586 0.579379 0.263035 
d_31 d31 0.297200 0.568202 0.134598 
d_32 d32 0.280840 0.663292 0.055868 
d_33 d33 0.278154 0.458741 0.263105 
d_34 d34 0.093888 0.623188 0.282924 
d_35 d35 0.391557 0.566230 0.042213 
d_36 d36 0.156966 0.474427 0.368607 
d_37 d37 0.508484 0.015873 0.475643 
d_38 d38 0.600764 0.142311 0.256925 
d_39 d39 0.230506 0.436161 0.333333 
d_40 d40 0.057199 0.885602 0.057199 
d_41 d41 0.391557 0.478894 0.129549 
d_42 d42 0.012252 0.772708 0.215040 
d_43 d43 0.042213 0.915575 0.042213 
d_44 d44 0.343298 0.373194 0.283508 
d_45 d45 0.026197 0.134598 0.839205 
d_46 d46 0.141946 0.716108 0.141946 
d_47 d47 0.162214 0.455561 0.382225 
d_48 d48 0.772684 0.199618 0.027698 
d_49 d49 0.033449 0.863899 0.102653 
d_50 d50 0.110285 0.333333 0.556382 
d_51 d51 0.141946 0.716108 0.141946 
d_52 d52 0.031284 0.678533 0.290183 
d_53 d53 0.360012 0.484512 0.155477 
d_54 d54 0.211753 0.637285 0.150963 
d_55 d55 0.241061 0.656286 0.102653 
d_56 d56 0.033449 0.448674 0.517878 
d_57 d57 0.587082 0.379469 0.033449 
d_58 d58 0.199795 0.292244 0.507961 
d_59 d59 0.160734 0.807983 0.031284 
d_60 d60 0.407683 0.407683 0.184634 
d_61 d61 0.156966 0.791887 0.051146 
d_62 d62 0.348331 0.348331 0.303337 
d_63 d63 0.678533 0.225458 0.096009 
d_64 d64 0.241061 0.517878 0.241061 
d_65 d65 0.423882 0.491794 0.084324 
d_66 d66 0.351400 0.351400 0.297200 
d_67 d67 0.715065 0.265167 0.019768 
d_68 d68 0.141946 0.620415 0.237640 
d_69 d69 0.021529 0.867854 0.110616 
d_70 d70 0.203916 0.602124 0.193961 
d_71 d71 0.530572 0.412229 0.057199 
d_72 d72 0.096009 0.807983 0.096009 
d_73 d73 0.362361 0.623609 0.014030 
d_74 d74 0.333333 0.179092 0.487575 
d_75 d75 0.038822 0.922356 0.038822 
d_76 d76 0.199105 0.467562 0.333333 
d_77 d77 0.167385 0.512047 0.320568 
d_78 d78 0.448674 0.241061 0.310265 
d_79 d79 0.411831 0.479114 0.109055 
d_80 d80 0.262067 0.495303 0.242630 
d_81 d81 0.042213 0.740902 0.216885 
d_82 d82 0.152235 0.254103 0.593662 
d_83 d83 0.314231 0.256925 0.428844 
d_84 d84 0.199465 0.681392 0.119143 
d_85 d85 0.333333 0.556382 0.110285 
d_86 d86 0.294085 0.546398 0.159518 
d_87 d87 0.110285 0.853779 0.035936 
d_88 d88 0.043058 0.333333 0.623609 
d_89 d89 0.564056 0.272617 0.163327 
d_90 d90 0.354908 0.549083 0.096009 
d_91 d91 0.566230 0.391557 0.042213 
d_92 d92 0.138161 0.446328 0.415511 
d_93 d93 0.241061 0.656286 0.102653 
d_94 d94 0.121434 0.610432 0.268134 
d_95 d95 0.069153 0.815074 0.115773 
d_96 d96 0.333333 0.540468 0.126199 
d_97 d97 0.465477 0.346548 0.187975 
d_98 d98 0.199618 0.256925 0.543457 
d_99 d99 0.119143 0.520750 0.360107 
d_100 d100 0.387866 0.224267 0.387866 
d_101 d101 0.020611 0.873490 0.105899 
d_102 d102 0.242999 0.568202 0.188799 
d_103 d103 0.487575 0.384747 0.127678 
d_104 d104 0.186191 0.661573 0.152235 
d_105 d105 0.119143 0.761714 0.119143 
d_106 d106 0.439351 0.327097 0.233552 
d_107 d107 0.317033 0.659332 0.023635 
d_108 d108 0.078961 0.683095 0.237944 
d_109 d109 0.482528 0.482528 0.034943 
d_110 d110 0.100454 0.479376 0.420170 
d_111 d111 0.105899 0.447050 0.447050 
d_112 d112 0.137435 0.706765 0.155800 
d_113 d113 0.168617 0.636758 0.194625 
d_114 d114 0.182634 0.613204 0.204162 
d_115 d115 0.237640 0.141946 0.620415 
d_116 d116 0.150963 0.576494 0.272543 
d_117 d117 0.237640 0.716108 0.046252 
d_118 d118 0.323061 0.631228 0.045711 
d_119 d119 0.354908 0.290183 0.354908 
d_120 d120 0.265737 0.341783 0.392480 
d_121 d121 0.729485 0.254103 0.016412 
d_122 d122 0.156413 0.663048 0.180539 
d_123 d123 0.051146 0.580247 0.368607 
d_124 d124 0.087140 0.456430 0.456430 
d_125 d125 0.474427 0.474427 0.051146 
d_126 d126 0.505562 0.354862 0.139577 
d_127 d127 0.651298 0.333333 0.015368 
d_128 d128 0.057199 0.885602 0.057199 
d_129 d129 0.479652 0.232739 0.287609 
d_130 d130 0.060668 0.387866 0.551466 
d_131 d131 0.555720 0.259204 0.185075 
d_132 d132 0.024850 0.641817 0.333333 
d_133 d133 0.203758 0.475867 0.320376 
d_134 d134 0.074935 0.850129 0.074935 
d_135 d135 0.233831 0.404407 0.361763 
d_136 d136 0.381493 0.298934 0.319573 
d_137 d137 0.016989 0.438781 0.544230 
d_138 d138 0.051146 0.686067 0.262787 
d_139 d139 0.126897 0.673345 0.199757 
d_140 d140 0.333333 0.384747 0.281919 
d_141 d141 0.241061 0.310265 0.448674 
d_142 d142 0.142468 0.510566 0.346967 
d_143 d143 0.105899 0.830846 0.063255 
d_144 d144 0.026197 0.297200 0.676603 
d_145 d145 0.199795 0.415511 0.384694 
d_146 d146 0.333333 0.495113 0.171554 
d_147 d147 0.365933 0.463733 0.170334 
d_148 d148 0.016412 0.559706 0.423882 
d_149 d149 0.057199 0.648915 0.293886 
d_150 d150 0.046252 0.907496 0.046252 
d_151 d151 0.019768 0.346967 0.633265 
d_152 d152 0.121434 0.708231 0.170334 
d_153 d153 0.333333 0.630731 0.035936 
d_154 d154 0.131695 0.660996 0.207309 
d_155 d155 0.115560 0.579206 0.305234 
d_156 d156 0.085005 0.314231 0.600764 
d_157 d157 0.064877 0.736018 0.199105 
d_158 d158 0.440428 0.520750 0.038822 
d_159 d159 0.656286 0.310265 0.033449 
d_160 d160 0.199703 0.600594 0.199703 
d_161 d161 0.018273 0.660996 0.320731 
d_162 d162 0.324664 0.558734 0.116602 
d_163 d163 0.411857 0.341186 0.246957 
d_164 d164 0.606038 0.386900 0.007061 
d_165 d165 0.033449 0.656286 0.310265 
d_166 d166 0.017608 0.673345 0.309047 
d_167 d167 0.391557 0.478894 0.129549 
d_168 d168 0.015873 0.541325 0.442802 
d_169 d169 0.136870 0.490504 0.372626 
d_170 d170 0.608382 0.372626 0.018991 
d_171 d171 0.462880 0.492775 0.044345 
d_172 d172 0.134956 0.477607 0.387436 
d_173 d173 0.013260 0.616827 0.369913 
d_174 d174 0.394124 0.515704 0.090172 
d_175 d175 0.395493 0.581974 0.022533 
d_176 d176 0.093888 0.585381 0.320731 
d_177 d177 0.277041 0.301166 0.421793 
d_178 d178 0.424783 0.452218 0.123000 
d_179 d179 0.432221 0.358055 0.209724 
d_180 d180 0.211753 0.576494 0.211753 
d_181 d181 0.168354 0.460817 0.370829 
d_182 d182 0.419633 0.419633 0.160734 
d_183 d183 0.281919 0.333333 0.384747 
d_184 d184 0.027698 0.887297 0.085005 
d_185 d185 0.549600 0.295722 0.154678 
d_186 d186 0.027698 0.199618 0.772684 
d_187 d187 0.163327 0.527626 0.309047 
d_188 d188 0.033449 0.794694 0.171857 
d_189 d189 0.333333 0.601790 0.064877 
d_190 d190 0.016412 0.729485 0.254103 
d_191 d191 0.456943 0.308611 0.234446 
d_192 d192 0.384747 0.179092 0.436161 
d_193 d193 0.090172 0.698075 0.211753 
d_194 d194 0.459801 0.405601 0.134598 
d_195 d195 0.098643 0.340667 0.560689 
d_196 d196 0.282924 0.585381 0.131695 
d_197 d197 0.129549 0.478894 0.391557 
d_198 d198 0.587082 0.379469 0.033449 
d_199 d199 0.080397 0.893406 0.026197 
d_200 d200 0.199105 0.601790 0.199105 
d_201 d201 0.057199 0.412229 0.530572 
d_202 d202 0.344280 0.409962 0.245758 
d_203 d203 0.540052 0.385013 0.074935 
d_204 d204 0.118280 0.491794 0.389926 
d_205 d205 0.046252 0.811802 0.141946 
d_206 d206 0.102653 0.171857 0.725490 
d_207 d207 0.031284 0.549083 0.419633 
d_208 d208 0.175542 0.767258 0.057199 
d_209 d209 0.377877 0.422420 0.199703 
d_210 d210 0.199703 0.734224 0.066073 
d_211 d211 0.031284 0.872708 0.096009 
d_212 d212 0.155160 0.377877 0.466964 
d_213 d213 0.360107 0.199465 0.440428 
d_214 d214 0.129549 0.391557 0.478894 
d_215 d215 0.407683 0.258984 0.333333 
d_216 d216 0.160734 0.290183 0.549083 
d_217 d217 0.192736 0.333333 0.473931 
d_218 d218 0.184634 0.630731 0.184634 
d_219 d219 0.381906 0.418336 0.199757 
d_220 d220 0.262787 0.686067 0.051146 
d_221 d221 0.322305 0.586986 0.090709 
d_222 d222 0.189692 0.189692 0.620617 
d_223 d223 0.136870 0.569090 0.294041 
d_224 d224 0.027698 0.543457 0.428844 
d_225 d225 0.301537 0.683095 0.015368 
d_226 d226 0.134598 0.568202 0.297200 
d_227 d227 0.265167 0.551466 0.183367 
d_228 d228 0.038822 0.842035 0.119143 
d_229 d229 0.046252 0.524721 0.429027 
d_230 d230 0.224267 0.183367 0.592365 
d_231 d231 0.299475 0.411207 0.289318 
d_232 d232 0.051146 0.897707 0.051146 
d_233 d233 0.014895 0.662044 0.323061 
d_234 d234 0.228790 0.421793 0.349417 
d_235 d235 0.374177 0.537554 0.088269 
d_236 d236 0.288790 0.288790 0.422420 
d_237 d237 0.490504 0.411919 0.097577 
d_238 d238 0.767258 0.175542 0.057199 
d_239 d239 0.199465 0.761714 0.038822 
d_240 d240 0.272543 0.454914 0.272543 
d_241 d241 0.436765 0.464974 0.098260 
d_242 d242 0.394124 0.576494 0.029382 
d_243 d243 0.064877 0.601790 0.333333 
d_244 d244 0.217958 0.413594 0.368447 
d_245 d245 0.417389 0.212503 0.370108 
d_246 d246 0.122437 0.719977 0.157586 
d_247 d247 0.491196 0.381906 0.126897 
d_248 d248 0.148332 0.425834 0.425834 
d_249 d249 0.282924 0.547574 0.169502 
d_250 d250 0.490504 0.254748 0.254748 
d_251 d251 0.689681 0.288790 0.021529 
d_252 d252 0.070052 0.634227 0.295722 
d_253 d253 0.512632 0.268134 0.219234 
d_254 d254 0.436161 0.436161 0.127678 
d_255 d255 0.258984 0.407683 0.333333 
d_256 d256 0.074935 0.850129 0.074935 
d_257 d257 0.090172 0.637285 0.272543 
d_258 d258 0.156966 0.686067 0.156966 
d_259 d259 0.761714 0.199465 0.038822 
d_260 d260 0.689681 0.199703 0.110616 
d_261 d261 0.242999 0.514002 0.242999 
d_262 d262 0.481665 0.308611 0.209724 
d_263 d263 0.175542 0.767258 0.057199 
d_264 d264 0.199618 0.715377 0.085005 
d_265 d265 0.046252 0.811802 0.141946 
d_266 d266 0.590403 0.281919 0.127678 
d_267 d267 0.474427 0.368607 0.156966 
d_268 d268 0.024850 0.796058 0.179092 
d_269 d269 0.517878 0.310265 0.171857 
d_270 d270 0.313111 0.313111 0.373778 
d_271 d271 0.345477 0.309047 0.345477 
d_272 d272 0.482032 0.407683 0.110285 
d_273 d273 0.310318 0.517453 0.172229 
d_274 d274 0.050368 0.525750 0.423882 
d_275 d275 0.023635 0.854931 0.121434 
d_276 d276 0.013634 0.718853 0.267513 
d_277 d277 0.467562 0.467562 0.064877 
d_278 d278 0.016412 0.729485 0.254103 
d_279 d279 0.288790 0.645137 0.066073 
d_280 d280 0.239304 0.549600 0.211095 
d_281 d281 0.020611 0.574982 0.404407 
d_282 d282 0.015368 0.492316 0.492316 
d_283 d283 0.371538 0.486151 0.142311 
d_284 d284 0.268134 0.463733 0.268134 
d_285 d285 0.060668 0.796864 0.142468 
d_286 d286 0.440428 0.520750 0.038822 
d_287 d287 0.029382 0.758865 0.211753 
d_288 d288 0.268134 0.463733 0.268134 
d_289 d289 0.236187 0.454766 0.309047 
d_290 d290 0.027698 0.256925 0.715377 
d_291 d291 0.414833 0.561532 0.023635 
d_292 d292 0.695090 0.229974 0.074935 
d_293 d293 0.119143 0.199465 0.681392 
d_294 d294 0.440428 0.520750 0.038822 
d_295 d295 0.613808 0.290183 0.096009 
d_296 d296 0.676603 0.297200 0.026197 
d_297 d297 0.438320 0.438320 0.123360 
d_298 d298 0.207796 0.425834 0.366369 
d_299 d299 0.511507 0.466964 0.021529 
d_300 d300 0.445656 0.148332 0.406013 
d_301 d301 0.074935 0.850129 0.074935 
d_302 d302 0.576494 0.394124 0.029382 
d_303 d303 0.254748 0.490504 0.254748 
d_304 d304 0.029382 0.576494 0.394124 
d_305 d305 0.033449 0.033449 0.933103 
d_306 d306 0.033449 0.241061 0.725490 
d_307 d307 0.354908 0.484358 0.160734 
d_308 d308 0.404407 0.574982 0.020611 
d_309 d309 0.018273 0.774417 0.207309 
d_310 d310 0.026197 0.405601 0.568202 
d_311 d311 0.048714 0.574165 0.377121 
d_312 d312 0.031284 0.743258 0.225458 
d_313 d313 0.478471 0.478471 0.043058 
d_314 d314 0.100515 0.476606 0.422879 
d_315 d315 0.199860 0.431682 0.368458 
d_316 d316 0.275545 0.228264 0.496191 
d_317 d317 0.408557 0.493183 0.098260 
d_318 d318 0.268134 0.561532 0.170334 
d_319 d319 0.038822 0.520750 0.440428 
d_320 d320 0.046252 0.237640 0.716108 
d_321 d321 0.029382 0.394124 0.576494 
d_322 d322 0.081554 0.278599 0.639847 
d_323 d323 0.236187 0.454766 0.309047 
d_324 d324 0.241061 0.448674 0.310265 
d_325 d325 0.129549 0.740902 0.129549 
d_326 d326 0.042213 0.391557 0.566230 
d_327 d327 0.047165 0.269740 0.683095 
d_328 d328 0.482032 0.482032 0.035936 
d_329 d329 0.414833 0.512632 0.072535 
d_330 d330 0.478471 0.478471 0.043058 
d_331 d331 0.258984 0.556382 0.184634 
d_332 d332 0.179092 0.590403 0.230506 
d_333 d333 0.401317 0.261100 0.337582 
d_334 d334 0.414833 0.512632 0.072535 
d_335 d335 0.057199 0.412229 0.530572 
d_336 d336 0.193822 0.582461 0.223717 
d_337 d337 0.293886 0.412229 0.293886 
d_338 d338 0.277264 0.512756 0.209980 
d_339 d339 0.227885 0.438781 0.333333 
d_340 d340 0.478894 0.478894 0.042213 
d_341 d341 0.256925 0.658071 0.085005 
d_342 d342 0.215455 0.294041 0.490504 
d_343 d343 0.179092 0.333333 0.487575 
d_344 d344 0.047165 0.174351 0.778484 
d_345 d345 0.188799 0.188799 0.622403 
d_346 d346 0.317629 0.482528 0.199843 
d_347 d347 0.508115 0.154985 0.336900 
d_348 d348 0.012906 0.520249 0.466845 
d_349 d349 0.115773 0.395493 0.488733 
d_350 d350 0.088685 0.639144 0.272171 
d_351 d351 0.029382 0.394124 0.576494 
d_352 d352 0.170334 0.463733 0.365933 
d_353 d353 0.211753 0.637285 0.150963 
d_354 d354 0.156966 0.686067 0.156966 
d_355 d355 0.314231 0.543457 0.142311 
d_356 d356 0.080397 0.514002 0.405601 
d_357 d357 0.216885 0.478894 0.304221 
d_358 d358 0.074935 0.695090 0.229974 
d_359 d359 0.064877 0.467562 0.467562 
d_360 d360 0.242999 0.297200 0.459801 
d_361 d361 0.131313 0.508672 0.360015 
d_362 d362 0.161105 0.591676 0.247219 
d_363 d363 0.521528 0.230681 0.247790 
d_364 d364 0.377877 0.377877 0.244246 
d_365 d365 0.141946 0.429027 0.429027 
d_366 d366 0.293886 0.412229 0.293886 
d_367 d367 0.038822 0.761714 0.199465 
d_368 d368 0.230506 0.744644 0.024850 
d_369 d369 0.122437 0.684827 0.192736 
d_370 d370 0.142311 0.829990 0.027698 
d_371 d371 0.199860 0.431682 0.368458 
d_372 d372 0.323061 0.538778 0.138161 
d_373 d373 0.105899 0.745558 0.148543 
d_374 d374 0.066311 0.813974 0.119715 
d_375 d375 0.272617 0.564056 0.163327 
d_376 d376 0.176162 0.569090 0.254748 
d_377 d377 0.096009 0.872708 0.031284 
d_378 d378 0.014449 0.791729 0.193822 
d_379 d379 0.064877 0.870246 0.064877 
d_380 d380 0.018991 0.726261 0.254748 
d_381 d381 0.358538 0.358538 0.282924 
d_382 d382 0.300939 0.436994 0.262067 
d_383 d383 0.428844 0.428844 0.142311 
d_384 d384 0.454914 0.515704 0.029382 
d_385 d385 0.254103 0.152235 0.593662 
d_386 d386 0.581974 0.395493 0.022533 
d_387 d387 0.035936 0.258984 0.705081 
d_388 d388 0.043992 0.504576 0.451432 
d_389 d389 0.074935 0.850129 0.074935 
d_390 d390 0.260174 0.342478 0.397348 
d_391 d391 0.162247 0.504420 0.333333 
d_392 d392 0.184634 0.630731 0.184634 
d_393 d393 0.259168 0.432221 0.308611 
d_394 d394 0.306067 0.633265 0.060668 
d_395 d395 0.256925 0.658071 0.085005 
d_396 d396 0.829990 0.085005 0.085005 
d_397 d397 0.436161 0.333333 0.230506 
d_398 d398 0.233831 0.702914 0.063255 
d_399 d399 0.160734 0.743258 0.096009 
d_400 d400 0.038822 0.922356 0.038822 
d_401 d401 0.275278 0.478471 0.246251 
d_402 d402 0.127678 0.384747 0.487575 
d_403 d403 0.486151 0.428844 0.085005 
d_404 d404 0.290183 0.419633 0.290183 
d_405 d405 0.434152 0.434152 0.131695 
d_406 d406 0.269740 0.619502 0.110758 
d_407 d407 0.142468 0.183367 0.674165 
d_408 d408 0.051256 0.649811 0.298934 
d_409 d409 0.033449 0.587082 0.379469 
d_410 d410 0.260174 0.616827 0.123000 
d_411 d411 0.136870 0.490504 0.372626 
d_412 d412 0.020611 0.447050 0.532338 
d_413 d413 0.162393 0.721834 0.115773 
d_414 d414 0.072535 0.268134 0.659332 
d_415 d415 0.191187 0.233831 0.574982 
d_416 d416 0.448674 0.171857 0.379469 
d_417 d417 0.379469 0.517878 0.102653 
d_418 d418 0.247790 0.333333 0.418877 
d_419 d419 0.403089 0.522671 0.074240 
d_420 d420 0.262787 0.580247 0.156966 
d_421 d421 0.304221 0.566230 0.129549 
d_422 d422 0.716108 0.141946 0.141946 
d_423 d423 0.128510 0.624050 0.247440 
d_424 d424 0.279786 0.360107 0.360107 
d_425 d425 0.160734 0.549083 0.290183 
d_426 d426 0.018273 0.623188 0.358538 
d_427 d427 0.085005 0.543457 0.371538 
d_428 d428 0.038822 0.520750 0.440428 
d_429 d429 0.440142 0.386738 0.173120 
d_430 d430 0.447050 0.361763 0.191187 
d_431 d431 0.042213 0.478894 0.478894 
d_432 d432 0.019768 0.715065 0.265167 
d_433 d433 0.058284 0.844139 0.097577 
d_434 d434 0.128510 0.406013 0.465477 
d_435 d435 0.173120 0.573654 0.253227 
d_436 d436 0.216885 0.129549 0.653566 
d_437 d437 0.561532 0.317033 0.121434 
d_438 d438 0.272617 0.381906 0.345477 
d_439 d439 0.162393 0.535354 0.302253 
d_440 d440 0.059595 0.213573 0.726832 
d_441 d441 0.033449 0.310265 0.656286 
d_442 d442 0.027698 0.486151 0.486151 
d_443 d443 0.518295 0.349417 0.132288 
d_444 d444 0.237640 0.429027 0.333333 
d_445 d445 0.229262 0.449648 0.321090 
d_446 d446 0.252915 0.711299 0.035786 
d_447 d447 0.180077 0.541325 0.278599 
d_448 d448 0.142554 0.333333 0.524112 
d_449 d449 0.276475 0.404407 0.319119 
d_450 d450 0.016412 0.525750 0.457838 
d_451 d451 0.600764 0.314231 0.085005 
d_452 d452 0.156966 0.686067 0.156966 
d_453 d453 0.547574 0.396345 0.056081 
d_454 d454 0.175542 0.530572 0.293886 
d_455 d455 0.360107 0.520750 0.119143 
d_456 d456 0.346967 0.510566 0.142468 
d_457 d457 0.484358 0.290183 0.225458 
d_458 d458 0.797397 0.050368 0.152235 
d_459 d459 0.515335 0.333333 0.151331 
d_460 d460 0.035936 0.630731 0.333333 
d_461 d461 0.715065 0.265167 0.019768 
d_462 d462 0.033449 0.725490 0.241061 
d_463 d463 0.633265 0.346967 0.019768 
d_464 d464 0.282924 0.471960 0.245117 
d_465 d465 0.348873 0.581974 0.069153 
d_466 d466 0.587082 0.379469 0.033449 
d_467 d467 0.184634 0.630731 0.184634 
d_468 d468 0.038822 0.761714 0.199465 
d_469 d469 0.134598 0.568202 0.297200 
d_470 d470 0.440428 0.279786 0.279786 
d_471 d471 0.520750 0.279786 0.199465 
d_472 d472 0.134598 0.622403 0.242999 
d_473 d473 0.160734 0.484358 0.354908 
d_474 d474 0.229974 0.385013 0.385013 
d_475 d475 0.216885 0.391557 0.391557 
d_476 d476 0.233007 0.368447 0.398545 
d_477 d477 0.407462 0.451940 0.140598 
d_478 d478 0.127678 0.847472 0.024850 
d_479 d479 0.174714 0.552601 0.272685 
d_480 d480 0.253227 0.707165 0.039608 
d_481 d481 0.333333 0.310318 0.356348 
d_482 d482 0.541475 0.431283 0.027242 
d_483 d483 0.388008 0.388008 0.223984 
d_484 d484 0.021529 0.734224 0.244246 
d_485 d485 0.175542 0.648915 0.175542 
d_486 d486 0.051146 0.791887 0.156966 
d_487 d487 0.360107 0.520750 0.119143 
d_488 d488 0.507499 0.362361 0.130140 
d_489 d489 0.544571 0.215040 0.240389 
d_490 d490 0.170334 0.365933 0.463733 
d_491 d491 0.440428 0.520750 0.038822 
d_492 d492 0.333333 0.511507 0.155160 
d_493 d493 0.220934 0.600281 0.178785 
d_494 d494 0.021529 0.511507 0.466964 
d_495 d495 0.026197 0.730804 0.242999 
d_496 d496 0.024850 0.744644 0.230506 
d_497 d497 0.155160 0.288790 0.556050 
d_498 d498 0.628594 0.348873 0.022533 
d_499 d499 0.279957 0.488124 0.231919 
d_500 d500 0.033449 0.587082 0.379469 
d_501 d501 0.351400 0.514002 0.134598 
d_502 d502 0.035936 0.630731 0.333333 
d_503 d503 0.333333 0.206147 0.460519 
d_504 d504 0.134598 0.568202 0.297200 
d_505 d505 0.607006 0.344280 0.048714 
d_506 d506 0.491196 0.491196 0.017608 
d_507 d507 0.216885 0.653566 0.129549 
d_508 d508 0.421793 0.470044 0.108162 
d_509 d509 0.057199 0.885602 0.057199 
d_510 d510 0.016989 0.614528 0.368483 
d_511 d511 0.093888 0.547574 0.358538 
d_512 d512 0.698075 0.150963 0.150963 
d_513 d513 0.121434 0.610432 0.268134 
d_514 d514 0.678533 0.096009 0.225458 
d_515 d515 0.217335 0.314000 0.468664 
d_516 d516 0.024850 0.384747 0.590403 
d_517 d517 0.033449 0.517878 0.448674 
d_518 d518 0.478894 0.391557 0.129549 
d_519 d519 0.114395 0.771210 0.114395 
d_520 d520 0.015873 0.574165 0.409962 
d_521 d521 0.035936 0.705081 0.258984 
d_522 d522 0.022533 0.395493 0.581974 
d_523 d523 0.520750 0.440428 0.038822 
d_524 d524 0.113641 0.557020 0.329339 
d_525 d525 0.023635 0.317033 0.659332 
d_526 d526 0.050368 0.322015 0.627617 
d_527 d527 0.018908 0.273847 0.707245 
d_528 d528 0.110285 0.705081 0.184634 
d_529 d529 0.293886 0.530572 0.175542 
d_530 d530 0.333333 0.556050 0.110616 
d_531 d531 0.211753 0.333333 0.454914 
d_532 d532 0.540052 0.229974 0.229974 
d_533 d533 0.074935 0.850129 0.074935 
d_534 d534 0.391557 0.566230 0.042213 
d_535 d535 0.389533 0.305234 0.305234 
d_536 d536 0.199105 0.736018 0.064877 
d_537 d537 0.538989 0.436161 0.024850 
d_538 d538 0.566230 0.304221 0.129549 
d_539 d539 0.236187 0.746205 0.017608 
d_540 d540 0.078039 0.513200 0.408761 
d_541 d541 0.035936 0.556382 0.407683 
d_542 d542 0.391557 0.478894 0.129549 
d_543 d543 0.262787 0.580247 0.156966 
d_544 d544 0.587082 0.310265 0.102653 
d_545 d545 0.601071 0.279786 0.119143 
d_546 d546 0.230611 0.477144 0.292244 
d_547 d547 0.409962 0.311440 0.278599 
d_548 d548 0.187975 0.624050 0.187975 
d_549 d549 0.293389 0.557020 0.149591 
d_550 d550 0.064877 0.870246 0.064877 
d_551 d551 0.350442 0.367551 0.282007 
d_552 d552 0.022533 0.209013 0.768454 
d_553 d553 0.373778 0.495113 0.131109 
d_554 d554 0.171502 0.289915 0.538583 
d_555 d555 0.381906 0.199757 0.418336 
d_556 d556 0.042213 0.216885 0.740902 
d_557 d557 0.462880 0.313403 0.223717 
d_558 d558 0.237640 0.620415 0.141946 
d_559 d559 0.254103 0.389926 0.355971 
d_560 d560 0.033449 0.102653 0.863899 
d_561 d561 0.512632 0.219234 0.268134 
d_562 d562 0.035936 0.407683 0.556382 
d_563 d563 0.038822 0.681392 0.279786 
d_564 d564 0.046252 0.907496 0.046252 
d_565 d565 0.027698 0.314231 0.658071 
d_566 d566 0.051146 0.791887 0.156966 
d_567 d567 0.123000 0.177869 0.699131 
d_568 d568 0.174351 0.460519 0.365130 
d_569 d569 0.014030 0.594582 0.391388 
d_570 d570 0.141946 0.237640 0.620415 
d_571 d571 0.052467 0.602497 0.345036 
d_572 d572 0.355390 0.570444 0.074166 
d_573 d573 0.142676 0.562123 0.295202 
d_574 d574 0.076264 0.693231 0.230506 
d_575 d575 0.361763 0.617626 0.020611 
d_576 d576 0.057199 0.648915 0.293886 
d_577 d577 0.160734 0.354908 0.484358 
d_578 d578 0.494170 0.470044 0.035786 
d_579 d579 0.057199 0.767258 0.175542 
d_580 d580 0.023635 0.512632 0.463733 
d_581 d581 0.568202 0.405601 0.026197 
d_582 d582 0.242999 0.730804 0.026197 
d_583 d583 0.410127 0.352532 0.237341 
d_584 d584 0.254103 0.729485 0.016412 
d_585 d585 0.736018 0.199105 0.064877 
d_586 d586 0.360036 0.493547 0.146417 
d_587 d587 0.051146 0.368607 0.580247 
d_588 d588 0.199618 0.371538 0.428844 
d_589 d589 0.019768 0.510566 0.469666 
d_590 d590 0.179092 0.796058 0.024850 
d_591 d591 0.014030 0.420416 0.565554 
d_592 d592 0.042213 0.042213 0.915575 
d_593 d593 0.333333 0.333333 0.333333 
d_594 d594 0.156966 0.368607 0.474427 
d_595 d595 0.791887 0.156966 0.051146 
d_596 d596 0.265167 0.101568 0.633265 
d_597 d597 0.385013 0.229974 0.385013 
d_598 d598 0.079599 0.349703 0.570698 
d_599 d599 0.076264 0.230506 0.693231 
d_600 d600 0.237640 0.620415 0.141946 
d_601 d601 0.414833 0.414833 0.170334 
d_602 d602 0.333333 0.641817 0.024850 
d_603 d603 0.272648 0.220633 0.506719 
d_604 d604 0.420416 0.188195 0.391388 
d_605 d605 0.361763 0.574982 0.063255 
d_606 d606 0.064877 0.333333 0.601790 
d_607 d607 0.127678 0.281919 0.590403 
d_608 d608 0.118280 0.457838 0.423882 
d_609 d609 0.306067 0.183367 0.510566 
d_610 d610 0.076264 0.333333 0.590403 
d_611 d611 0.317033 0.365933 0.317033 
d_612 d612 0.275278 0.478471 0.246251 
d_613 d613 0.237640 0.237640 0.524721 
d_614 d614 0.072535 0.414833 0.512632 
d_615 d615 0.377121 0.081554 0.541325 
d_616 d616 0.051146 0.791887 0.156966 
d_617 d617 0.051146 0.897707 0.051146 
d_618 d618 0.281919 0.179092 0.538989 
d_619 d619 0.244246 0.600594 0.155160 
d_620 d620 0.088685 0.822630 0.088685 
d_621 d621 0.287303 0.563483 0.149214 
d_622 d622 0.063255 0.916134 0.020611 
d_623 d623 0.051146 0.791887 0.156966 
d_624 d624 0.512632 0.365933 0.121434 
d_625 d625 0.630731 0.333333 0.035936 
d_626 d626 0.024850 0.436161 0.538989 
d_627 d627 0.057199 0.885602 0.057199 
d_628 d628 0.407499 0.456943 0.135558 
d_629 d629 0.199105 0.601790 0.199105 
d_630 d630 0.174351 0.492316 0.333333 
d_631 d631 0.174351 0.428723 0.396926 
d_632 d632 0.325834 0.303337 0.370829 
d_633 d633 0.276475 0.404407 0.319119 
d_634 d634 0.029382 0.637285 0.333333 
d_635 d635 0.333333 0.217223 0.449444 
d_636 d636 0.601790 0.333333 0.064877 
d_637 d637 0.237341 0.179746 0.582913 
d_638 d638 0.095565 0.342478 0.561957 
d_639 d639 0.468526 0.392480 0.138995 
d_640 d640 0.227618 0.584407 0.187975 
d_641 d641 0.199757 0.381906 0.418336 
d_642 d642 0.524721 0.237640 0.237640 
d_643 d643 0.150963 0.515704 0.333333 
d_644 d644 0.019768 0.510566 0.469666 
d_645 d645 0.046252 0.620415 0.333333 
d_646 d646 0.608382 0.333333 0.058284 
d_647 d647 0.282924 0.660996 0.056081 
d_648 d648 0.520750 0.360107 0.119143 
d_649 d649 0.581974 0.302253 0.115773 
d_650 d650 0.014895 0.323061 0.662044 
d_651 d651 0.007740 0.520149 0.472111 
d_652 d652 0.097885 0.346414 0.555701 
d_653 d653 0.318665 0.384672 0.296663 
d_654 d654 0.131695 0.320731 0.547574 
d_655 d655 0.074935 0.074935 0.850129 
d_656 d656 0.057199 0.885602 0.057199 
d_657 d657 0.314231 0.658071 0.027698 
d_658 d658 0.314231 0.142311 0.543457 
d_659 d659 0.020611 0.916134 0.063255 
d_660 d660 0.524721 0.429027 0.046252 
d_661 d661 0.555909 0.301537 0.142554 
d_662 d662 0.319573 0.257654 0.422773 
d_663 d663 0.224267 0.510566 0.265167 
d_664 d664 0.333333 0.281919 0.384747 
d_665 d665 0.254748 0.372626 0.372626 
d_666 d666 0.100704 0.431283 0.468013 
d_667 d667 0.361763 0.233831 0.404407 
d_668 d668 0.088297 0.265737 0.645965 
d_669 d669 0.256925 0.314231 0.428844 
d_670 d670 0.199465 0.520750 0.279786 
d_671 d671 0.541325 0.245758 0.212917 
d_672 d672 0.622403 0.351400 0.026197 
d_673 d673 0.290183 0.678533 0.031284 
d_674 d674 0.281919 0.641817 0.076264 
d_675 d675 0.348873 0.302253 0.348873 
d_676 d676 0.395493 0.488733 0.115773 
d_677 d677 0.323930 0.493183 0.182887 
d_678 d678 0.189692 0.671314 0.138995 
d_679 d679 0.306905 0.465477 0.227618 
d_680 d680 0.134031 0.432985 0.432985 
d_681 d681 0.478471 0.304306 0.217223 
d_682 d682 0.206147 0.460519 0.333333 
d_683 d683 0.058500 0.647428 0.294071 
d_684 d684 0.057199 0.767258 0.175542 
d_685 d685 0.482032 0.482032 0.035936 
d_686 d686 0.046252 0.907496 0.046252 
d_687 d687 0.074935 0.850129 0.074935 
d_688 d688 0.377877 0.333333 0.288790 
d_689 d689 0.156966 0.368607 0.474427 
d_690 d690 0.385013 0.540052 0.074935 
d_691 d691 0.126897 0.491196 0.381906 
d_692 d692 0.042213 0.566230 0.391557 
d_693 d693 0.142311 0.142311 0.715377 
d_694 d694 0.482032 0.258984 0.258984 
d_695 d695 0.474427 0.474427 0.051146 
d_696 d696 0.216885 0.653566 0.129549 
d_697 d697 0.022533 0.209013 0.768454 
d_698 d698 0.314231 0.486151 0.199618 
d_699 d699 0.561532 0.414833 0.023635 
d_700 d700 0.209724 0.407499 0.382777 
d_701 d701 0.180982 0.338587 0.480431 
d_702 d702 0.468013 0.376186 0.155800 
d_703 d703 0.295722 0.154678 0.549600 
d_704 d704 0.471423 0.517453 0.011124 
d_705 d705 0.225458 0.484358 0.290183 
d_706 d706 0.064877 0.333333 0.601790 
d_707 d707 0.102653 0.241061 0.656286 
d_708 d708 0.038822 0.681392 0.279786 
d_709 d709 0.281919 0.693231 0.024850 
d_710 d710 0.016412 0.593662 0.389926 
d_711 d711 0.274661 0.384672 0.340667 
d_712 d712 0.066073 0.466964 0.466964 
d_713 d713 0.006959 0.266139 0.726902 
d_714 d714 0.188799 0.785005 0.026197 
d_715 d715 0.057199 0.885602 0.057199 
d_716 d716 0.233831 0.233831 0.532338 
d_717 d717 0.104136 0.552566 0.343298 
d_718 d718 0.556050 0.110616 0.333333 
d_719 d719 0.574165 0.278599 0.147236 
d_720 d720 0.017608 0.418336 0.564056 
d_721 d721 0.046252 0.907496 0.046252 
d_722 d722 0.042213 0.653566 0.304221 
d_723 d723 0.656286 0.171857 0.171857 
d_724 d724 0.390531 0.390531 0.218939 
d_725 d725 0.245117 0.471960 0.282924 
d_726 d726 0.580247 0.368607 0.051146 
d_727 d727 0.261623 0.383531 0.354846 
d_728 d728 0.029382 0.880446 0.090172 
d_729 d729 0.179092 0.590403 0.230506 
d_730 d730 0.404407 0.404407 0.191187 
d_731 d731 0.029382 0.880446 0.090172 
d_732 d732 0.406674 0.384672 0.208654 
d_733 d733 0.313598 0.562266 0.124137 
d_734 d734 0.057199 0.648915 0.293886 
d_735 d735 0.072535 0.806031 0.121434 
d_736 d736 0.156966 0.580247 0.262787 
d_737 d737 0.276475 0.191187 0.532338 
d_738 d738 0.093888 0.547574 0.358538 
d_739 d739 0.064877 0.333333 0.601790 
d_740 d740 0.171857 0.379469 0.448674 
d_741 d741 0.304221 0.304221 0.391557 
d_742 d742 0.517878 0.448674 0.033449 
d_743 d743 0.078961 0.301537 0.619502 
d_744 d744 0.138161 0.754494 0.107345 
d_745 d745 0.446328 0.323061 0.230611 
d_746 d746 0.392480 0.240389 0.367131 
d_747 d747 0.346967 0.469666 0.183367 
d_748 d748 0.038822 0.842035 0.119143 
d_749 d749 0.442802 0.508484 0.048714 
d_750 d750 0.364365 0.410913 0.224722 
d_751 d751 0.659332 0.317033 0.023635 
d_752 d752 0.195734 0.567251 0.237014 
d_753 d753 0.046252 0.716108 0.237640 
d_754 d754 0.574982 0.148543 0.276475 
d_755 d755 0.637285 0.272543 0.090172 
d_756 d756 0.556382 0.258984 0.184634 
d_757 d757 0.693231 0.281919 0.024850 
d_758 d758 0.368607 0.580247 0.051146 
d_759 d759 0.377121 0.508484 0.114395 
d_760 d760 0.678533 0.290183 0.031284 
d_761 d761 0.515704 0.211753 0.272543 
d_762 d762 0.207309 0.471960 0.320731 
d_763 d763 0.021529 0.422420 0.556050 
d_764 d764 0.304306 0.449444 0.246251 
d_765 d765 0.038822 0.842035 0.119143 
d_766 d766 0.027698 0.428844 0.543457 
d_767 d767 0.311440 0.377121 0.311440 
d_768 d768 0.085005 0.715377 0.199618 
d_769 d769 0.308388 0.270970 0.420642 
d_770 d770 0.221140 0.433717 0.345143 
d_771 d771 0.564056 0.345477 0.090468 
d_772 d772 0.319119 0.532338 0.148543 
d_773 d773 0.354347 0.448910 0.196743 
d_774 d774 0.074935 0.540052 0.385013 
d_775 d775 0.512632 0.317033 0.170334 
d_776 d776 0.240592 0.497414 0.261994 
d_777 d777 0.020611 0.916134 0.063255 
d_778 d778 0.042213 0.653566 0.304221 
d_779 d779 0.171857 0.656286 0.171857 
d_780 d780 0.314231 0.486151 0.199618 
d_781 d781 0.219778 0.404306 0.375917 
d_782 d782 0.042213 0.915575 0.042213 
d_783 d783 0.333333 0.333333 0.333333 
d_784 d784 0.333333 0.467562 0.199105 
d_785 d785 0.023635 0.757131 0.219234 
d_786 d786 0.385013 0.385013 0.229974 
d_787 d787 0.052138 0.509080 0.438781 
d_788 d788 0.379469 0.517878 0.102653 
d_789 d789 0.556050 0.377877 0.066073 
d_790 d790 0.220147 0.423882 0.355971 
d_791 d791 0.085005 0.658071 0.256925 
d_792 d792 0.333333 0.199105 0.467562 
d_793 d793 0.043058 0.681664 0.275278 
d_794 d794 0.029382 0.758865 0.211753 
d_795 d795 0.051146 0.156966 0.791887 
d_796 d796 0.199618 0.543457 0.256925 
d_797 d797 0.042213 0.216885 0.740902 
d_798 d798 0.442802 0.508484 0.048714 
d_799 d799 0.530572 0.412229 0.057199 
d_800 d800 0.042213 0.740902 0.216885 
d_801 d801 0.564056 0.345477 0.090468 
d_802 d802 0.044345 0.612357 0.343298 
d_803 d803 0.127678 0.641817 0.230506 
d_804 d804 0.199757 0.782635 0.017608 
d_805 d805 0.027698 0.944604 0.027698 
d_806 d806 0.148543 0.447050 0.404407 
d_807 d807 0.524721 0.141946 0.333333 
d_808 d808 0.219234 0.414833 0.365933 
d_809 d809 0.233831 0.574982 0.191187 
d_810 d810 0.074935 0.540052 0.385013 
d_811 d811 0.365130 0.492316 0.142554 
d_812 d812 0.074935 0.850129 0.074935 
d_813 d813 0.093888 0.774417 0.131695 
d_814 d814 0.371538 0.543457 0.085005 
d_815 d815 0.024850 0.538989 0.436161 
d_816 d816 0.147236 0.508484 0.344280 
d_817 d817 0.074935 0.850129 0.074935 
d_818 d818 0.074935 0.229974 0.695090 
d_819 d819 0.524721 0.333333 0.141946 
d_820 d820 0.488733 0.255633 0.255633 
d_821 d821 0.013260 0.534522 0.452218 
d_822 d822 0.530572 0.412229 0.057199 
d_823 d823 0.379469 0.517878 0.102653 
d_824 d824 0.040695 0.644262 0.315043 
d_825 d825 0.019768 0.715065 0.265167 
d_826 d826 0.064877 0.467562 0.467562 
d_827 d827 0.033449 0.933103 0.033449 
d_828 d828 0.767258 0.175542 0.057199 
d_829 d829 0.490504 0.215455 0.294041 
d_830 d830 0.185002 0.358055 0.456943 
d_831 d831 0.346967 0.265167 0.387866 
d_832 d832 0.064877 0.333333 0.601790 
d_833 d833 0.478894 0.478894 0.042213 
d_834 d834 0.064877 0.870246 0.064877 
d_835 d835 0.014895 0.507961 0.477144 
d_836 d836 0.142554 0.524112 0.333333 
d_837 d837 0.506086 0.246957 0.246957 
d_838 d838 0.191187 0.404407 0.404407 
d_839 d839 0.440428 0.119143 0.440428 
d_840 d840 0.134031 0.492775 0.373194 
d_841 d841 0.015368 0.237944 0.746688 
d_842 d842 0.199703 0.466964 0.333333 
d_843 d843 0.096121 0.526069 0.377811 
d_844 d844 0.085005 0.371538 0.543457 
d_845 d845 0.024850 0.898886 0.076264 
d_846 d846 0.540052 0.385013 0.074935 
d_847 d847 0.509080 0.403632 0.087288 
d_848 d848 0.440428 0.520750 0.038822 
d_849 d850 0.467562 0.467562 0.064877 
d_850 d851 0.179092 0.641817 0.179092 
d_851 d852 0.333333 0.429027 0.237640 
d_852 d853 0.129549 0.653566 0.216885 
d_853 d855 0.191776 0.515335 0.292888 
d_854 d861 0.022533 0.581974 0.395493 
d_855 d862 0.323061 0.415511 0.261428 
d_856 d865 0.295202 0.428662 0.276136 
d_857 d868 0.066311 0.707165 0.226524 
d_858 d873 0.209013 0.395493 0.395493 
d_859 d875 0.048714 0.541325 0.409962 
d_860 d879 0.288059 0.254103 0.457838 
d_861 d880 0.115773 0.209013 0.675214 
d_862 d884 0.023635 0.414833 0.561532 
d_863 d905 0.233831 0.105899 0.660270 
d_864 d1075 0.109055 0.512756 0.378189 
d_865 d1076 0.075684 0.393145 0.531171 
d_866 d1077 0.199105 0.736018 0.064877 
d_867 d1078 0.088258 0.553591 0.358151 
d_868 d1079 0.066073 0.244246 0.689681 
d_869 d1080 0.312088 0.388570 0.299341 
d_870 d1081 0.027752 0.364515 0.607733 
d_871 d1082 0.038942 0.609093 0.351966 
d_872 d1083 0.484358 0.290183 0.225458 
d_873 d1084 0.102653 0.725490 0.171857 
d_874 d1085 0.240808 0.503774 0.255418 
d_875 d1086 0.170900 0.284949 0.544151 
d_876 d1087 0.333333 0.368483 0.298184 
d_877 d1088 0.419447 0.333333 0.247219 
d_878 d1089 0.076264 0.590403 0.333333 
d_879 d1090 0.428844 0.314231 0.256925 
d_880 d1091 0.014449 0.163926 0.821624 
d_881 d1092 0.067703 0.475867 0.456430 
d_882 d1093 0.138995 0.443177 0.417828 
d_883 d1094 0.017608 0.527626 0.454766 
d_884 d1095 0.237640 0.141946 0.620415 
d_885 d1096 0.199757 0.454766 0.345477 
d_886 d1097 0.119143 0.199465 0.681392 
d_887 d1098 0.486151 0.428844 0.085005 
d_888 d1099 0.153153 0.240808 0.606038 
d_889 d1100 0.031284 0.225458 0.743258 
d_890 d1101 0.346414 0.424896 0.228690 
d_891 d1102 0.358798 0.297683 0.343519 
d_892 d1103 0.428766 0.551466 0.019768 
d_893 d1104 0.390531 0.142676 0.466794 
d_894 d1105 0.199757 0.491196 0.309047 
d_895 d1106 0.252659 0.450678 0.296663 
d_896 d1107 0.333333 0.360036 0.306631 
d_897 d1108 0.263117 0.356739 0.380144 
d_898 d1109 0.342478 0.315043 0.342478 
d_899 d1110 0.266981 0.361271 0.371748 
d_900 d1111 0.090762 0.466748 0.442490 
d_901 d1112 0.345477 0.381906 0.272617 
d_902 d1113 0.319790 0.299475 0.380735 
d_903 d1114 0.293886 0.057199 0.648915 
d_904 d1115 0.016989 0.579379 0.403632 
d_905 d1116 0.296663 0.384672 0.318665 
d_906 d1117 0.376680 0.298656 0.324664 
d_907 d1118 0.369913 0.534522 0.095565 
d_908 d1119 0.288059 0.322015 0.389926 
d_909 d1120 0.261428 0.353878 0.384694 
d_910 d1121 0.260174 0.369913 0.369913 
d_911 d1122 0.460817 0.258343 0.280840 
d_912 d1123 0.064877 0.333333 0.601790 
d_913 d1124 0.191187 0.532338 0.276475 
d_914 d1125 0.373778 0.434446 0.191776 
d_915 d1126 0.155800 0.394552 0.449648 
d_916 d1127 0.227618 0.346548 0.425834 
d_917 d1128 0.259168 0.531108 0.209724 
d_918 d1129 0.197795 0.420078 0.382127 
d_919 d1130 0.257352 0.502181 0.240467 
d_920 d1131 0.252321 0.420577 0.327102 
d_921 d1132 0.232612 0.265278 0.502110 
d_922 d1133 0.323061 0.384694 0.292244 
d_923 d1134 0.302114 0.412800 0.285086 
d_924 d1135 0.251966 0.447247 0.300787 
d_925 d1136 0.148332 0.564585 0.287083 
d_926 d1137 0.370829 0.438320 0.190851 
d_927 d1138 0.284819 0.442490 0.272691 
d_928 d1139 0.443177 0.493874 0.062949 
d_929 d1140 0.460817 0.415823 0.123360 
d_930 d1141 0.205304 0.671696 0.123000 
d_931 d1142 0.293886 0.293886 0.412229 
d_932 d1143 0.279786 0.440428 0.279786 
d_933 d1144 0.046252 0.907496 0.046252 
d_934 d1145 0.017608 0.819065 0.163327 
d_935 d1146 0.306067 0.674165 0.019768 
d_936 d1147 0.014449 0.672147 0.313403 
d_937 d1148 0.262787 0.686067 0.051146 
d_938 d1149 0.076641 0.230656 0.692703 
d_939 d1150 0.199884 0.478387 0.321729 
d_940 d1151 0.110616 0.422420 0.466964 
d_941 d1152 0.311440 0.147236 0.541325 
d_942 d1153 0.027698 0.887297 0.085005 
d_943 d1154 0.044345 0.881415 0.074240 
d_944 d1155 0.169502 0.736610 0.093888 
d_945 d1156 0.304221 0.566230 0.129549 
d_946 d1157 0.489694 0.148543 0.361763 
d_947 d1158 0.244246 0.645137 0.110616 
d_948 d1159 0.262787 0.368607 0.368607 
d_949 d1160 0.046252 0.907496 0.046252 
d_950 d1161 0.478894 0.216885 0.304221 
d_951 d1162 0.184634 0.705081 0.110285 
d_952 d1163 0.530572 0.412229 0.057199 
d_953 d1164 0.294936 0.453324 0.251740 
d_954 d1165 0.333333 0.614528 0.052138 
d_955 d1166 0.058284 0.765553 0.176162 
d_956 d1167 0.024850 0.847472 0.127678 
d_957 d1168 0.042213 0.478894 0.478894 
d_958 d1169 0.556382 0.407683 0.035936 
d_959 d1170 0.046252 0.811802 0.141946 
d_960 d1171 0.130140 0.507499 0.362361 
d_961 d1172 0.482032 0.407683 0.110285 
d_962 d1173 0.333333 0.620415 0.046252 
d_963 d1174 0.256925 0.715377 0.027698 
d_964 d1175 0.281919 0.693231 0.024850 
d_965 d1176 0.191187 0.788202 0.020611 
d_966 d1177 0.411919 0.372626 0.215455 
d_967 d1178 0.102653 0.656286 0.241061 
d_968 d1179 0.033449 0.863899 0.102653 
d_969 d1180 0.031284 0.872708 0.096009 
d_970 d1181 0.046252 0.716108 0.237640 
d_971 d1182 0.192736 0.473931 0.333333 
d_972 d1183 0.293886 0.648915 0.057199 
d_973 d1184 0.074935 0.695090 0.229974 
d_974 d1185 0.279786 0.681392 0.038822 
d_975 d1186 0.379469 0.587082 0.033449 
d_976 d1187 0.622403 0.297200 0.080397 
d_977 d1188 0.514002 0.459801 0.026197 
d_978 d1189 0.074935 0.850129 0.074935 
d_979 d1190 0.113175 0.402133 0.484692 
d_980 d1191 0.242999 0.730804 0.026197 
d_981 d1192 0.547574 0.434152 0.018273 
d_982 d1193 0.199105 0.736018 0.064877 
d_983 d1194 0.566230 0.304221 0.129549 
d_984 d1195 0.046252 0.907496 0.046252 
d_985 d1196 0.467562 0.064877 0.467562 
d_986 d1197 0.474427 0.474427 0.051146 
d_987 d1198 0.333333 0.620415 0.046252 
d_988 d1199 0.429027 0.237640 0.333333 
d_989 d1200 0.023635 0.170334 0.806031 
d_990 d1201 0.237640 0.716108 0.046252 
d_991 d1202 0.229974 0.695090 0.074935 
d_992 d1203 0.057199 0.412229 0.530572 
d_993 d1204 0.309047 0.600486 0.090468 
d_994 d1205 0.018991 0.411919 0.569090 
d_995 d1206 0.064877 0.870246 0.064877 
d_996 d1207 0.310265 0.448674 0.241061 
d_997 d1208 0.184634 0.705081 0.110285 
d_998 d1209 0.171857 0.725490 0.102653 
d_999 d1210 0.412229 0.530572 0.057199 
d_1000 d1211 0.129549 0.740902 0.129549 
d_1001 d1212 0.042213 0.828239 0.129549 
d_1002 d1213 0.229974 0.695090 0.074935 
d_1003 d1214 0.046252 0.811802 0.141946 
d_1004 d1215 0.360107 0.520750 0.119143 
d_1005 d1216 0.346948 0.510324 0.142727 
d_1006 d1217 0.081554 0.639847 0.278599 
d_1007 d1218 0.237640 0.716108 0.046252 
d_1008 d1219 0.219234 0.659332 0.121434 
d_1009 d1220 0.293886 0.648915 0.057199 
d_1010 d1221 0.090172 0.758865 0.150963 
d_1011 d1222 0.057199 0.885602 0.057199 
d_1012 d1223 0.175542 0.767258 0.057199 
d_1013 d1224 0.256925 0.715377 0.027698 
d_1014 d1225 0.046252 0.811802 0.141946 
d_1015 d1226 0.686067 0.051146 0.262787 
d_1016 d1227 0.051146 0.791887 0.156966 
d_1017 d1228 0.213438 0.498189 0.288373 
d_1018 d1229 0.469666 0.387866 0.142468 
d_1019 d1230 0.653566 0.129549 0.216885 
d_1020 d1231 0.333333 0.333333 0.333333 
d_1021 d1232 0.182887 0.803479 0.013634 
d_1022 d1233 0.127678 0.796058 0.076264 
d_1023 d1234 0.038822 0.842035 0.119143 
d_1024 d1235 0.035936 0.333333 0.630731 
d_1025 d1236 0.423882 0.322015 0.254103 
