Document 0
0.004667 0.004667 0.004667 0.004667 0.004667 0.004667 0.239500 0.004667 0.709168 0.004667 0.004667 0.004667 0.004667 
0.015792 0.015792 0.015792 0.015792 0.015792 0.015792 0.015792 0.015792 0.015792 0.015792 0.015792 0.413143 0.413143 
0.015792 0.015792 0.015792 0.015792 0.810494 0.015792 0.015792 0.015792 0.015792 0.015792 0.015792 0.015792 0.015792 
Document 1
0.003175 0.003175 0.003175 0.003175 0.003175 0.482536 0.003175 0.003175 0.003175 0.003175 0.402643 0.003175 0.083069 
0.026205 0.026205 0.026205 0.026205 0.026205 0.026205 0.026205 0.026205 0.685545 0.026205 0.026205 0.026205 0.026205 
0.076923 0.076923 0.076923 0.076923 0.076923 0.076923 0.076923 0.076923 0.076923 0.076923 0.076923 0.076923 0.076923 
Document 2
0.002146 0.002146 0.056152 0.056152 0.002146 0.542200 0.002146 0.326179 0.002146 0.002146 0.002146 0.002146 0.002146 
0.008799 0.008799 0.008799 0.894408 0.008799 0.008799 0.008799 0.008799 0.008799 0.008799 0.008799 0.008799 0.008799 
0.008799 0.008799 0.451604 0.008799 0.008799 0.008799 0.451604 0.008799 0.008799 0.008799 0.008799 0.008799 0.008799 
Document 3
0.076923 0.076923 0.076923 0.076923 0.076923 0.076923 0.076923 0.076923 0.076923 0.076923 0.076923 0.076923 0.076923 
0.003779 0.003779 0.003779 0.003779 0.003779 0.003779 0.003779 0.003779 0.003779 0.003779 0.954651 0.003779 0.003779 
0.026205 0.026205 0.026205 0.026205 0.026205 0.685545 0.026205 0.026205 0.026205 0.026205 0.026205 0.026205 0.026205 
Document 4
0.630242 0.002269 0.002269 0.002269 0.002269 0.002269 0.002269 0.002269 0.002269 0.002269 0.002269 0.002269 0.344800 
0.076923 0.076923 0.076923 0.076923 0.076923 0.076923 0.076923 0.076923 0.076923 0.076923 0.076923 0.076923 0.076923 
0.004667 0.004667 0.004667 0.004667 0.356917 0.004667 0.004667 0.004667 0.356917 0.004667 0.004667 0.004667 0.239500 
Document 5
0.008799 0.008799 0.008799 0.008799 0.008799 0.894408 0.008799 0.008799 0.008799 0.008799 0.008799 0.008799 0.008799 
0.002940 0.002940 0.002940 0.002940 0.002940 0.446837 0.002940 0.076923 0.298871 0.150906 0.002940 0.002940 0.002940 
0.188473 0.007204 0.007204 0.188473 0.007204 0.188473 0.007204 0.007204 0.369742 0.007204 0.007204 0.007204 0.007204 
Document 6
0.008799 0.008799 0.008799 0.894408 0.008799 0.008799 0.008799 0.008799 0.008799 0.008799 0.008799 0.008799 0.008799 
0.003451 0.003451 0.003451 0.003451 0.003451 0.003451 0.003451 0.003451 0.003451 0.350774 0.611266 0.003451 0.003451 
0.004176 0.424491 0.004176 0.004176 0.004176 0.004176 0.004176 0.004176 0.529570 0.004176 0.004176 0.004176 0.004176 
Document 7
0.109255 0.004176 0.004176 0.739728 0.004176 0.004176 0.004176 0.004176 0.004176 0.004176 0.109255 0.004176 0.004176 
0.011301 0.011301 0.011301 0.011301 0.011301 0.011301 0.864382 0.011301 0.011301 0.011301 0.011301 0.011301 0.011301 
0.007204 0.551011 0.007204 0.007204 0.007204 0.007204 0.007204 0.007204 0.007204 0.369742 0.007204 0.007204 0.007204 
Document 8
0.239500 0.004667 0.356917 0.004667 0.004667 0.004667 0.004667 0.356917 0.004667 0.004667 0.004667 0.004667 0.004667 
0.076923 0.076923 0.076923 0.076923 0.076923 0.076923 0.076923 0.076923 0.076923 0.076923 0.076923 0.076923 0.076923 
0.003779 0.669389 0.003779 0.003779 0.003779 0.098866 0.003779 0.098866 0.003779 0.003779 0.003779 0.003779 0.098866 
Document 9
0.076923 0.076923 0.076923 0.076923 0.076923 0.076923 0.076923 0.076923 0.076923 0.076923 0.076923 0.076923 0.076923 
0.076923 0.076923 0.076923 0.076923 0.076923 0.076923 0.076923 0.076923 0.076923 0.076923 0.076923 0.076923 0.076923 
0.006099 0.006099 0.006099 0.466457 0.006099 0.006099 0.006099 0.006099 0.006099 0.466457 0.006099 0.006099 0.006099 
Document 10
0.015792 0.015792 0.015792 0.015792 0.015792 0.015792 0.810494 0.015792 0.015792 0.015792 0.015792 0.015792 0.015792 
0.006099 0.006099 0.006099 0.006099 0.006099 0.926815 0.006099 0.006099 0.006099 0.006099 0.006099 0.006099 0.006099 
0.076923 0.076923 0.076923 0.076923 0.076923 0.076923 0.076923 0.076923 0.076923 0.076923 0.076923 0.076923 0.076923 
Document 11
0.001621 0.042410 0.001621 0.001621 0.287141 0.001621 0.164775 0.001621 0.491084 0.001621 0.001621 0.001621 0.001621 
0.002406 0.002406 0.002406 0.002406 0.002406 0.002406 0.305131 0.002406 0.002406 0.668400 0.002406 0.002406 0.002406 
0.003451 0.090282 0.003451 0.003451 0.003451 0.090282 0.524435 0.003451 0.003451 0.263943 0.003451 0.003451 0.003451 
Document 12
0.002940 0.372854 0.002940 0.002940 0.002940 0.076923 0.002940 0.002940 0.002940 0.002940 0.002940 0.002940 0.520820 
0.076923 0.076923 0.076923 0.076923 0.076923 0.076923 0.076923 0.076923 0.076923 0.076923 0.076923 0.076923 0.076923 
0.076923 0.076923 0.076923 0.076923 0.076923 0.076923 0.076923 0.076923 0.076923 0.076923 0.076923 0.076923 0.076923 
Document 13
0.188473 0.007204 0.007204 0.007204 0.007204 0.007204 0.007204 0.007204 0.007204 0.732280 0.007204 0.007204 0.007204 
0.008799 0.008799 0.008799 0.008799 0.008799 0.008799 0.894408 0.008799 0.008799 0.008799 0.008799 0.008799 0.008799 
0.003779 0.003779 0.954651 0.003779 0.003779 0.003779 0.003779 0.003779 0.003779 0.003779 0.003779 0.003779 0.003779 
Document 14
0.001302 0.001302 0.001302 0.001302 0.427299 0.099609 0.001302 0.001302 0.001302 0.460068 0.001302 0.001302 0.001302 
0.026205 0.026205 0.026205 0.685545 0.026205 0.026205 0.026205 0.026205 0.026205 0.026205 0.026205 0.026205 0.026205 
0.003779 0.003779 0.003779 0.954651 0.003779 0.003779 0.003779 0.003779 0.003779 0.003779 0.003779 0.003779 0.003779 
Document 15
0.413143 0.015792 0.015792 0.413143 0.015792 0.015792 0.015792 0.015792 0.015792 0.015792 0.015792 0.015792 0.015792 
0.076923 0.076923 0.076923 0.076923 0.076923 0.076923 0.076923 0.076923 0.076923 0.076923 0.076923 0.076923 0.076923 
0.011301 0.011301 0.011301 0.011301 0.011301 0.011301 0.011301 0.011301 0.864382 0.011301 0.011301 0.011301 0.011301 
Document 16
0.015792 0.015792 0.015792 0.015792 0.015792 0.015792 0.015792 0.015792 0.810494 0.015792 0.015792 0.015792 0.015792 
0.026205 0.026205 0.026205 0.026205 0.026205 0.685545 0.026205 0.026205 0.026205 0.026205 0.026205 0.026205 0.026205 
0.008799 0.008799 0.008799 0.008799 0.008799 0.008799 0.008799 0.008799 0.673006 0.008799 0.230202 0.008799 0.008799 
Document 17
0.002561 0.002561 0.002561 0.002561 0.067008 0.002561 0.002561 0.002561 0.389242 0.195902 0.002561 0.324796 0.002561 
0.015792 0.810494 0.015792 0.015792 0.015792 0.015792 0.015792 0.015792 0.015792 0.015792 0.015792 0.015792 0.015792 
0.008799 0.230202 0.008799 0.008799 0.008799 0.008799 0.008799 0.008799 0.008799 0.008799 0.008799 0.008799 0.673006 
Document 18
0.011301 0.011301 0.011301 0.011301 0.011301 0.011301 0.295662 0.011301 0.011301 0.011301 0.580022 0.011301 0.011301 
0.002940 0.002940 0.002940 0.002940 0.002940 0.594802 0.002940 0.002940 0.224889 0.150906 0.002940 0.002940 0.002940 
0.015792 0.015792 0.015792 0.015792 0.015792 0.015792 0.015792 0.810494 0.015792 0.015792 0.015792 0.015792 0.015792 
Document 19
0.002940 0.002940 0.002940 0.298871 0.002940 0.002940 0.668785 0.002940 0.002940 0.002940 0.002940 0.002940 0.002940 
0.015792 0.015792 0.015792 0.015792 0.015792 0.413143 0.015792 0.015792 0.413143 0.015792 0.015792 0.015792 0.015792 
0.015792 0.015792 0.015792 0.810494 0.015792 0.015792 0.015792 0.015792 0.015792 0.015792 0.015792 0.015792 0.015792 
Document 20
0.015792 0.015792 0.015792 0.015792 0.015792 0.015792 0.015792 0.015792 0.810494 0.015792 0.015792 0.015792 0.015792 
0.008799 0.008799 0.008799 0.673006 0.008799 0.230202 0.008799 0.008799 0.008799 0.008799 0.008799 0.008799 0.008799 
0.003779 0.193953 0.003779 0.003779 0.003779 0.003779 0.764476 0.003779 0.003779 0.003779 0.003779 0.003779 0.003779 
Document 21
0.003779 0.003779 0.003779 0.003779 0.574302 0.003779 0.193953 0.003779 0.003779 0.003779 0.003779 0.098866 0.098866 
0.076923 0.076923 0.076923 0.076923 0.076923 0.076923 0.076923 0.076923 0.076923 0.076923 0.076923 0.076923 0.076923 
0.007204 0.007204 0.007204 0.007204 0.007204 0.007204 0.007204 0.007204 0.007204 0.732280 0.007204 0.188473 0.007204 
Document 22
0.011301 0.011301 0.011301 0.011301 0.011301 0.011301 0.864382 0.011301 0.011301 0.011301 0.011301 0.011301 0.011301 
0.007204 0.007204 0.007204 0.007204 0.007204 0.007204 0.007204 0.007204 0.007204 0.007204 0.913549 0.007204 0.007204 
0.026205 0.026205 0.026205 0.026205 0.685545 0.026205 0.026205 0.026205 0.026205 0.026205 0.026205 0.026205 0.026205 
Document 23
0.004667 0.004667 0.004667 0.004667 0.004667 0.004667 0.004667 0.004667 0.004667 0.004667 0.826584 0.122083 0.004667 
0.008799 0.008799 0.008799 0.008799 0.008799 0.008799 0.008799 0.008799 0.008799 0.894408 0.008799 0.008799 0.008799 
0.239500 0.004667 0.004667 0.239500 0.004667 0.004667 0.004667 0.004667 0.122083 0.356917 0.004667 0.004667 0.004667 
Document 24
0.001690 0.001690 0.001690 0.086736 0.001690 0.001690 0.001690 0.001690 0.767105 0.001690 0.001690 0.086736 0.044213 
0.002940 0.002940 0.002940 0.076923 0.002940 0.002940 0.076923 0.002940 0.076923 0.742768 0.002940 0.002940 0.002940 
0.005287 0.936551 0.005287 0.005287 0.005287 0.005287 0.005287 0.005287 0.005287 0.005287 0.005287 0.005287 0.005287 
Document 25
0.894408 0.008799 0.008799 0.008799 0.008799 0.008799 0.008799 0.008799 0.008799 0.008799 0.008799 0.008799 0.008799 
0.076923 0.076923 0.076923 0.076923 0.076923 0.076923 0.076923 0.076923 0.076923 0.076923 0.076923 0.076923 0.076923 
0.002146 0.002146 0.002146 0.002146 0.002146 0.002146 0.002146 0.056152 0.002146 0.704217 0.218168 0.002146 0.002146 
Document 26
0.090282 0.003451 0.090282 0.003451 0.003451 0.698096 0.003451 0.090282 0.003451 0.003451 0.003451 0.003451 0.003451 
0.026205 0.026205 0.026205 0.026205 0.026205 0.026205 0.026205 0.026205 0.026205 0.026205 0.685545 0.026205 0.026205 
0.011301 0.011301 0.295662 0.011301 0.011301 0.011301 0.011301 0.011301 0.011301 0.580022 0.011301 0.011301 0.011301 
Document 27
0.369742 0.007204 0.007204 0.551011 0.007204 0.007204 0.007204 0.007204 0.007204 0.007204 0.007204 0.007204 0.007204 
0.008799 0.008799 0.008799 0.008799 0.008799 0.673006 0.008799 0.008799 0.230202 0.008799 0.008799 0.008799 0.008799 
0.026205 0.026205 0.026205 0.026205 0.026205 0.026205 0.026205 0.026205 0.026205 0.026205 0.026205 0.685545 0.026205 
Document 28
0.669389 0.003779 0.289041 0.003779 0.003779 0.003779 0.003779 0.003779 0.003779 0.003779 0.003779 0.003779 0.003779 
0.007204 0.007204 0.007204 0.007204 0.007204 0.007204 0.007204 0.007204 0.188473 0.007204 0.188473 0.007204 0.551011 
0.002738 0.071624 0.002738 0.002738 0.002738 0.002738 0.760488 0.002738 0.002738 0.002738 0.002738 0.140510 0.002738 
Document 29
0.004667 0.004667 0.004667 0.004667 0.004667 0.004667 0.356917 0.004667 0.004667 0.004667 0.004667 0.004667 0.591751 
0.001690 0.001690 0.001690 0.001690 0.001690 0.511966 0.426920 0.001690 0.001690 0.044213 0.001690 0.001690 0.001690 
0.008799 0.008799 0.008799 0.008799 0.008799 0.894408 0.008799 0.008799 0.008799 0.008799 0.008799 0.008799 0.008799 
Document 30
0.015792 0.015792 0.015792 0.015792 0.015792 0.015792 0.015792 0.015792 0.015792 0.015792 0.413143 0.413143 0.015792 
0.076923 0.076923 0.076923 0.076923 0.076923 0.076923 0.076923 0.076923 0.076923 0.076923 0.076923 0.076923 0.076923 
0.006099 0.773362 0.006099 0.006099 0.006099 0.006099 0.006099 0.006099 0.006099 0.006099 0.159551 0.006099 0.006099 
Document 31
0.008799 0.008799 0.230202 0.008799 0.008799 0.008799 0.008799 0.008799 0.008799 0.673006 0.008799 0.008799 0.008799 
0.005287 0.005287 0.005287 0.005287 0.005287 0.537438 0.005287 0.005287 0.005287 0.005287 0.005287 0.005287 0.404400 
0.002940 0.002940 0.372854 0.002940 0.002940 0.002940 0.002940 0.002940 0.002940 0.002940 0.594802 0.002940 0.002940 
Document 32
0.001558 0.001558 0.393458 0.001558 0.001558 0.158318 0.001558 0.001558 0.001558 0.079938 0.001558 0.001558 0.354268 
0.011301 0.011301 0.011301 0.864382 0.011301 0.011301 0.011301 0.011301 0.011301 0.011301 0.011301 0.011301 0.011301 
0.003175 0.003175 0.003175 0.003175 0.003175 0.003175 0.322749 0.003175 0.162962 0.003175 0.402643 0.003175 0.083069 
Document 33
0.004667 0.004667 0.004667 0.004667 0.004667 0.004667 0.474334 0.004667 0.004667 0.122083 0.004667 0.004667 0.356917 
0.015792 0.015792 0.015792 0.015792 0.015792 0.015792 0.015792 0.810494 0.015792 0.015792 0.015792 0.015792 0.015792 
0.002561 0.324796 0.002561 0.389242 0.002561 0.002561 0.002561 0.002561 0.260349 0.002561 0.002561 0.002561 0.002561 
Document 34
0.008799 0.008799 0.008799 0.008799 0.673006 0.008799 0.008799 0.008799 0.008799 0.008799 0.008799 0.008799 0.230202 
0.001621 0.001621 0.083198 0.001621 0.042410 0.205564 0.368718 0.001621 0.287141 0.001621 0.001621 0.001621 0.001621 
0.004176 0.004176 0.004176 0.004176 0.004176 0.004176 0.004176 0.004176 0.949885 0.004176 0.004176 0.004176 0.004176 
Document 35
0.008799 0.008799 0.673006 0.008799 0.230202 0.008799 0.008799 0.008799 0.008799 0.008799 0.008799 0.008799 0.008799 
0.001690 0.001690 0.044213 0.001690 0.001690 0.511966 0.001690 0.426920 0.001690 0.001690 0.001690 0.001690 0.001690 
0.005287 0.005287 0.005287 0.271363 0.005287 0.005287 0.670476 0.005287 0.005287 0.005287 0.005287 0.005287 0.005287 
Document 36
0.007204 0.007204 0.913549 0.007204 0.007204 0.007204 0.007204 0.007204 0.007204 0.007204 0.007204 0.007204 0.007204 
0.026205 0.026205 0.026205 0.026205 0.026205 0.026205 0.026205 0.026205 0.026205 0.685545 0.026205 0.026205 0.026205 
0.076923 0.076923 0.076923 0.076923 0.076923 0.076923 0.076923 0.076923 0.076923 0.076923 0.076923 0.076923 0.076923 
Document 37
0.026205 0.026205 0.026205 0.026205 0.685545 0.026205 0.026205 0.026205 0.026205 0.026205 0.026205 0.026205 0.026205 
0.076923 0.076923 0.076923 0.076923 0.076923 0.076923 0.076923 0.076923 0.076923 0.076923 0.076923 0.076923 0.076923 
0.002406 0.002406 0.002406 0.062951 0.002406 0.184041 0.002406 0.002406 0.002406 0.002406 0.002406 0.002406 0.728945 
Document 38
0.026205 0.026205 0.026205 0.026205 0.026205 0.026205 0.685545 0.026205 0.026205 0.026205 0.026205 0.026205 0.026205 
0.076923 0.076923 0.076923 0.076923 0.076923 0.076923 0.076923 0.076923 0.076923 0.076923 0.076923 0.076923 0.076923 
0.002269 0.401888 0.002269 0.002269 0.002269 0.002269 0.230623 0.002269 0.002269 0.002269 0.344800 0.002269 0.002269 
Document 39
0.003451 0.003451 0.003451 0.003451 0.003451 0.003451 0.003451 0.090282 0.090282 0.003451 0.003451 0.003451 0.784927 
0.007204 0.007204 0.913549 0.007204 0.007204 0.007204 0.007204 0.007204 0.007204 0.007204 0.007204 0.007204 0.007204 
0.004667 0.004667 0.004667 0.004667 0.474334 0.004667 0.004667 0.004667 0.004667 0.004667 0.356917 0.004667 0.122083 
Document 40
0.005287 0.005287 0.005287 0.005287 0.005287 0.005287 0.138325 0.005287 0.803514 0.005287 0.005287 0.005287 0.005287 
0.002269 0.002269 0.002269 0.002269 0.002269 0.801508 0.002269 0.002269 0.002269 0.002269 0.116446 0.059357 0.002269 
0.008799 0.008799 0.008799 0.008799 0.008799 0.008799 0.008799 0.894408 0.008799 0.008799 0.008799 0.008799 0.008799 
Document 41
0.004667 0.004667 0.944001 0.004667 0.004667 0.004667 0.004667 0.004667 0.004667 0.004667 0.004667 0.004667 0.004667 
0.002146 0.056152 0.002146 0.002146 0.002146 0.380184 0.002146 0.542200 0.002146 0.002146 0.002146 0.002146 0.002146 
0.026205 0.026205 0.026205 0.026205 0.026205 0.026205 0.026205 0.026205 0.685545 0.026205 0.026205 0.026205 0.026205 
Document 42
0.002406 0.002406 0.547310 0.002406 0.002406 0.002406 0.002406 0.002406 0.002406 0.002406 0.002406 0.002406 0.426221 
0.076923 0.076923 0.076923 0.076923 0.076923 0.076923 0.076923 0.076923 0.076923 0.076923 0.076923 0.076923 0.076923 
0.076923 0.076923 0.076923 0.076923 0.076923 0.076923 0.076923 0.076923 0.076923 0.076923 0.076923 0.076923 0.076923 
Document 43
0.004176 0.004176 0.004176 0.004176 0.004176 0.004176 0.004176 0.949885 0.004176 0.004176 0.004176 0.004176 0.004176 
0.008799 0.008799 0.008799 0.008799 0.008799 0.008799 0.673006 0.230202 0.008799 0.008799 0.008799 0.008799 0.008799 
0.004176 0.004176 0.004176 0.004176 0.004176 0.004176 0.004176 0.424491 0.004176 0.214334 0.319413 0.004176 0.004176 
Document 44
0.011301 0.011301 0.011301 0.011301 0.011301 0.011301 0.011301 0.011301 0.011301 0.011301 0.864382 0.011301 0.011301 
0.015792 0.015792 0.015792 0.015792 0.810494 0.015792 0.015792 0.015792 0.015792 0.015792 0.015792 0.015792 0.015792 
0.015792 0.015792 0.015792 0.015792 0.015792 0.015792 0.810494 0.015792 0.015792 0.015792 0.015792 0.015792 0.015792 
Document 45
0.015792 0.015792 0.413143 0.015792 0.015792 0.015792 0.015792 0.015792 0.015792 0.015792 0.015792 0.015792 0.413143 
0.046177 0.001765 0.001765 0.001765 0.001765 0.357057 0.401469 0.001765 0.001765 0.001765 0.046177 0.001765 0.135000 
0.007204 0.007204 0.007204 0.188473 0.007204 0.007204 0.007204 0.007204 0.732280 0.007204 0.007204 0.007204 0.007204 
Document 46
0.015792 0.015792 0.015792 0.015792 0.015792 0.015792 0.413143 0.015792 0.015792 0.015792 0.413143 0.015792 0.015792 
0.026205 0.026205 0.026205 0.026205 0.026205 0.026205 0.026205 0.026205 0.026205 0.026205 0.026205 0.685545 0.026205 
0.004667 0.004667 0.004667 0.709168 0.004667 0.004667 0.004667 0.239500 0.004667 0.004667 0.004667 0.004667 0.004667 
Document 47
0.006099 0.006099 0.006099 0.006099 0.006099 0.926815 0.006099 0.006099 0.006099 0.006099 0.006099 0.006099 0.006099 
0.015792 0.015792 0.015792 0.015792 0.015792 0.015792 0.015792 0.015792 0.015792 0.015792 0.015792 0.810494 0.015792 
0.011301 0.011301 0.011301 0.011301 0.011301 0.011301 0.011301 0.011301 0.011301 0.011301 0.580022 0.295662 0.011301 
Document 48
0.722217 0.003175 0.083069 0.003175 0.003175 0.003175 0.003175 0.083069 0.003175 0.003175 0.003175 0.083069 0.003175 
0.026205 0.026205 0.026205 0.026205 0.026205 0.026205 0.685545 0.026205 0.026205 0.026205 0.026205 0.026205 0.026205 
0.003451 0.784927 0.003451 0.003451 0.003451 0.003451 0.003451 0.177112 0.003451 0.003451 0.003451 0.003451 0.003451 
Document 49
0.001119 0.113742 0.001119 0.001119 0.170054 0.001119 0.338989 0.001119 0.310833 0.001119 0.001119 0.029275 0.029275 
0.015792 0.015792 0.015792 0.015792 0.015792 0.015792 0.015792 0.015792 0.015792 0.015792 0.015792 0.810494 0.015792 
0.002940 0.002940 0.002940 0.002940 0.002940 0.002940 0.520820 0.150906 0.298871 0.002940 0.002940 0.002940 0.002940 
Document 50
0.011301 0.011301 0.011301 0.011301 0.011301 0.011301 0.011301 0.011301 0.864382 0.011301 0.011301 0.011301 0.011301 
0.076923 0.076923 0.076923 0.076923 0.076923 0.076923 0.076923 0.076923 0.076923 0.076923 0.076923 0.076923 0.076923 
0.006099 0.006099 0.006099 0.313004 0.006099 0.006099 0.006099 0.006099 0.006099 0.619910 0.006099 0.006099 0.006099 
Document 51
0.026205 0.026205 0.026205 0.026205 0.026205 0.026205 0.685545 0.026205 0.026205 0.026205 0.026205 0.026205 0.026205 
0.076923 0.076923 0.076923 0.076923 0.076923 0.076923 0.076923 0.076923 0.076923 0.076923 0.076923 0.076923 0.076923 
0.006099 0.006099 0.006099 0.006099 0.006099 0.159551 0.006099 0.006099 0.006099 0.773362 0.006099 0.006099 0.006099 
Document 52
0.913549 0.007204 0.007204 0.007204 0.007204 0.007204 0.007204 0.007204 0.007204 0.007204 0.007204 0.007204 0.007204 
0.026205 0.026205 0.026205 0.026205 0.026205 0.026205 0.026205 0.026205 0.026205 0.026205 0.026205 0.026205 0.685545 
0.076923 0.076923 0.076923 0.076923 0.076923 0.076923 0.076923 0.076923 0.076923 0.076923 0.076923 0.076923 0.076923 
Document 53
0.008799 0.008799 0.008799 0.008799 0.008799 0.008799 0.894408 0.008799 0.008799 0.008799 0.008799 0.008799 0.008799 
0.002146 0.002146 0.002146 0.002146 0.002146 0.542200 0.002146 0.380184 0.002146 0.056152 0.002146 0.002146 0.002146 
0.015792 0.015792 0.015792 0.810494 0.015792 0.015792 0.015792 0.015792 0.015792 0.015792 0.015792 0.015792 0.015792 
Document 54
0.002940 0.002940 0.002940 0.002940 0.002940 0.002940 0.668785 0.002940 0.002940 0.002940 0.002940 0.298871 0.002940 
0.026205 0.026205 0.026205 0.026205 0.026205 0.026205 0.026205 0.026205 0.026205 0.026205 0.026205 0.026205 0.685545 
0.011301 0.580022 0.011301 0.011301 0.011301 0.011301 0.011301 0.011301 0.011301 0.011301 0.011301 0.011301 0.295662 
Document 55
0.002561 0.002561 0.002561 0.324796 0.002561 0.002561 0.002561 0.002561 0.389242 0.002561 0.002561 0.002561 0.260349 
0.003175 0.003175 0.642323 0.003175 0.003175 0.003175 0.003175 0.162962 0.162962 0.003175 0.003175 0.003175 0.003175 
0.001499 0.001499 0.001499 0.001499 0.001499 0.001499 0.001499 0.001499 0.001499 0.001499 0.642605 0.001499 0.340908 
Document 56
0.011301 0.011301 0.011301 0.011301 0.011301 0.011301 0.011301 0.011301 0.011301 0.011301 0.011301 0.011301 0.864382 
0.008799 0.008799 0.008799 0.008799 0.008799 0.008799 0.008799 0.008799 0.008799 0.008799 0.008799 0.894408 0.008799 
0.001765 0.001765 0.001765 0.001765 0.001765 0.001765 0.268234 0.001765 0.712350 0.001765 0.001765 0.001765 0.001765 
Document 57
0.003175 0.003175 0.003175 0.242856 0.003175 0.482536 0.003175 0.003175 0.003175 0.003175 0.003175 0.242856 0.003175 
0.001394 0.001394 0.036461 0.001394 0.001394 0.176730 0.176730 0.001394 0.246864 0.071528 0.001394 0.001394 0.281931 
0.003779 0.003779 0.003779 0.003779 0.003779 0.003779 0.003779 0.003779 0.003779 0.003779 0.954651 0.003779 0.003779 
Document 58
0.001847 0.001847 0.001847 0.001847 0.001847 0.001847 0.977835 0.001847 0.001847 0.001847 0.001847 0.001847 0.001847 
0.003175 0.242856 0.402643 0.003175 0.003175 0.322749 0.003175 0.003175 0.003175 0.003175 0.003175 0.003175 0.003175 
0.015792 0.015792 0.413143 0.015792 0.015792 0.015792 0.015792 0.015792 0.015792 0.015792 0.015792 0.413143 0.015792 
Document 59
0.001302 0.001302 0.132378 0.001302 0.099609 0.558375 0.197916 0.001302 0.001302 0.001302 0.001302 0.001302 0.001302 
0.001847 0.001847 0.001847 0.001847 0.001847 0.373652 0.280701 0.001847 0.001847 0.001847 0.001847 0.327176 0.001847 
0.026205 0.026205 0.026205 0.685545 0.026205 0.026205 0.026205 0.026205 0.026205 0.026205 0.026205 0.026205 0.026205 
Document 60
0.076923 0.076923 0.076923 0.076923 0.076923 0.076923 0.076923 0.076923 0.076923 0.076923 0.076923 0.076923 0.076923 
0.936551 0.005287 0.005287 0.005287 0.005287 0.005287 0.005287 0.005287 0.005287 0.005287 0.005287 0.005287 0.005287 
0.007204 0.007204 0.007204 0.007204 0.007204 0.188473 0.007204 0.007204 0.369742 0.007204 0.007204 0.369742 0.007204 
Document 61
0.015792 0.015792 0.015792 0.810494 0.015792 0.015792 0.015792 0.015792 0.015792 0.015792 0.015792 0.015792 0.015792 
0.011301 0.011301 0.011301 0.011301 0.011301 0.011301 0.295662 0.011301 0.011301 0.580022 0.011301 0.011301 0.011301 
0.002406 0.123496 0.002406 0.002406 0.002406 0.305131 0.002406 0.002406 0.002406 0.002406 0.244586 0.002406 0.305131 
Document 62
0.007204 0.007204 0.369742 0.007204 0.007204 0.551011 0.007204 0.007204 0.007204 0.007204 0.007204 0.007204 0.007204 
0.001847 0.001847 0.001847 0.698981 0.001847 0.001847 0.001847 0.048323 0.001847 0.234225 0.001847 0.001847 0.001847 
0.003779 0.003779 0.003779 0.003779 0.003779 0.003779 0.003779 0.003779 0.003779 0.003779 0.954651 0.003779 0.003779 
Document 63
0.006099 0.006099 0.006099 0.006099 0.006099 0.006099 0.006099 0.006099 0.006099 0.006099 0.159551 0.773362 0.006099 
0.002561 0.002561 0.002561 0.002561 0.002561 0.002561 0.969264 0.002561 0.002561 0.002561 0.002561 0.002561 0.002561 
0.003451 0.003451 0.003451 0.003451 0.003451 0.003451 0.003451 0.003451 0.958588 0.003451 0.003451 0.003451 0.003451 
Document 64
0.004667 0.709168 0.004667 0.004667 0.004667 0.004667 0.004667 0.004667 0.004667 0.004667 0.004667 0.239500 0.004667 
0.006099 0.006099 0.006099 0.006099 0.006099 0.619910 0.006099 0.006099 0.006099 0.006099 0.006099 0.006099 0.313004 
0.026205 0.685545 0.026205 0.026205 0.026205 0.026205 0.026205 0.026205 0.026205 0.026205 0.026205 0.026205 0.026205 
Document 65
0.001847 0.001847 0.001847 0.001847 0.001847 0.466603 0.001847 0.001847 0.513079 0.001847 0.001847 0.001847 0.001847 
0.001621 0.001621 0.001621 0.001621 0.001621 0.491084 0.001621 0.491084 0.001621 0.001621 0.001621 0.001621 0.001621 
0.015792 0.413143 0.015792 0.015792 0.015792 0.015792 0.015792 0.015792 0.413143 0.015792 0.015792 0.015792 0.015792 
Document 66
0.413143 0.015792 0.015792 0.015792 0.015792 0.015792 0.413143 0.015792 0.015792 0.015792 0.015792 0.015792 0.015792 
0.005287 0.138325 0.005287 0.005287 0.138325 0.005287 0.005287 0.537438 0.138325 0.005287 0.005287 0.005287 0.005287 
0.008799 0.008799 0.451604 0.008799 0.008799 0.008799 0.008799 0.008799 0.230202 0.230202 0.008799 0.008799 0.008799 
Document 67
0.026205 0.026205 0.026205 0.026205 0.026205 0.026205 0.685545 0.026205 0.026205 0.026205 0.026205 0.026205 0.026205 
0.004176 0.004176 0.004176 0.004176 0.004176 0.004176 0.004176 0.004176 0.004176 0.004176 0.004176 0.004176 0.949885 
0.002940 0.002940 0.002940 0.002940 0.002940 0.002940 0.002940 0.002940 0.002940 0.002940 0.002940 0.002940 0.964716 
Document 68
0.005287 0.005287 0.005287 0.005287 0.404400 0.404400 0.005287 0.005287 0.005287 0.005287 0.005287 0.138325 0.005287 
0.006099 0.006099 0.006099 0.006099 0.006099 0.619910 0.313004 0.006099 0.006099 0.006099 0.006099 0.006099 0.006099 
0.026205 0.026205 0.026205 0.026205 0.026205 0.026205 0.026205 0.026205 0.026205 0.026205 0.685545 0.026205 0.026205 
Document 69
0.076923 0.076923 0.076923 0.076923 0.076923 0.076923 0.076923 0.076923 0.076923 0.076923 0.076923 0.076923 0.076923 
0.000636 0.000636 0.000636 0.000636 0.000636 0.144597 0.192585 0.000636 0.208580 0.320550 0.016631 0.112606 0.000636 
0.003779 0.003779 0.003779 0.003779 0.003779 0.003779 0.003779 0.003779 0.003779 0.003779 0.954651 0.003779 0.003779 
Document 70
0.002406 0.426221 0.002406 0.002406 0.002406 0.002406 0.002406 0.123496 0.002406 0.002406 0.002406 0.002406 0.426221 
0.000500 0.038228 0.000500 0.000500 0.000500 0.000500 0.390355 0.126260 0.050804 0.000500 0.000500 0.138836 0.252019 
0.230202 0.008799 0.008799 0.008799 0.008799 0.008799 0.008799 0.008799 0.008799 0.673006 0.008799 0.008799 0.008799 
Document 71
0.076923 0.076923 0.076923 0.076923 0.076923 0.076923 0.076923 0.076923 0.076923 0.076923 0.076923 0.076923 0.076923 
0.006099 0.006099 0.006099 0.006099 0.006099 0.006099 0.006099 0.006099 0.006099 0.159551 0.773362 0.006099 0.006099 
0.026205 0.026205 0.026205 0.026205 0.026205 0.026205 0.026205 0.026205 0.685545 0.026205 0.026205 0.026205 0.026205 
Document 72
0.026205 0.026205 0.026205 0.026205 0.685545 0.026205 0.026205 0.026205 0.026205 0.026205 0.026205 0.026205 0.026205 
0.015792 0.015792 0.015792 0.015792 0.015792 0.015792 0.015792 0.015792 0.413143 0.015792 0.015792 0.413143 0.015792 
0.006099 0.313004 0.006099 0.006099 0.006099 0.006099 0.006099 0.006099 0.619910 0.006099 0.006099 0.006099 0.006099 
Document 73
0.188473 0.007204 0.007204 0.007204 0.007204 0.007204 0.007204 0.007204 0.007204 0.007204 0.188473 0.551011 0.007204 
0.007204 0.007204 0.007204 0.732280 0.007204 0.007204 0.007204 0.007204 0.188473 0.007204 0.007204 0.007204 0.007204 
0.026205 0.026205 0.026205 0.026205 0.026205 0.026205 0.026205 0.026205 0.026205 0.685545 0.026205 0.026205 0.026205 
Document 74
0.007204 0.007204 0.007204 0.007204 0.007204 0.188473 0.007204 0.007204 0.732280 0.007204 0.007204 0.007204 0.007204 
0.002561 0.002561 0.002561 0.002561 0.002561 0.002561 0.969264 0.002561 0.002561 0.002561 0.002561 0.002561 0.002561 
0.230623 0.002269 0.002269 0.059357 0.002269 0.002269 0.059357 0.002269 0.002269 0.002269 0.002269 0.002269 0.630242 
Document 75
0.026205 0.026205 0.026205 0.026205 0.026205 0.026205 0.026205 0.026205 0.685545 0.026205 0.026205 0.026205 0.026205 
0.002940 0.002940 0.002940 0.002940 0.076923 0.002940 0.890733 0.002940 0.002940 0.002940 0.002940 0.002940 0.002940 
0.341874 0.001690 0.001690 0.044213 0.001690 0.001690 0.001690 0.001690 0.044213 0.001690 0.001690 0.001690 0.554489 
Document 76
0.004667 0.004667 0.591751 0.004667 0.004667 0.004667 0.004667 0.004667 0.004667 0.356917 0.004667 0.004667 0.004667 
0.005287 0.005287 0.138325 0.404400 0.005287 0.271363 0.138325 0.005287 0.005287 0.005287 0.005287 0.005287 0.005287 
0.026205 0.685545 0.026205 0.026205 0.026205 0.026205 0.026205 0.026205 0.026205 0.026205 0.026205 0.026205 0.026205 
Document 77
0.011301 0.011301 0.011301 0.011301 0.011301 0.011301 0.011301 0.011301 0.011301 0.011301 0.580022 0.011301 0.295662 
0.002406 0.002406 0.002406 0.002406 0.002406 0.002406 0.365676 0.002406 0.002406 0.002406 0.607855 0.002406 0.002406 
0.004176 0.004176 0.004176 0.004176 0.004176 0.634649 0.214334 0.004176 0.004176 0.004176 0.004176 0.109255 0.004176 
Document 78
0.271363 0.005287 0.005287 0.670476 0.005287 0.005287 0.005287 0.005287 0.005287 0.005287 0.005287 0.005287 0.005287 
0.026205 0.026205 0.026205 0.026205 0.026205 0.026205 0.026205 0.026205 0.026205 0.026205 0.026205 0.026205 0.685545 
0.004176 0.004176 0.004176 0.004176 0.004176 0.844807 0.109255 0.004176 0.004176 0.004176 0.004176 0.004176 0.004176 
Document 79
0.004176 0.004176 0.319413 0.004176 0.004176 0.004176 0.004176 0.004176 0.004176 0.004176 0.004176 0.634649 0.004176 
0.011301 0.011301 0.011301 0.011301 0.011301 0.011301 0.011301 0.011301 0.011301 0.295662 0.011301 0.580022 0.011301 
0.076923 0.076923 0.076923 0.076923 0.076923 0.076923 0.076923 0.076923 0.076923 0.076923 0.076923 0.076923 0.076923 
Document 80
0.002940 0.002940 0.002940 0.002940 0.298871 0.002940 0.002940 0.002940 0.002940 0.002940 0.668785 0.002940 0.002940 
0.003451 0.090282 0.003451 0.784927 0.003451 0.003451 0.003451 0.003451 0.003451 0.003451 0.090282 0.003451 0.003451 
0.001937 0.001937 0.001937 0.001937 0.391864 0.001937 0.343123 0.001937 0.001937 0.001937 0.001937 0.001937 0.245641 
Document 81
0.437604 0.003451 0.437604 0.090282 0.003451 0.003451 0.003451 0.003451 0.003451 0.003451 0.003451 0.003451 0.003451 
0.076923 0.076923 0.076923 0.076923 0.076923 0.076923 0.076923 0.076923 0.076923 0.076923 0.076923 0.076923 0.076923 
0.076923 0.076923 0.076923 0.076923 0.076923 0.076923 0.076923 0.076923 0.076923 0.076923 0.076923 0.076923 0.076923 
Document 82
0.230202 0.230202 0.008799 0.008799 0.008799 0.008799 0.451604 0.008799 0.008799 0.008799 0.008799 0.008799 0.008799 
0.076923 0.076923 0.076923 0.076923 0.076923 0.076923 0.076923 0.076923 0.076923 0.076923 0.076923 0.076923 0.076923 
0.006099 0.006099 0.006099 0.006099 0.006099 0.006099 0.006099 0.006099 0.313004 0.619910 0.006099 0.006099 0.006099 
Document 83
0.002738 0.002738 0.002738 0.002738 0.002738 0.967147 0.002738 0.002738 0.002738 0.002738 0.002738 0.002738 0.002738 
0.026205 0.685545 0.026205 0.026205 0.026205 0.026205 0.026205 0.026205 0.026205 0.026205 0.026205 0.026205 0.026205 
0.289041 0.003779 0.003779 0.003779 0.193953 0.003779 0.479215 0.003779 0.003779 0.003779 0.003779 0.003779 0.003779 
Document 84
0.004667 0.239500 0.004667 0.122083 0.004667 0.004667 0.004667 0.004667 0.591751 0.004667 0.004667 0.004667 0.004667 
0.007204 0.913549 0.007204 0.007204 0.007204 0.007204 0.007204 0.007204 0.007204 0.007204 0.007204 0.007204 0.007204 
0.011301 0.011301 0.011301 0.011301 0.011301 0.011301 0.011301 0.011301 0.011301 0.864382 0.011301 0.011301 0.011301 
Document 85
0.008799 0.008799 0.008799 0.008799 0.008799 0.894408 0.008799 0.008799 0.008799 0.008799 0.008799 0.008799 0.008799 
0.076923 0.076923 0.076923 0.076923 0.076923 0.076923 0.076923 0.076923 0.076923 0.076923 0.076923 0.076923 0.076923 
0.003451 0.698096 0.003451 0.003451 0.090282 0.003451 0.003451 0.003451 0.003451 0.003451 0.177112 0.003451 0.003451 
Document 86
0.004667 0.004667 0.004667 0.004667 0.122083 0.826584 0.004667 0.004667 0.004667 0.004667 0.004667 0.004667 0.004667 
0.004667 0.004667 0.004667 0.004667 0.004667 0.004667 0.004667 0.004667 0.004667 0.004667 0.004667 0.944001 0.004667 
0.002738 0.553828 0.002738 0.002738 0.002738 0.002738 0.002738 0.002738 0.416056 0.002738 0.002738 0.002738 0.002738 
Document 87
0.006099 0.006099 0.006099 0.006099 0.006099 0.006099 0.006099 0.006099 0.926815 0.006099 0.006099 0.006099 0.006099 
0.026205 0.026205 0.026205 0.685545 0.026205 0.026205 0.026205 0.026205 0.026205 0.026205 0.026205 0.026205 0.026205 
0.015792 0.015792 0.015792 0.015792 0.810494 0.015792 0.015792 0.015792 0.015792 0.015792 0.015792 0.015792 0.015792 
Document 88
0.002146 0.002146 0.434190 0.002146 0.002146 0.110157 0.164163 0.110157 0.002146 0.002146 0.002146 0.164163 0.002146 
0.005287 0.005287 0.005287 0.005287 0.005287 0.404400 0.537438 0.005287 0.005287 0.005287 0.005287 0.005287 0.005287 
0.011301 0.011301 0.011301 0.011301 0.011301 0.011301 0.580022 0.295662 0.011301 0.011301 0.011301 0.011301 0.011301 
Document 89
0.004667 0.004667 0.004667 0.004667 0.239500 0.004667 0.004667 0.239500 0.004667 0.004667 0.004667 0.004667 0.474334 
0.001302 0.001302 0.001302 0.132378 0.001302 0.230685 0.427299 0.197916 0.001302 0.001302 0.001302 0.001302 0.001302 
0.006099 0.006099 0.006099 0.006099 0.006099 0.006099 0.006099 0.006099 0.159551 0.006099 0.006099 0.006099 0.773362 
Document 90
0.026205 0.026205 0.026205 0.026205 0.026205 0.026205 0.026205 0.026205 0.685545 0.026205 0.026205 0.026205 0.026205 
0.076923 0.076923 0.076923 0.076923 0.076923 0.076923 0.076923 0.076923 0.076923 0.076923 0.076923 0.076923 0.076923 
0.007204 0.007204 0.007204 0.007204 0.007204 0.007204 0.007204 0.007204 0.913549 0.007204 0.007204 0.007204 0.007204 
Document 91
0.482536 0.003175 0.003175 0.003175 0.003175 0.162962 0.322749 0.003175 0.003175 0.003175 0.003175 0.003175 0.003175 
0.008799 0.008799 0.008799 0.008799 0.008799 0.008799 0.894408 0.008799 0.008799 0.008799 0.008799 0.008799 0.008799 
0.006099 0.006099 0.006099 0.006099 0.006099 0.159551 0.773362 0.006099 0.006099 0.006099 0.006099 0.006099 0.006099 
Document 92
0.076923 0.076923 0.076923 0.076923 0.076923 0.076923 0.076923 0.076923 0.076923 0.076923 0.076923 0.076923 0.076923 
0.011301 0.011301 0.011301 0.011301 0.011301 0.011301 0.011301 0.011301 0.864382 0.011301 0.011301 0.011301 0.011301 
0.004176 0.004176 0.004176 0.004176 0.529570 0.004176 0.004176 0.424491 0.004176 0.004176 0.004176 0.004176 0.004176 
Document 93
0.004176 0.004176 0.319413 0.004176 0.004176 0.004176 0.634649 0.004176 0.004176 0.004176 0.004176 0.004176 0.004176 
0.076923 0.076923 0.076923 0.076923 0.076923 0.076923 0.076923 0.076923 0.076923 0.076923 0.076923 0.076923 0.076923 
0.026205 0.026205 0.026205 0.026205 0.026205 0.026205 0.026205 0.026205 0.026205 0.026205 0.026205 0.685545 0.026205 
Document 94
0.076923 0.076923 0.076923 0.076923 0.076923 0.076923 0.076923 0.076923 0.076923 0.076923 0.076923 0.076923 0.076923 
0.003451 0.003451 0.003451 0.003451 0.003451 0.003451 0.437604 0.003451 0.003451 0.003451 0.003451 0.003451 0.524435 
0.003779 0.003779 0.098866 0.003779 0.003779 0.003779 0.003779 0.479215 0.003779 0.003779 0.384128 0.003779 0.003779 
Document 95
0.026205 0.026205 0.026205 0.026205 0.026205 0.026205 0.026205 0.026205 0.026205 0.026205 0.026205 0.026205 0.685545 
0.011301 0.011301 0.011301 0.011301 0.011301 0.864382 0.011301 0.011301 0.011301 0.011301 0.011301 0.011301 0.011301 
0.007204 0.007204 0.369742 0.007204 0.188473 0.007204 0.007204 0.007204 0.007204 0.007204 0.369742 0.007204 0.007204 
Document 96
0.001621 0.001621 0.327930 0.001621 0.083198 0.001621 0.042410 0.001621 0.001621 0.001621 0.001621 0.001621 0.531873 
0.001302 0.001302 0.001302 0.001302 0.001302 0.001302 0.197916 0.001302 0.623913 0.001302 0.099609 0.066840 0.001302 
0.004667 0.004667 0.004667 0.004667 0.004667 0.004667 0.004667 0.004667 0.004667 0.004667 0.004667 0.944001 0.004667 
Document 97
0.003175 0.003175 0.003175 0.083069 0.003175 0.003175 0.003175 0.003175 0.003175 0.003175 0.003175 0.003175 0.882003 
0.001499 0.001499 0.001499 0.001499 0.001499 0.001499 0.001499 0.001499 0.076923 0.001499 0.604893 0.303196 0.001499 
0.001621 0.001621 0.001621 0.327930 0.001621 0.001621 0.001621 0.042410 0.531873 0.001621 0.083198 0.001621 0.001621 
Document 98
0.007204 0.007204 0.007204 0.007204 0.188473 0.007204 0.007204 0.007204 0.369742 0.007204 0.369742 0.007204 0.007204 
0.007204 0.007204 0.007204 0.007204 0.007204 0.007204 0.007204 0.007204 0.913549 0.007204 0.007204 0.007204 0.007204 
0.076923 0.076923 0.076923 0.076923 0.076923 0.076923 0.076923 0.076923 0.076923 0.076923 0.076923 0.076923 0.076923 
Document 99
0.002561 0.002561 0.067008 0.002561 0.067008 0.131455 0.260349 0.002561 0.002561 0.002561 0.453689 0.002561 0.002561 
0.004667 0.004667 0.004667 0.004667 0.004667 0.826584 0.004667 0.004667 0.004667 0.004667 0.122083 0.004667 0.004667 
0.076923 0.076923 0.076923 0.076923 0.076923 0.076923 0.076923 0.076923 0.076923 0.076923 0.076923 0.076923 0.076923 
Document 100
0.004176 0.004176 0.004176 0.004176 0.004176 0.004176 0.949885 0.004176 0.004176 0.004176 0.004176 0.004176 0.004176 
0.015792 0.015792 0.015792 0.810494 0.015792 0.015792 0.015792 0.015792 0.015792 0.015792 0.015792 0.015792 0.015792 
0.005287 0.005287 0.936551 0.005287 0.005287 0.005287 0.005287 0.005287 0.005287 0.005287 0.005287 0.005287 0.005287 
Document 101
0.006099 0.006099 0.006099 0.006099 0.006099 0.006099 0.006099 0.006099 0.006099 0.006099 0.006099 0.006099 0.926815 
0.008799 0.008799 0.008799 0.230202 0.008799 0.008799 0.673006 0.008799 0.008799 0.008799 0.008799 0.008799 0.008799 
0.076923 0.076923 0.076923 0.076923 0.076923 0.076923 0.076923 0.076923 0.076923 0.076923 0.076923 0.076923 0.076923 
Document 102
0.008799 0.008799 0.008799 0.008799 0.894408 0.008799 0.008799 0.008799 0.008799 0.008799 0.008799 0.008799 0.008799 
0.005287 0.005287 0.005287 0.138325 0.537438 0.005287 0.005287 0.005287 0.005287 0.005287 0.005287 0.271363 0.005287 
0.004667 0.004667 0.004667 0.004667 0.004667 0.709168 0.004667 0.004667 0.004667 0.239500 0.004667 0.004667 0.004667 
Document 103
0.026205 0.685545 0.026205 0.026205 0.026205 0.026205 0.026205 0.026205 0.026205 0.026205 0.026205 0.026205 0.026205 
0.008799 0.008799 0.008799 0.673006 0.008799 0.008799 0.008799 0.008799 0.008799 0.230202 0.008799 0.008799 0.008799 
0.002146 0.272173 0.488195 0.002146 0.002146 0.218168 0.002146 0.002146 0.002146 0.002146 0.002146 0.002146 0.002146 
Document 104
0.005287 0.005287 0.005287 0.005287 0.005287 0.936551 0.005287 0.005287 0.005287 0.005287 0.005287 0.005287 0.005287 
0.004667 0.004667 0.591751 0.122083 0.004667 0.004667 0.004667 0.004667 0.004667 0.004667 0.239500 0.004667 0.004667 
0.006099 0.006099 0.006099 0.006099 0.773362 0.006099 0.006099 0.006099 0.006099 0.159551 0.006099 0.006099 0.006099 
Document 105
0.004176 0.004176 0.004176 0.004176 0.004176 0.004176 0.004176 0.004176 0.424491 0.004176 0.004176 0.529570 0.004176 
0.002146 0.002146 0.002146 0.272173 0.002146 0.002146 0.002146 0.002146 0.002146 0.002146 0.002146 0.002146 0.704217 
0.076923 0.076923 0.076923 0.076923 0.076923 0.076923 0.076923 0.076923 0.076923 0.076923 0.076923 0.076923 0.076923 
Document 106
0.732280 0.188473 0.007204 0.007204 0.007204 0.007204 0.007204 0.007204 0.007204 0.007204 0.007204 0.007204 0.007204 
0.015792 0.015792 0.015792 0.015792 0.015792 0.015792 0.015792 0.015792 0.810494 0.015792 0.015792 0.015792 0.015792 
0.076923 0.076923 0.076923 0.076923 0.076923 0.076923 0.076923 0.076923 0.076923 0.076923 0.076923 0.076923 0.076923 
Document 107
0.011301 0.011301 0.011301 0.011301 0.011301 0.864382 0.011301 0.011301 0.011301 0.011301 0.011301 0.011301 0.011301 
0.007204 0.551011 0.007204 0.007204 0.007204 0.007204 0.007204 0.369742 0.007204 0.007204 0.007204 0.007204 0.007204 
0.076923 0.076923 0.076923 0.076923 0.076923 0.076923 0.076923 0.076923 0.076923 0.076923 0.076923 0.076923 0.076923 
Document 108
0.026205 0.026205 0.026205 0.026205 0.685545 0.026205 0.026205 0.026205 0.026205 0.026205 0.026205 0.026205 0.026205 
0.076923 0.076923 0.076923 0.076923 0.076923 0.076923 0.076923 0.076923 0.076923 0.076923 0.076923 0.076923 0.076923 
0.002738 0.002738 0.002738 0.760488 0.002738 0.002738 0.002738 0.002738 0.140510 0.002738 0.071624 0.002738 0.002738 
Document 109
