d_0 d0 0.628536 0.185732 0.185732 
d_1 d1 0.860252 0.104238 0.035510 
d_2 d2 0.672111 0.163944 0.163944 
d_3 d3 0.041169 0.837981 0.120850 
d_4 d4 0.659761 0.019460 0.320778 
d_5 d5 0.191791 0.573956 0.234253 
d_6 d6 0.176778 0.450750 0.372472 
d_7 d7 0.513028 0.189578 0.297394 
d_8 d8 0.435635 0.026428 0.537937 
d_9 d9 0.068433 0.068433 0.863135 
d_10 d10 0.263525 0.682373 0.054101 
d_11 d11 0.466540 0.314304 0.219156 
d_12 d12 0.928981 0.035510 0.035510 
d_13 d13 0.268451 0.219789 0.511760 
d_14 d14 0.717195 0.035644 0.247160 
d_15 d15 0.384224 0.078880 0.536896 
d_16 d16 0.294347 0.177388 0.528265 
d_17 d17 0.688101 0.111604 0.200296 
d_18 d18 0.179881 0.691390 0.128730 
d_19 d19 0.728661 0.135669 0.135669 
d_20 d20 0.143400 0.257360 0.599240 
d_21 d21 0.635448 0.031219 0.333333 
d_22 d22 0.333333 0.522907 0.143760 
d_23 d23 0.395205 0.209590 0.395205 
d_24 d24 0.527871 0.303404 0.168724 
d_25 d25 0.191791 0.021939 0.786270 
d_26 d26 0.695871 0.091641 0.212487 
d_27 d27 0.477633 0.391053 0.131313 
d_28 d28 0.344244 0.180578 0.475177 
d_29 d29 0.233014 0.643411 0.123575 
d_30 d30 0.263525 0.054101 0.682373 
d_31 d31 0.176778 0.294194 0.529028 
d_32 d32 0.614120 0.084637 0.301243 
d_33 d33 0.320778 0.094790 0.584432 
d_34 d34 0.117164 0.635971 0.246866 
d_35 d35 0.127051 0.661510 0.211439 
d_36 d36 0.730684 0.200883 0.068433 
d_37 d37 0.081761 0.027853 0.890386 
d_38 d38 0.077579 0.026428 0.895993 
d_39 d39 0.450750 0.215917 0.333333 
d_40 d40 0.254371 0.592781 0.152848 
d_41 d41 0.298307 0.648570 0.053123 
d_42 d42 0.941121 0.029440 0.029440 
d_43 d43 0.404105 0.191791 0.404105 
d_44 d44 0.411306 0.294347 0.294347 
d_45 d45 0.082379 0.737043 0.180578 
d_46 d46 0.200531 0.120850 0.678619 
d_47 d47 0.519256 0.200531 0.280212 
d_48 d48 0.489889 0.059361 0.450750 
d_49 d49 0.688975 0.048820 0.262205 
d_50 d50 0.333333 0.048973 0.617694 
d_51 d51 0.177388 0.060429 0.762183 
d_52 d52 0.730684 0.200883 0.068433 
d_53 d53 0.176778 0.724723 0.098500 
d_54 d54 0.728661 0.081761 0.189578 
d_55 d55 0.284449 0.229453 0.486098 
d_56 d56 0.115112 0.147845 0.737043 
d_57 d57 0.242806 0.553185 0.204009 
d_58 d58 0.588691 0.342453 0.068855 
d_59 d59 0.569872 0.401805 0.028322 
d_60 d60 0.038130 0.554736 0.407134 
d_61 d61 0.111604 0.155950 0.732446 
d_62 d62 0.146915 0.573014 0.280071 
d_63 d63 0.194237 0.462494 0.343269 
d_64 d64 0.514602 0.393756 0.091641 
d_65 d65 0.443186 0.504978 0.051837 
d_66 d66 0.172967 0.516609 0.310424 
d_67 d67 0.061779 0.387644 0.550577 
d_68 d68 0.483387 0.419078 0.097535 
d_69 d69 0.007025 0.849989 0.142987 
d_70 d70 0.164263 0.790817 0.044920 
d_71 d71 0.060429 0.762183 0.177388 
d_72 d72 0.143760 0.238547 0.617694 
d_73 d73 0.439575 0.439575 0.120850 
d_74 d74 0.143104 0.402508 0.454388 
d_75 d75 0.039343 0.350627 0.610030 
d_76 d76 0.485280 0.428300 0.086420 
d_77 d77 0.119007 0.558940 0.322053 
d_78 d78 0.405211 0.081761 0.513028 
d_79 d79 0.702337 0.259533 0.038130 
d_80 d80 0.296744 0.252836 0.450421 
d_81 d81 0.917663 0.041169 0.041169 
d_82 d82 0.391053 0.044733 0.564214 
d_83 d83 0.546767 0.057125 0.396108 
d_84 d84 0.485280 0.314340 0.200380 
d_85 d85 0.272910 0.031219 0.695871 
d_86 d86 0.269942 0.269942 0.460116 
d_87 d87 0.617694 0.143760 0.238547 
d_88 d88 0.626622 0.254371 0.119007 
d_89 d89 0.186974 0.669960 0.143066 
d_90 d90 0.200883 0.068433 0.730684 
d_91 d91 0.531493 0.191791 0.276716 
d_92 d92 0.038130 0.259533 0.702337 
d_93 d93 0.823954 0.044733 0.131313 
d_94 d94 0.022912 0.510717 0.466371 
d_95 d95 0.143760 0.333333 0.522907 
d_96 d96 0.385785 0.480199 0.134015 
d_97 d97 0.196958 0.417257 0.385785 
d_98 d98 0.477633 0.477633 0.044733 
d_99 d99 0.632043 0.346911 0.021045 
d_100 d100 0.486786 0.128730 0.384484 
d_101 d101 0.564214 0.391053 0.044733 
d_102 d102 0.219789 0.365775 0.414436 
d_103 d103 0.061779 0.183978 0.754243 
d_104 d104 0.333333 0.377679 0.288987 
d_105 d105 0.333333 0.648570 0.018097 
d_106 d106 0.645224 0.294347 0.060429 
d_107 d107 0.368237 0.577661 0.054101 
d_108 d108 0.091641 0.031219 0.877140 
d_109 d109 0.445981 0.261649 0.292371 
d_110 d110 0.802157 0.042663 0.155180 
d_111 d111 0.294347 0.528265 0.177388 
d_112 d112 0.445981 0.292371 0.261649 
d_113 d113 0.200531 0.200531 0.598938 
d_114 d114 0.041169 0.439575 0.519256 
d_115 d115 0.021939 0.361642 0.616419 
d_116 d116 0.554736 0.185732 0.259533 
d_117 d117 0.084160 0.328248 0.587592 
d_118 d118 0.126414 0.262205 0.611381 
d_119 d119 0.428120 0.048973 0.522907 
d_120 d120 0.454388 0.376567 0.169045 
d_121 d121 0.384537 0.200205 0.415259 
d_122 d122 0.442358 0.200081 0.357561 
d_123 d123 0.333333 0.525783 0.140883 
d_124 d124 0.303404 0.213618 0.482978 
d_125 d125 0.176655 0.411673 0.411673 
d_126 d126 0.612004 0.290461 0.097535 
d_127 d127 0.207784 0.320778 0.471438 
d_128 d128 0.603360 0.225323 0.171317 
d_129 d129 0.200531 0.758300 0.041169 
d_130 d130 0.643755 0.067258 0.288987 
d_131 d131 0.333333 0.068433 0.598234 
d_132 d132 0.585338 0.035510 0.379152 
d_133 d133 0.038130 0.111931 0.849938 
d_134 d134 0.343059 0.445174 0.211768 
d_135 d135 0.348825 0.410793 0.240382 
d_136 d136 0.364669 0.341167 0.294164 
d_137 d137 0.391953 0.200107 0.407940 
d_138 d138 0.323093 0.661034 0.015873 
d_139 d139 0.371320 0.485280 0.143400 
d_140 d140 0.384224 0.231552 0.384224 
d_141 d141 0.689567 0.231552 0.078880 
d_142 d142 0.459040 0.107061 0.433899 
d_143 d143 0.226152 0.161844 0.612004 
d_144 d144 0.793691 0.179881 0.026428 
d_145 d145 0.428377 0.509844 0.061779 
d_146 d146 0.174855 0.808769 0.016376 
d_147 d147 0.026428 0.742540 0.231032 
d_148 d148 0.294347 0.060429 0.645224 
d_149 d149 0.060429 0.879142 0.060429 
d_150 d150 0.384537 0.230927 0.384537 
d_151 d151 0.756294 0.212487 0.031219 
d_152 d152 0.116783 0.255994 0.627224 
d_153 d153 0.297394 0.081761 0.620845 
d_154 d154 0.272910 0.031219 0.695871 
d_155 d155 0.422025 0.022912 0.555063 
d_156 d156 0.073957 0.557659 0.368384 
d_157 d157 0.155950 0.067258 0.776792 
d_158 d158 0.516609 0.241695 0.241695 
d_159 d159 0.688101 0.155950 0.155950 
d_160 d160 0.422025 0.288987 0.288987 
d_161 d161 0.033226 0.161844 0.804930 
d_162 d162 0.652907 0.253440 0.093653 
d_163 d163 0.296577 0.420629 0.282793 
d_164 d164 0.310424 0.379152 0.310424 
d_165 d165 0.391053 0.131313 0.477633 
d_166 d166 0.713200 0.257360 0.029440 
d_167 d167 0.054101 0.368237 0.577661 
d_168 d168 0.333333 0.575025 0.091641 
d_169 d169 0.645224 0.060429 0.294347 
d_170 d170 0.865484 0.022912 0.111604 
d_171 d171 0.648570 0.018097 0.333333 
d_172 d172 0.823954 0.044733 0.131313 
d_173 d173 0.048973 0.902054 0.048973 
d_174 d174 0.231032 0.179881 0.589088 
d_175 d175 0.371320 0.314340 0.314340 
d_176 d176 0.523508 0.333333 0.143159 
d_177 d177 0.577661 0.368237 0.054101 
d_178 d178 0.529028 0.411611 0.059361 
d_179 d179 0.827160 0.143400 0.029440 
d_180 d180 0.433773 0.207784 0.358443 
d_181 d181 0.333333 0.111931 0.554736 
d_182 d182 0.309135 0.381730 0.309135 
d_183 d183 0.139993 0.548156 0.311851 
d_184 d184 0.348801 0.116783 0.534416 
d_185 d185 0.972481 0.013759 0.013759 
d_186 d186 0.695871 0.031219 0.272910 
d_187 d187 0.613543 0.053123 0.333333 
d_188 d188 0.209590 0.441609 0.348801 
d_189 d189 0.580820 0.023975 0.395205 
d_190 d190 0.407134 0.259533 0.333333 
d_191 d191 0.129651 0.764199 0.106150 
d_192 d192 0.240624 0.493468 0.265908 
d_193 d193 0.516609 0.241695 0.241695 
d_194 d194 0.359894 0.598938 0.041169 
d_195 d195 0.354770 0.419078 0.226152 
d_196 d196 0.593825 0.159672 0.246503 
d_197 d197 0.134226 0.154823 0.710951 
d_198 d198 0.722795 0.035510 0.241695 
d_199 d199 0.067258 0.288987 0.643755 
d_200 d200 0.081761 0.243486 0.674753 
d_201 d201 0.333333 0.628536 0.038130 
d_202 d202 0.238547 0.428120 0.333333 
d_203 d203 0.236540 0.418028 0.345433 
d_204 d204 0.793691 0.077579 0.128730 
d_205 d205 0.137639 0.842140 0.020222 
d_206 d206 0.627224 0.348801 0.023975 
d_207 d207 0.333333 0.466489 0.200178 
d_208 d208 0.842239 0.078880 0.078880 
d_209 d209 0.148039 0.431894 0.420067 
d_210 d210 0.119007 0.457417 0.423576 
d_211 d211 0.272770 0.664104 0.063126 
d_212 d212 0.681108 0.168288 0.150604 
d_213 d213 0.803001 0.020222 0.176778 
d_214 d214 0.564882 0.130728 0.304390 
d_215 d215 0.575025 0.393756 0.031219 
d_216 d216 0.612004 0.033226 0.354770 
d_217 d217 0.130728 0.738543 0.130728 
d_218 d218 0.411306 0.294347 0.294347 
d_219 d219 0.333333 0.465784 0.200883 
d_220 d220 0.035510 0.722795 0.241695 
d_221 d221 0.610030 0.350627 0.039343 
d_222 d222 0.109133 0.524563 0.366304 
d_223 d223 0.013759 0.839325 0.146915 
d_224 d224 0.212487 0.212487 0.575025 
d_225 d225 0.849938 0.111931 0.038130 
d_226 d226 0.787086 0.158813 0.054101 
d_227 d227 0.136046 0.629264 0.234690 
d_228 d228 0.200380 0.086420 0.713200 
d_229 d229 0.048973 0.238547 0.712480 
d_230 d230 0.740622 0.033226 0.226152 
d_231 d231 0.146915 0.546383 0.306702 
d_232 d232 0.257360 0.143400 0.599240 
d_233 d233 0.041169 0.359894 0.598938 
d_234 d234 0.678619 0.120850 0.200531 
d_235 d235 0.682373 0.158813 0.158813 
d_236 d236 0.041169 0.041169 0.917663 
d_237 d237 0.365775 0.317113 0.317113 
d_238 d238 0.255994 0.255994 0.488012 
d_239 d239 0.656220 0.029440 0.314340 
d_240 d240 0.231552 0.231552 0.536896 
d_241 d241 0.419078 0.097535 0.483387 
d_242 d242 0.060429 0.879142 0.060429 
d_243 d243 0.509844 0.265445 0.224711 
d_244 d244 0.599240 0.086420 0.314340 
d_245 d245 0.446568 0.276716 0.276716 
d_246 d246 0.564214 0.217893 0.217893 
d_247 d247 0.224044 0.551913 0.224044 
d_248 d248 0.156839 0.493783 0.349378 
d_249 d249 0.310424 0.654066 0.035510 
d_250 d250 0.509102 0.433773 0.057125 
d_251 d251 0.756294 0.152064 0.091641 
d_252 d252 0.381730 0.091349 0.526921 
d_253 d253 0.492300 0.432688 0.075012 
d_254 d254 0.676313 0.161844 0.161844 
d_255 d255 0.477633 0.131313 0.391053 
d_256 d256 0.489889 0.333333 0.176778 
d_257 d257 0.753200 0.046595 0.200205 
d_258 d258 0.405211 0.189578 0.405211 
d_259 d259 0.688101 0.022912 0.288987 
d_260 d260 0.068433 0.200883 0.730684 
d_261 d261 0.252099 0.495803 0.252099 
d_262 d262 0.123575 0.096215 0.780210 
d_263 d263 0.226152 0.226152 0.547696 
d_264 d264 0.021045 0.021045 0.957909 
d_265 d265 0.730684 0.068433 0.200883 
d_266 d266 0.097535 0.161844 0.740622 
d_267 d267 0.657745 0.025142 0.317113 
d_268 d268 0.200178 0.040391 0.759432 
d_269 d269 0.354816 0.097028 0.548156 
d_270 d270 0.379152 0.241695 0.379152 
d_271 d271 0.131313 0.477633 0.391053 
d_272 d272 0.305293 0.284262 0.410445 
d_273 d273 0.234690 0.333333 0.431977 
d_274 d274 0.422025 0.422025 0.155950 
d_275 d275 0.238246 0.491812 0.269942 
d_276 d276 0.280613 0.309370 0.410017 
d_277 d277 0.353515 0.393878 0.252607 
d_278 d278 0.346522 0.208045 0.445434 
d_279 d279 0.131313 0.044733 0.823954 
d_280 d280 0.209590 0.209590 0.580820 
d_281 d281 0.635448 0.152064 0.212487 
d_282 d282 0.281604 0.553185 0.165212 
d_283 d283 0.217893 0.650794 0.131313 
d_284 d284 0.342453 0.014136 0.643411 
d_285 d285 0.392330 0.114201 0.493468 
d_286 d286 0.486590 0.221338 0.292072 
d_287 d287 0.341167 0.012143 0.646690 
d_288 d288 0.365775 0.317113 0.317113 
d_289 d289 0.282793 0.324144 0.393062 
d_290 d290 0.217071 0.378704 0.404225 
d_291 d291 0.473438 0.368360 0.158202 
d_292 d292 0.245449 0.057125 0.697426 
d_293 d293 0.442899 0.544037 0.013064 
d_294 d294 0.064402 0.489030 0.446568 
d_295 d295 0.591310 0.183978 0.224711 
d_296 d296 0.290461 0.419078 0.290461 
d_297 d297 0.333333 0.263281 0.403386 
d_298 d298 0.354770 0.033226 0.612004 
d_299 d299 0.362605 0.384559 0.252836 
d_300 d300 0.038130 0.702337 0.259533 
d_301 d301 0.763862 0.020222 0.215917 
d_302 d302 0.183978 0.713510 0.102512 
d_303 d303 0.183978 0.183978 0.632043 
d_304 d304 0.598234 0.068433 0.333333 
d_305 d305 0.035510 0.172967 0.791523 
d_306 d306 0.522106 0.343269 0.134625 
d_307 d307 0.157170 0.553537 0.289293 
d_308 d308 0.518753 0.038348 0.442899 
d_309 d309 0.060429 0.294347 0.645224 
d_310 d310 0.091641 0.635448 0.272910 
d_311 d311 0.540644 0.082379 0.376978 
d_312 d312 0.633380 0.127051 0.239569 
d_313 d313 0.143760 0.333333 0.522907 
d_314 d314 0.489030 0.106865 0.404105 
d_315 d315 0.628536 0.038130 0.333333 
d_316 d316 0.510717 0.466371 0.022912 
d_317 d317 0.428500 0.533684 0.037816 
d_318 d318 0.514602 0.031219 0.454179 
d_319 d319 0.225922 0.376298 0.397780 
d_320 d320 0.092369 0.588472 0.319159 
d_321 d321 0.019460 0.509102 0.471438 
d_322 d322 0.333333 0.575513 0.091154 
d_323 d323 0.393756 0.333333 0.272910 
d_324 d324 0.709600 0.159672 0.130728 
d_325 d325 0.059146 0.458676 0.482178 
d_326 d326 0.514602 0.454179 0.031219 
d_327 d327 0.284800 0.496581 0.218619 
d_328 d328 0.538146 0.292371 0.169483 
d_329 d329 0.707445 0.123831 0.168724 
d_330 d330 0.395205 0.255994 0.348801 
d_331 d331 0.345433 0.200242 0.454325 
d_332 d332 0.569872 0.327109 0.103019 
d_333 d333 0.276716 0.701345 0.021939 
d_334 d334 0.606110 0.278778 0.115112 
d_335 d335 0.612004 0.033226 0.354770 
d_336 d336 0.189578 0.566936 0.243486 
d_337 d337 0.656220 0.314340 0.029440 
d_338 d338 0.395205 0.580820 0.023975 
d_339 d339 0.023975 0.534416 0.441609 
d_340 d340 0.012143 0.599687 0.388171 
d_341 d341 0.463098 0.463098 0.073804 
d_342 d342 0.479252 0.041496 0.479252 
d_343 d343 0.381730 0.490623 0.127647 
d_344 d344 0.205654 0.369813 0.424533 
d_345 d345 0.380216 0.098922 0.520863 
d_346 d346 0.073804 0.609084 0.317113 
d_347 d347 0.708409 0.055051 0.236540 
d_348 d348 0.023975 0.116783 0.859242 
d_349 d349 0.209590 0.673627 0.116783 
d_350 d350 0.314340 0.656220 0.029440 
d_351 d351 0.297394 0.351303 0.351303 
d_352 d352 0.454179 0.031219 0.514602 
d_353 d353 0.509844 0.183978 0.306178 
d_354 d354 0.177388 0.411306 0.411306 
d_355 d355 0.620845 0.027853 0.351303 
d_356 d356 0.849938 0.111931 0.038130 
d_357 d357 0.384484 0.589088 0.026428 
d_358 d358 0.578517 0.053123 0.368360 
d_359 d359 0.495511 0.078482 0.426006 
d_360 d360 0.263525 0.054101 0.682373 
d_361 d361 0.269621 0.530264 0.200116 
d_362 d362 0.104238 0.722795 0.172967 
d_363 d363 0.081761 0.027853 0.890386 
d_364 d364 0.269942 0.301638 0.428420 
d_365 d365 0.849938 0.111931 0.038130 
d_366 d366 0.038130 0.849938 0.111931 
d_367 d367 0.879142 0.060429 0.060429 
d_368 d368 0.263281 0.193228 0.543491 
d_369 d369 0.127647 0.526921 0.345433 
d_370 d370 0.654066 0.172967 0.172967 
d_371 d371 0.450750 0.411611 0.137639 
d_372 d372 0.019460 0.019460 0.961080 
d_373 d373 0.310424 0.035510 0.654066 
d_374 d374 0.577661 0.263525 0.158813 
d_375 d375 0.403386 0.578517 0.018097 
d_376 d376 0.577661 0.368237 0.054101 
d_377 d377 0.245449 0.622097 0.132454 
d_378 d378 0.658882 0.234253 0.106865 
d_379 d379 0.688101 0.022912 0.288987 
d_380 d380 0.060429 0.879142 0.060429 
d_381 d381 0.130728 0.593825 0.275446 
d_382 d382 0.673627 0.163186 0.163186 
d_383 d383 0.577661 0.158813 0.263525 
d_384 d384 0.477633 0.044733 0.477633 
d_385 d385 0.643755 0.067258 0.288987 
d_386 d386 0.148698 0.128915 0.722387 
d_387 d387 0.628536 0.185732 0.185732 
d_388 d388 0.661911 0.039343 0.298746 
d_389 d389 0.190055 0.468184 0.341761 
d_390 d390 0.179881 0.640239 0.179881 
d_391 d391 0.038130 0.038130 0.923739 
d_392 d392 0.292371 0.415259 0.292371 
d_393 d393 0.324687 0.194985 0.480329 
d_394 d394 0.490623 0.309135 0.200242 
d_395 d395 0.060429 0.177388 0.762183 
d_396 d396 0.143400 0.086420 0.770180 
d_397 d397 0.217893 0.737374 0.044733 
d_398 d398 0.078880 0.536896 0.384224 
d_399 d399 0.290461 0.033226 0.676313 
d_400 d400 0.372472 0.176778 0.450750 
d_401 d401 0.877140 0.031219 0.091641 
d_402 d402 0.428300 0.542260 0.029440 
d_403 d403 0.456638 0.382655 0.160707 
d_404 d404 0.187191 0.496669 0.316140 
d_405 d405 0.333333 0.384484 0.282182 
d_406 d406 0.044733 0.910534 0.044733 
d_407 d407 0.239569 0.548992 0.211439 
d_408 d408 0.402220 0.356295 0.241485 
d_409 d409 0.051325 0.660462 0.288212 
d_410 d410 0.171127 0.560422 0.268451 
d_411 d411 0.023975 0.580820 0.395205 
d_412 d412 0.191791 0.319179 0.489030 
d_413 d413 0.294347 0.060429 0.645224 
d_414 d414 0.913659 0.064402 0.021939 
d_415 d415 0.038130 0.480935 0.480935 
d_416 d416 0.438412 0.088149 0.473438 
d_417 d417 0.598938 0.359894 0.041169 
d_418 d418 0.558940 0.017484 0.423576 
d_419 d419 0.077579 0.333333 0.589088 
d_420 d420 0.676313 0.033226 0.290461 
d_421 d421 0.722795 0.172967 0.104238 
d_422 d422 0.511760 0.365775 0.122466 
d_423 d423 0.158202 0.613543 0.228255 
d_424 d424 0.186689 0.558940 0.254371 
d_425 d425 0.411306 0.060429 0.528265 
d_426 d426 0.152848 0.423576 0.423576 
d_427 d427 0.200531 0.678619 0.120850 
d_428 d428 0.217893 0.650794 0.131313 
d_429 d429 0.163944 0.018754 0.817302 
d_430 d430 0.128730 0.742540 0.128730 
d_431 d431 0.035510 0.928981 0.035510 
d_432 d432 0.428377 0.306178 0.265445 
d_433 d433 0.396108 0.509102 0.094790 
d_434 d434 0.245449 0.697426 0.057125 
d_435 d435 0.534416 0.209590 0.255994 
d_436 d436 0.014136 0.479252 0.506612 
d_437 d437 0.085166 0.457417 0.457417 
d_438 d438 0.241695 0.035510 0.722795 
d_439 d439 0.200380 0.656220 0.143400 
d_440 d440 0.370744 0.460531 0.168724 
d_441 d441 0.577661 0.368237 0.054101 
d_442 d442 0.189578 0.135669 0.674753 
d_443 d443 0.111604 0.333333 0.555063 
d_444 d444 0.025142 0.268451 0.706407 
d_445 d445 0.460531 0.527871 0.011597 
d_446 d446 0.513028 0.351303 0.135669 
d_447 d447 0.236540 0.345433 0.418028 
d_448 d448 0.025142 0.365775 0.609084 
d_449 d449 0.599720 0.305293 0.094988 
d_450 d450 0.354770 0.161844 0.483387 
d_451 d451 0.944295 0.027853 0.027853 
d_452 d452 0.630312 0.353815 0.015873 
d_453 d453 0.272910 0.212487 0.514602 
d_454 d454 0.697426 0.132454 0.170119 
d_455 d455 0.111931 0.185732 0.702337 
d_456 d456 0.238186 0.447510 0.314304 
d_457 d457 0.428448 0.220925 0.350627 
d_458 d458 0.522106 0.075012 0.402881 
d_459 d459 0.656220 0.086420 0.257360 
d_460 d460 0.269942 0.016376 0.713682 
d_461 d461 0.509095 0.178009 0.312896 
d_462 d462 0.200531 0.280212 0.519256 
d_463 d463 0.628536 0.185732 0.185732 
d_464 d464 0.280071 0.599645 0.120284 
d_465 d465 0.420164 0.217559 0.362277 
d_466 d466 0.419078 0.547696 0.033226 
d_467 d467 0.146915 0.200178 0.652907 
d_468 d468 0.348298 0.325851 0.325851 
d_469 d469 0.077579 0.231032 0.691390 
d_470 d470 0.086420 0.713200 0.200380 
d_471 d471 0.910534 0.044733 0.044733 
d_472 d472 0.507911 0.409711 0.082379 
d_473 d473 0.026428 0.333333 0.640239 
d_474 d474 0.645224 0.177388 0.177388 
d_475 d475 0.879142 0.060429 0.060429 
d_476 d476 0.246045 0.344244 0.409711 
d_477 d477 0.135669 0.513028 0.351303 
d_478 d478 0.077579 0.128730 0.793691 
d_479 d479 0.319179 0.064402 0.616419 
d_480 d480 0.650794 0.304473 0.044733 
d_481 d481 0.566936 0.405211 0.027853 
d_482 d482 0.454179 0.152064 0.393756 
d_483 d483 0.713200 0.200380 0.086420 
d_484 d484 0.689567 0.078880 0.231552 
d_485 d485 0.288987 0.111604 0.599409 
d_486 d486 0.077579 0.231032 0.691390 
d_487 d487 0.441609 0.070379 0.488012 
d_488 d488 0.485280 0.200380 0.314340 
d_489 d489 0.122466 0.025142 0.852393 
d_490 d490 0.054101 0.054101 0.891798 
d_491 d491 0.517030 0.333333 0.149636 
d_492 d492 0.021045 0.428377 0.550577 
d_493 d493 0.755069 0.171127 0.073804 
d_494 d494 0.320401 0.611381 0.068219 
d_495 d495 0.492300 0.402881 0.104819 
d_496 d496 0.357776 0.632753 0.009471 
d_497 d497 0.177716 0.737940 0.084345 
d_498 d498 0.128960 0.276109 0.594932 
d_499 d499 0.241695 0.035510 0.722795 
d_500 d500 0.428448 0.480329 0.091224 
d_501 d501 0.656220 0.200380 0.143400 
d_502 d502 0.333333 0.031219 0.635448 
d_503 d503 0.021939 0.446568 0.531493 
d_504 d504 0.081761 0.513028 0.405211 
d_505 d505 0.476703 0.138761 0.384537 
d_506 d506 0.428420 0.206550 0.365029 
d_507 d507 0.304473 0.217893 0.477633 
d_508 d508 0.509102 0.132454 0.358443 
d_509 d509 0.443186 0.463783 0.093031 
d_510 d510 0.272910 0.272910 0.454179 
d_511 d511 0.048973 0.902054 0.048973 
d_512 d512 0.617694 0.048973 0.333333 
d_513 d513 0.170119 0.509102 0.320778 
d_514 d514 0.448144 0.172599 0.379258 
d_515 d515 0.060429 0.879142 0.060429 
d_516 d516 0.859242 0.023975 0.116783 
d_517 d517 0.200883 0.068433 0.730684 
d_518 d518 0.713200 0.200380 0.086420 
d_519 d519 0.617694 0.238547 0.143760 
d_520 d520 0.209590 0.209590 0.580820 
d_521 d521 0.405211 0.081761 0.513028 
d_522 d522 0.524342 0.230841 0.244817 
d_523 d523 0.018754 0.708409 0.272837 
d_524 d524 0.054101 0.158813 0.787086 
d_525 d525 0.031219 0.333333 0.635448 
d_526 d526 0.164431 0.492300 0.343269 
d_527 d527 0.422025 0.510717 0.067258 
d_528 d528 0.546040 0.109432 0.344528 
d_529 d529 0.345783 0.215064 0.439153 
d_530 d530 0.224711 0.428377 0.346911 
d_531 d531 0.654066 0.241695 0.104238 
d_532 d532 0.428377 0.428377 0.143245 
d_533 d533 0.277176 0.445648 0.277176 
d_534 d534 0.200883 0.598234 0.200883 
d_535 d535 0.730684 0.068433 0.200883 
d_536 d536 0.200531 0.758300 0.041169 
d_537 d537 0.654066 0.310424 0.035510 
d_538 d538 0.676313 0.033226 0.290461 
d_539 d539 0.396108 0.207784 0.396108 
d_540 d540 0.910534 0.044733 0.044733 
d_541 d541 0.068433 0.068433 0.863135 
d_542 d542 0.344244 0.016912 0.638843 
d_543 d543 0.226152 0.161844 0.612004 
d_544 d544 0.804930 0.097535 0.097535 
d_545 d545 0.096215 0.451892 0.451892 
d_546 d546 0.354770 0.097535 0.547696 
d_547 d547 0.594606 0.114201 0.291193 
d_548 d548 0.025142 0.365775 0.609084 
d_549 d549 0.737374 0.044733 0.217893 
d_550 d550 0.514602 0.272910 0.212487 
d_551 d551 0.441609 0.302398 0.255994 
d_552 d552 0.450750 0.372472 0.176778 
d_553 d553 0.428300 0.200380 0.371320 
d_554 d554 0.837981 0.120850 0.041169 
d_555 d555 0.771012 0.047891 0.181097 
d_556 d556 0.510717 0.466371 0.022912 
d_557 d557 0.525575 0.134226 0.340199 
d_558 d558 0.220530 0.288212 0.491258 
d_559 d559 0.143760 0.333333 0.522907 
d_560 d560 0.155180 0.239569 0.605251 
d_561 d561 0.126224 0.663588 0.210188 
d_562 d562 0.689567 0.231552 0.078880 
d_563 d563 0.309135 0.635814 0.055051 
d_564 d564 0.023975 0.163186 0.812838 
d_565 d565 0.709600 0.275446 0.014954 
d_566 d566 0.333333 0.407134 0.259533 
d_567 d567 0.506995 0.159672 0.333333 
d_568 d568 0.564214 0.217893 0.217893 
d_569 d569 0.254371 0.322053 0.423576 
d_570 d570 0.333333 0.067258 0.599409 
d_571 d571 0.313462 0.551913 0.134625 
d_572 d572 0.073804 0.317113 0.609084 
d_573 d573 0.622769 0.101785 0.275446 
d_574 d574 0.395205 0.395205 0.209590 
d_575 d575 0.410445 0.116018 0.473537 
d_576 d576 0.078880 0.689567 0.231552 
d_577 d577 0.054101 0.054101 0.891798 
d_578 d578 0.070379 0.627224 0.302398 
d_579 d579 0.528265 0.294347 0.177388 
d_580 d580 0.813814 0.093093 0.093093 
d_581 d581 0.272837 0.672111 0.055051 
d_582 d582 0.702337 0.185732 0.111931 
d_583 d583 0.414436 0.268451 0.317113 
d_584 d584 0.031219 0.393756 0.575025 
d_585 d585 0.161844 0.033226 0.804930 
d_586 d586 0.821138 0.155950 0.022912 
d_587 d587 0.827160 0.029440 0.143400 
d_588 d588 0.265445 0.306178 0.428377 
d_589 d589 0.523508 0.333333 0.143159 
d_590 d590 0.379152 0.172967 0.447881 
d_591 d591 0.689567 0.078880 0.231552 
d_592 d592 0.195561 0.402220 0.402220 
d_593 d593 0.751982 0.238186 0.009832 
d_594 d594 0.379152 0.585338 0.035510 
d_595 d595 0.041169 0.200531 0.758300 
d_596 d596 0.111604 0.067258 0.821138 
d_597 d597 0.102544 0.259900 0.637556 
d_598 d598 0.158813 0.054101 0.787086 
d_599 d599 0.333333 0.530621 0.136046 
d_600 d600 0.333333 0.480935 0.185732 
d_601 d601 0.546383 0.013759 0.439858 
d_602 d602 0.517030 0.149636 0.333333 
d_603 d603 0.891798 0.054101 0.054101 
d_604 d604 0.282182 0.537937 0.179881 
d_605 d605 0.220925 0.506269 0.272806 
d_606 d606 0.713200 0.200380 0.086420 
d_607 d607 0.572765 0.303404 0.123831 
d_608 d608 0.418028 0.563218 0.018754 
d_609 d609 0.650794 0.217893 0.131313 
d_610 d610 0.472949 0.054101 0.472949 
d_611 d611 0.737374 0.044733 0.217893 
d_612 d612 0.252412 0.625895 0.121693 
d_613 d613 0.038130 0.333333 0.628536 
d_614 d614 0.060429 0.060429 0.879142 
d_615 d615 0.384224 0.078880 0.536896 
d_616 d616 0.333333 0.200883 0.465784 
d_617 d617 0.358443 0.509102 0.132454 
d_618 d618 0.564214 0.044733 0.391053 
d_619 d619 0.568167 0.020222 0.411611 
d_620 d620 0.516609 0.447881 0.035510 
d_621 d621 0.310424 0.585338 0.104238 
d_622 d622 0.217893 0.737374 0.044733 
d_623 d623 0.143400 0.656220 0.200380 
d_624 d624 0.740622 0.033226 0.226152 
d_625 d625 0.302398 0.023975 0.673627 
d_626 d626 0.514602 0.272910 0.212487 
d_627 d627 0.290461 0.033226 0.676313 
d_628 d628 0.359102 0.447451 0.193447 
d_629 d629 0.447881 0.035510 0.516609 
d_630 d630 0.191171 0.482978 0.325851 
d_631 d631 0.068433 0.465784 0.465784 
d_632 d632 0.842239 0.078880 0.078880 
d_633 d633 0.029440 0.884141 0.086420 
d_634 d634 0.137639 0.529028 0.333333 
d_635 d635 0.315332 0.225323 0.459346 
d_636 d636 0.829667 0.119007 0.051325 
d_637 d637 0.333333 0.246503 0.420164 
d_638 d638 0.302398 0.302398 0.395205 
d_639 d639 0.200883 0.730684 0.068433 
d_640 d640 0.191791 0.489030 0.319179 
d_641 d641 0.022912 0.377679 0.599409 
d_642 d642 0.200883 0.068433 0.730684 
d_643 d643 0.632043 0.346911 0.021045 
d_644 d644 0.269499 0.616597 0.113904 
d_645 d645 0.077579 0.844842 0.077579 
d_646 d646 0.617694 0.048973 0.333333 
d_647 d647 0.344528 0.478869 0.176602 
d_648 d648 0.224711 0.550577 0.224711 
d_649 d649 0.239022 0.345122 0.415856 
d_650 d650 0.158813 0.263525 0.577661 
d_651 d651 0.344244 0.409711 0.246045 
d_652 d652 0.589088 0.282182 0.128730 
d_653 d653 0.213777 0.572445 0.213777 
d_654 d654 0.263281 0.193228 0.543491 
d_655 d655 0.333333 0.185732 0.480935 
d_656 d656 0.516609 0.035510 0.447881 
d_657 d657 0.713200 0.200380 0.086420 
d_658 d658 0.200883 0.068433 0.730684 
d_659 d659 0.656220 0.257360 0.086420 
d_660 d660 0.263525 0.054101 0.682373 
d_661 d661 0.776138 0.038130 0.185732 
d_662 d662 0.023975 0.255994 0.720031 
d_663 d663 0.292371 0.261649 0.445981 
d_664 d664 0.441609 0.534416 0.023975 
d_665 d665 0.713510 0.021045 0.265445 
d_666 d666 0.068433 0.333333 0.598234 
d_667 d667 0.439575 0.041169 0.519256 
d_668 d668 0.351303 0.620845 0.027853 
d_669 d669 0.891798 0.054101 0.054101 
d_670 d670 0.128730 0.793691 0.077579 
d_671 d671 0.304473 0.217893 0.477633 
d_672 d672 0.554736 0.038130 0.407134 
d_673 d673 0.064402 0.149328 0.786270 
d_674 d674 0.598234 0.068433 0.333333 
d_675 d675 0.333333 0.185732 0.480935 
d_676 d676 0.433773 0.019460 0.546767 
d_677 d677 0.048973 0.902054 0.048973 
d_678 d678 0.701345 0.064402 0.234253 
d_679 d679 0.161844 0.226152 0.612004 
d_680 d680 0.160707 0.530621 0.308672 
d_681 d681 0.717768 0.098922 0.183310 
d_682 d682 0.161844 0.676313 0.161844 
d_683 d683 0.481299 0.136046 0.382655 
d_684 d684 0.288987 0.688101 0.022912 
d_685 d685 0.213618 0.348298 0.438085 
d_686 d686 0.463098 0.219789 0.317113 
d_687 d687 0.381730 0.454325 0.163944 
d_688 d688 0.215917 0.411611 0.372472 
d_689 d689 0.376567 0.506269 0.117164 
d_690 d690 0.112418 0.422412 0.465170 
d_691 d691 0.463098 0.219789 0.317113 
d_692 d692 0.054101 0.682373 0.263525 
d_693 d693 0.463098 0.317113 0.219789 
d_694 d694 0.104238 0.104238 0.791523 
d_695 d695 0.381730 0.200242 0.418028 
d_696 d696 0.682373 0.158813 0.158813 
d_697 d697 0.405211 0.297394 0.297394 
d_698 d698 0.923739 0.038130 0.038130 
d_699 d699 0.609084 0.025142 0.365775 
d_700 d700 0.143760 0.807267 0.048973 
d_701 d701 0.054101 0.682373 0.263525 
d_702 d702 0.407134 0.185732 0.407134 
d_703 d703 0.902054 0.048973 0.048973 
d_704 d704 0.787086 0.158813 0.054101 
d_705 d705 0.104238 0.241695 0.654066 
d_706 d706 0.278778 0.540644 0.180578 
d_707 d707 0.333333 0.026428 0.640239 
d_708 d708 0.598234 0.200883 0.200883 
d_709 d709 0.036502 0.325311 0.638187 
d_710 d710 0.027853 0.297394 0.674753 
d_711 d711 0.217893 0.737374 0.044733 
d_712 d712 0.041169 0.598938 0.359894 
d_713 d713 0.810421 0.170119 0.019460 
d_714 d714 0.480935 0.185732 0.333333 
d_715 d715 0.766435 0.163186 0.070379 
d_716 d716 0.268451 0.171127 0.560422 
d_717 d717 0.077579 0.026428 0.895993 
d_718 d718 0.333333 0.607306 0.059361 
d_719 d719 0.480935 0.111931 0.407134 
d_720 d720 0.236540 0.526921 0.236540 
d_721 d721 0.547696 0.161844 0.290461 
d_722 d722 0.333333 0.232425 0.434242 
d_723 d723 0.401231 0.375769 0.223000 
d_724 d724 0.443383 0.391254 0.165363 
d_725 d725 0.035510 0.379152 0.585338 
d_726 d726 0.658882 0.021939 0.319179 
d_727 d727 0.020222 0.333333 0.646445 
d_728 d728 0.654066 0.310424 0.035510 
d_729 d729 0.101785 0.217559 0.680656 
d_730 d730 0.077205 0.648006 0.274790 
d_731 d731 0.511760 0.463098 0.025142 
d_732 d732 0.181222 0.385785 0.432992 
d_733 d733 0.263525 0.682373 0.054101 
d_734 d734 0.209590 0.302398 0.488012 
d_735 d735 0.511760 0.025142 0.463098 
d_736 d736 0.131313 0.477633 0.391053 
d_737 d737 0.617694 0.238547 0.143760 
d_738 d738 0.349378 0.565985 0.084637 
d_739 d739 0.534416 0.395205 0.070379 
d_740 d740 0.255994 0.534416 0.209590 
d_741 d741 0.446568 0.191791 0.361642 
d_742 d742 0.568868 0.415259 0.015873 
d_743 d743 0.263525 0.054101 0.682373 
d_744 d744 0.547696 0.226152 0.226152 
d_745 d745 0.536896 0.384224 0.078880 
d_746 d746 0.713792 0.272806 0.013403 
d_747 d747 0.127051 0.408345 0.464604 
d_748 d748 0.131313 0.131313 0.737374 
d_749 d749 0.338126 0.366882 0.294992 
d_750 d750 0.294347 0.645224 0.060429 
d_751 d751 0.438412 0.053123 0.508465 
d_752 d752 0.290461 0.676313 0.033226 
d_753 d753 0.288212 0.051325 0.660462 
d_754 d754 0.376567 0.480329 0.143104 
d_755 d755 0.118511 0.655567 0.225922 
d_756 d756 0.060429 0.411306 0.528265 
d_757 d757 0.671577 0.016912 0.311511 
d_758 d758 0.158079 0.746933 0.094988 
d_759 d759 0.272806 0.117164 0.610030 
d_760 d760 0.480935 0.185732 0.333333 
d_761 d761 0.158202 0.823701 0.018097 
d_762 d762 0.365775 0.414436 0.219789 
d_763 d763 0.241695 0.310424 0.447881 
d_764 d764 0.077579 0.640239 0.282182 
d_765 d765 0.380216 0.380216 0.239569 
d_766 d766 0.143017 0.462077 0.394906 
d_767 d767 0.333333 0.553114 0.113553 
d_768 d768 0.297330 0.351335 0.351335 
d_769 d769 0.200140 0.641781 0.158079 
d_770 d770 0.566936 0.405211 0.027853 
d_771 d771 0.522907 0.048973 0.428120 
d_772 d772 0.161475 0.741497 0.097028 
d_773 d773 0.042663 0.577121 0.380216 
d_774 d774 0.333333 0.048973 0.617694 
d_775 d775 0.612004 0.033226 0.354770 
d_776 d776 0.268346 0.300839 0.430815 
d_777 d777 0.200296 0.422025 0.377679 
d_778 d778 0.284262 0.431476 0.284262 
d_779 d779 0.177716 0.700591 0.121693 
d_780 d780 0.200883 0.730684 0.068433 
d_781 d781 0.104238 0.104238 0.791523 
d_782 d782 0.051325 0.119007 0.829667 
d_783 d783 0.289966 0.266312 0.443722 
d_784 d784 0.200380 0.314340 0.485280 
d_785 d785 0.358443 0.509102 0.132454 
d_786 d786 0.341761 0.392330 0.265908 
d_787 d787 0.241695 0.722795 0.035510 
d_788 d788 0.048072 0.935552 0.016376 
d_789 d789 0.550577 0.021045 0.428377 
d_790 d790 0.531493 0.446568 0.021939 
d_791 d791 0.411306 0.528265 0.060429 
d_792 d792 0.506612 0.287734 0.205654 
d_793 d793 0.509844 0.143245 0.346911 
d_794 d794 0.368237 0.054101 0.577661 
d_795 d795 0.483387 0.033226 0.483387 
d_796 d796 0.599645 0.093653 0.306702 
d_797 d797 0.297394 0.351303 0.351303 
d_798 d798 0.645224 0.060429 0.294347 
d_799 d799 0.671577 0.213312 0.115112 
d_800 d800 0.842239 0.078880 0.078880 
d_801 d801 0.259533 0.702337 0.038130 
d_802 d802 0.294194 0.098500 0.607306 
d_803 d803 0.038130 0.259533 0.702337 
d_804 d804 0.200531 0.280212 0.519256 
d_805 d805 0.259533 0.259533 0.480935 
d_806 d806 0.029440 0.428300 0.542260 
d_807 d807 0.200242 0.490623 0.309135 
d_808 d808 0.263281 0.403386 0.333333 
d_809 d809 0.149328 0.828733 0.021939 
d_810 d810 0.064402 0.489030 0.446568 
d_811 d811 0.018097 0.473438 0.508465 
d_812 d812 0.033226 0.804930 0.161844 
d_813 d813 0.291193 0.518753 0.190055 
d_814 d814 0.528265 0.411306 0.060429 
d_815 d815 0.055051 0.526921 0.418028 
d_816 d816 0.933548 0.033226 0.033226 
d_817 d817 0.645224 0.294347 0.060429 
d_818 d818 0.286858 0.457268 0.255874 
d_819 d819 0.170119 0.396108 0.433773 
d_820 d820 0.170119 0.433773 0.396108 
d_821 d821 0.431977 0.382655 0.185368 
d_822 d822 0.031219 0.393756 0.575025 
d_823 d823 0.638843 0.016912 0.344244 
d_824 d824 0.041169 0.758300 0.200531 
d_825 d825 0.290350 0.354825 0.354825 
d_826 d826 0.038130 0.923739 0.038130 
d_827 d827 0.044733 0.650794 0.304473 
d_828 d828 0.917663 0.041169 0.041169 
d_829 d829 0.471438 0.358443 0.170119 
d_830 d830 0.044733 0.304473 0.650794 
d_831 d831 0.139511 0.309106 0.551383 
d_832 d832 0.333333 0.215917 0.450750 
d_833 d833 0.143760 0.238547 0.617694 
d_834 d834 0.480935 0.333333 0.185732 
d_835 d835 0.161844 0.161844 0.676313 
d_836 d836 0.441609 0.348801 0.209590 
d_837 d837 0.531493 0.319179 0.149328 
d_838 d838 0.359894 0.439575 0.200531 
d_839 d839 0.040391 0.573014 0.386596 
d_840 d840 0.542260 0.428300 0.029440 
d_841 d841 0.674753 0.027853 0.297394 
d_842 d842 0.529028 0.333333 0.137639 
d_843 d843 0.575025 0.393756 0.031219 
d_844 d844 0.176778 0.372472 0.450750 
d_845 d845 0.730684 0.200883 0.068433 
d_846 d846 0.842239 0.078880 0.078880 
d_847 d847 0.510717 0.155950 0.333333 
d_848 d848 0.272837 0.345433 0.381730 
d_849 d849 0.405211 0.027853 0.566936 
d_850 d850 0.402881 0.164431 0.432688 
d_851 d851 0.348825 0.410793 0.240382 
d_852 d852 0.200883 0.068433 0.730684 
d_853 d853 0.685584 0.176778 0.137639 
d_854 d854 0.473438 0.333333 0.193228 
d_855 d855 0.710389 0.277176 0.012435 
d_856 d856 0.620845 0.297394 0.081761 
d_857 d857 0.272837 0.381730 0.345433 
d_858 d858 0.447881 0.035510 0.516609 
d_859 d859 0.685584 0.098500 0.215917 
d_860 d860 0.272910 0.454179 0.272910 
d_861 d861 0.128730 0.282182 0.589088 
d_862 d862 0.528265 0.411306 0.060429 
d_863 d863 0.424533 0.287734 0.287734 
d_864 d864 0.836478 0.081761 0.081761 
d_865 d865 0.435635 0.179881 0.384484 
d_866 d866 0.428120 0.333333 0.238547 
d_867 d867 0.441609 0.209590 0.348801 
d_868 d868 0.609084 0.317113 0.073804 
d_869 d869 0.452506 0.200140 0.347354 
d_870 d870 0.386822 0.445174 0.168004 
d_871 d871 0.042663 0.267698 0.689639 
d_872 d872 0.689567 0.078880 0.231552 
d_873 d873 0.272806 0.324687 0.402508 
d_874 d874 0.143245 0.550577 0.306178 
d_875 d875 0.139486 0.190055 0.670459 
d_876 d876 0.194237 0.253850 0.551913 
d_877 d877 0.389735 0.288212 0.322053 
d_878 d878 0.263525 0.682373 0.054101 
d_879 d879 0.755069 0.025142 0.219789 
d_880 d880 0.471438 0.132454 0.396108 
d_881 d881 0.311851 0.032581 0.655567 
d_882 d882 0.280212 0.041169 0.678619 
d_883 d883 0.464604 0.380216 0.155180 
d_884 d884 0.454325 0.018754 0.526921 
d_885 d885 0.937563 0.031219 0.031219 
d_886 d886 0.616419 0.106865 0.276716 
d_887 d887 0.672111 0.091349 0.236540 
d_888 d888 0.566936 0.405211 0.027853 
d_889 d889 0.849938 0.111931 0.038130 
d_890 d890 0.077579 0.895993 0.026428 
d_891 d891 0.111335 0.353515 0.535150 
d_892 d892 0.051837 0.504978 0.443186 
d_893 d893 0.114201 0.442899 0.442899 
d_894 d894 0.292371 0.661034 0.046595 
d_895 d895 0.323957 0.070792 0.605251 
d_896 d896 0.217559 0.535938 0.246503 
d_897 d897 0.256262 0.619598 0.124140 
d_898 d898 0.021045 0.428377 0.550577 
d_899 d899 0.130611 0.756154 0.113235 
d_900 d900 0.333333 0.272910 0.393756 
d_901 d901 0.849938 0.038130 0.111931 
d_902 d902 0.573377 0.213312 0.213312 
d_903 d903 0.599590 0.200205 0.200205 
d_904 d904 0.787086 0.054101 0.158813 
d_905 d905 0.682373 0.158813 0.158813 
d_906 d906 0.389735 0.119007 0.491258 
d_907 d907 0.782570 0.189578 0.027853 
d_908 d908 0.435635 0.026428 0.537937 
d_909 d909 0.708409 0.127647 0.163944 
d_910 d910 0.436793 0.281604 0.281604 
d_911 d911 0.310371 0.425182 0.264447 
d_912 d912 0.527871 0.370744 0.101384 
d_913 d913 0.320778 0.509102 0.170119 
d_914 d914 0.555063 0.244642 0.200296 
d_915 d915 0.171127 0.122466 0.706407 
d_916 d916 0.411306 0.411306 0.177388 
d_917 d917 0.816717 0.152064 0.031219 
d_918 d918 0.325311 0.156839 0.517850 
d_919 d919 0.122466 0.755069 0.122466 
d_920 d920 0.454179 0.091641 0.454179 
d_921 d921 0.167805 0.254707 0.577488 
d_922 d922 0.434971 0.401092 0.163938 
d_923 d923 0.275207 0.328862 0.395931 
d_924 d924 0.415259 0.169483 0.415259 
d_925 d925 0.320778 0.094790 0.584432 
d_926 d926 0.598234 0.200883 0.200883 
d_927 d927 0.297394 0.243486 0.459119 
d_928 d928 0.018754 0.345433 0.635814 
d_929 d929 0.158202 0.368360 0.473438 
d_930 d930 0.204440 0.333333 0.462227 
d_931 d931 0.231552 0.536896 0.231552 
d_932 d932 0.428420 0.460116 0.111463 
d_933 d933 0.082895 0.413474 0.503631 
d_934 d934 0.231032 0.179881 0.589088 
d_935 d935 0.246045 0.442444 0.311511 
d_936 d936 0.172967 0.172967 0.654066 
d_937 d937 0.508465 0.368360 0.123176 
d_938 d938 0.068433 0.598234 0.333333 
d_939 d939 0.238547 0.617694 0.143760 
d_940 d940 0.842239 0.078880 0.078880 
d_941 d941 0.522907 0.333333 0.143760 
d_942 d942 0.160707 0.308672 0.530621 
d_943 d943 0.844842 0.077579 0.077579 
d_944 d944 0.134226 0.257810 0.607964 
d_945 d945 0.320778 0.245449 0.433773 
d_946 d946 0.563218 0.345433 0.091349 
d_947 d947 0.185732 0.628536 0.185732 
d_948 d948 0.026428 0.231032 0.742540 
d_949 d949 0.280071 0.333333 0.386596 
d_950 d950 0.217893 0.044733 0.737374 
d_951 d951 0.428300 0.029440 0.542260 
d_952 d952 0.023975 0.070379 0.905646 
d_953 d953 0.231552 0.536896 0.231552 
d_954 d954 0.481299 0.456638 0.062063 
d_955 d955 0.795826 0.119007 0.085166 
d_956 d956 0.483387 0.226152 0.290461 
d_957 d957 0.220530 0.186689 0.592781 
d_958 d958 0.569322 0.367046 0.063633 
d_959 d959 0.344244 0.638843 0.016912 
d_960 d960 0.849938 0.111931 0.038130 
d_961 d961 0.026428 0.384484 0.589088 
d_962 d962 0.068433 0.333333 0.598234 
d_963 d963 0.097535 0.612004 0.290461 
d_964 d964 0.344244 0.311511 0.344244 
d_965 d965 0.078880 0.231552 0.689567 
d_966 d966 0.193228 0.508465 0.298307 
d_967 d967 0.836478 0.081761 0.081761 
d_968 d968 0.395205 0.209590 0.395205 
d_969 d969 0.122466 0.852393 0.025142 
d_970 d970 0.403386 0.298307 0.298307 
d_971 d971 0.659761 0.245449 0.094790 
d_972 d972 0.347354 0.052927 0.599720 
d_973 d973 0.292970 0.232425 0.474605 
d_974 d974 0.519256 0.280212 0.200531 
d_975 d975 0.659761 0.094790 0.245449 
d_976 d976 0.561332 0.315093 0.123575 
d_977 d977 0.555063 0.422025 0.022912 
d_978 d978 0.310424 0.172967 0.516609 
d_979 d979 0.041169 0.678619 0.280212 
d_980 d980 0.359894 0.359894 0.280212 
d_981 d981 0.268451 0.171127 0.560422 
d_982 d982 0.762183 0.177388 0.060429 
d_983 d983 0.086420 0.086420 0.827160 
d_984 d984 0.310424 0.654066 0.035510 
d_985 d985 0.035510 0.585338 0.379152 
d_986 d986 0.730684 0.200883 0.068433 
d_987 d987 0.239569 0.155180 0.605251 
d_988 d988 0.689639 0.014534 0.295827 
d_989 d989 0.283114 0.509102 0.207784 
d_990 d990 0.612004 0.226152 0.161844 
d_991 d991 0.616419 0.064402 0.319179 
d_992 d992 0.489889 0.215917 0.294194 
d_993 d993 0.132454 0.697426 0.170119 
d_994 d994 0.234253 0.446568 0.319179 
d_995 d995 0.298307 0.683596 0.018097 
d_996 d996 0.333333 0.635448 0.031219 
d_997 d997 0.185732 0.480935 0.333333 
d_998 d998 0.691390 0.128730 0.179881 
d_999 d999 0.580820 0.209590 0.209590 
d_1000 d1000 0.143245 0.754243 0.102512 
d_1001 d1001 0.609084 0.365775 0.025142 
d_1002 d1002 0.438412 0.123176 0.438412 
d_1003 d1003 0.472949 0.472949 0.054101 
d_1004 d1004 0.465784 0.068433 0.465784 
d_1005 d1005 0.662811 0.116018 0.221171 
d_1006 d1006 0.377679 0.599409 0.022912 
d_1007 d1007 0.546767 0.019460 0.433773 
d_1008 d1008 0.219789 0.268451 0.511760 
d_1009 d1009 0.068433 0.068433 0.863135 
d_1010 d1010 0.317113 0.365775 0.317113 
d_1011 d1011 0.143400 0.656220 0.200380 
d_1012 d1012 0.446568 0.191791 0.361642 
d_1013 d1013 0.933548 0.033226 0.033226 
d_1014 d1014 0.304473 0.304473 0.391053 
d_1015 d1015 0.469111 0.265445 0.265445 
d_1016 d1016 0.635448 0.152064 0.212487 
d_1017 d1017 0.859242 0.116783 0.023975 
d_1018 d1018 0.807267 0.143760 0.048973 
d_1019 d1019 0.026428 0.691390 0.282182 
d_1020 d1020 0.432688 0.194237 0.373075 
d_1021 d1021 0.377679 0.022912 0.599409 
d_1022 d1022 0.961080 0.019460 0.019460 
d_1023 d1023 0.346522 0.544346 0.109133 
d_1024 d1024 0.049645 0.507911 0.442444 
d_1025 d1025 0.573956 0.276716 0.149328 
d_1026 d1026 0.656220 0.086420 0.257360 
d_1027 d1027 0.661034 0.138761 0.200205 
d_1028 d1028 0.294194 0.411611 0.294194 
