Document 0
0.025525 0.021389 0.020073 0.025563 0.725540 0.023104 0.026162 0.020904 0.022716 0.022858 0.020957 0.022310 0.022899 
0.006288 0.006502 0.005929 0.098054 0.006813 0.007169 0.006303 0.006101 0.831658 0.005885 0.006348 0.006397 0.006553 
0.081819 0.078434 0.068391 0.066373 0.079188 0.077753 0.087558 0.079726 0.079435 0.076479 0.083310 0.073779 0.067755 
Document 1
0.010604 0.008885 0.008339 0.010619 0.009118 0.886463 0.010868 0.008684 0.009437 0.009496 0.008706 0.009268 0.009513 
0.008671 0.008966 0.008177 0.008864 0.009395 0.009886 0.008692 0.008414 0.009680 0.008116 0.008755 0.008823 0.893560 
0.081819 0.078434 0.068391 0.066373 0.079188 0.077753 0.087558 0.079726 0.079435 0.076479 0.083310 0.073779 0.067755 
Document 2
0.010604 0.008885 0.008339 0.595196 0.009118 0.301886 0.010868 0.008684 0.009437 0.009496 0.008706 0.009268 0.009513 
0.004932 0.005100 0.004651 0.005042 0.292827 0.005623 0.436168 0.004786 0.005506 0.004616 0.004980 0.220630 0.005140 
0.009720 0.009318 0.008125 0.007885 0.009407 0.890439 0.010402 0.009471 0.009437 0.009086 0.009897 0.008765 0.008049 
Document 3
0.025525 0.021389 0.020073 0.729154 0.021948 0.023104 0.026162 0.020904 0.022716 0.022858 0.020957 0.022310 0.022899 
0.009925 0.010263 0.009360 0.588693 0.300028 0.011316 0.009949 0.009631 0.011080 0.009290 0.010021 0.010099 0.010344 
0.019579 0.018769 0.016365 0.015882 0.018949 0.018606 0.020952 0.019078 0.019008 0.271870 0.019935 0.524794 0.016213 
Document 4
0.868208 0.010406 0.009766 0.012437 0.010678 0.011241 0.012729 0.010170 0.011052 0.011121 0.010196 0.010854 0.011141 
0.004312 0.004459 0.004066 0.004408 0.004672 0.004916 0.004323 0.004184 0.067652 0.004036 0.004354 0.444255 0.444362 
0.012991 0.012453 0.010859 0.010538 0.012573 0.853573 0.013902 0.012658 0.012612 0.012143 0.013227 0.011714 0.010758 
Document 5
0.012419 0.010406 0.009766 0.012437 0.010678 0.867030 0.012729 0.010170 0.011052 0.011121 0.010196 0.010854 0.011141 
0.003831 0.003961 0.003612 0.003916 0.171619 0.004367 0.227131 0.003717 0.004276 0.003585 0.003868 0.003898 0.562219 
0.081819 0.078434 0.068391 0.066373 0.079188 0.077753 0.087558 0.079726 0.079435 0.076479 0.083310 0.073779 0.067755 
Document 6
0.007372 0.006177 0.005797 0.515381 0.006339 0.006673 0.007556 0.006037 0.412959 0.006602 0.006053 0.006443 0.006613 
0.071653 0.004758 0.004339 0.138807 0.004986 0.005246 0.004612 0.071517 0.675653 0.004307 0.004646 0.004682 0.004795 
0.554210 0.038081 0.033205 0.032225 0.038447 0.037750 0.042511 0.038708 0.038567 0.037132 0.040448 0.035821 0.032896 
Document 7
0.039378 0.032997 0.030967 0.039436 0.033860 0.035643 0.040361 0.032248 0.577769 0.035264 0.032332 0.034418 0.035326 
0.173631 0.005956 0.005432 0.005888 0.006241 0.006567 0.005774 0.761012 0.006430 0.005391 0.005816 0.005860 0.006003 
0.012991 0.180699 0.179104 0.010538 0.012573 0.012345 0.518639 0.012658 0.012612 0.012143 0.013227 0.011714 0.010758 
Document 8
0.039378 0.032997 0.030967 0.039436 0.033860 0.035643 0.583085 0.032248 0.035045 0.035264 0.032332 0.034418 0.035326 
0.939252 0.005100 0.004651 0.005042 0.005344 0.005623 0.004944 0.004786 0.005506 0.004616 0.004980 0.005018 0.005140 
0.015618 0.014972 0.013055 0.214948 0.015116 0.014842 0.016714 0.419775 0.015163 0.216877 0.015903 0.014083 0.012934 
Document 9
0.086115 0.072160 0.067720 0.086241 0.074048 0.077947 0.088264 0.070523 0.076638 0.077118 0.070705 0.075268 0.077254 
0.443836 0.010263 0.009360 0.010146 0.010754 0.011316 0.009949 0.009631 0.011080 0.009290 0.010021 0.010099 0.444255 
0.081819 0.078434 0.068391 0.066373 0.079188 0.077753 0.087558 0.079726 0.079435 0.076479 0.083310 0.073779 0.067755 
Document 10
0.014983 0.012555 0.011783 0.015005 0.012884 0.013562 0.015357 0.631778 0.013334 0.013418 0.012302 0.013096 0.219944 
0.013965 0.014440 0.827192 0.014275 0.015131 0.015922 0.013999 0.013551 0.015590 0.013071 0.014100 0.014209 0.014554 
0.081819 0.078434 0.068391 0.066373 0.079188 0.077753 0.087558 0.079726 0.079435 0.076479 0.083310 0.073779 0.067755 
Document 11
0.467838 0.005607 0.005262 0.006702 0.005754 0.098286 0.375775 0.005480 0.005955 0.005993 0.005494 0.005849 0.006003 
0.003281 0.003393 0.003094 0.003354 0.433892 0.529708 0.003289 0.003184 0.003663 0.003071 0.003313 0.003338 0.003420 
0.003519 0.231229 0.367511 0.002854 0.003405 0.003344 0.277193 0.003429 0.094559 0.003289 0.003583 0.003173 0.002914 
Document 12
0.012419 0.010406 0.009766 0.012437 0.010678 0.695873 0.012729 0.010170 0.011052 0.011121 0.010196 0.010854 0.182299 
0.011603 0.011999 0.010942 0.011861 0.012573 0.013229 0.011632 0.011260 0.012954 0.856332 0.011716 0.011806 0.012093 
0.019579 0.018769 0.016365 0.015882 0.018949 0.018606 0.781661 0.019078 0.019008 0.018301 0.019935 0.017655 0.016213 
Document 13
0.009252 0.007752 0.007275 0.009265 0.007955 0.008374 0.264501 0.262595 0.135743 0.008285 0.007596 0.263105 0.008300 
0.008671 0.008966 0.008177 0.008864 0.009395 0.894409 0.008692 0.008414 0.009680 0.008116 0.008755 0.008823 0.009037 
0.012991 0.012453 0.010859 0.010538 0.853801 0.012345 0.013902 0.012658 0.012612 0.012143 0.013227 0.011714 0.010758 
Document 14
0.008205 0.006876 0.119542 0.686754 0.007056 0.007427 0.008410 0.006720 0.007302 0.007348 0.006737 0.120261 0.007361 
0.464420 0.006502 0.005929 0.006427 0.006813 0.007169 0.372809 0.006101 0.098646 0.005885 0.006348 0.006397 0.006553 
0.003225 0.003091 0.002696 0.002616 0.003121 0.003064 0.421097 0.003142 0.003131 0.003014 0.086813 0.002908 0.462082 
Document 15
0.086115 0.072160 0.067720 0.086241 0.074048 0.077947 0.088264 0.070523 0.076638 0.077118 0.070705 0.075268 0.077254 
0.011603 0.011999 0.010942 0.011861 0.858043 0.013229 0.011632 0.011260 0.012954 0.010861 0.011716 0.011806 0.012093 
0.081819 0.078434 0.068391 0.066373 0.079188 0.077753 0.087558 0.079726 0.079435 0.076479 0.083310 0.073779 0.067755 
Document 16
0.010604 0.008885 0.008339 0.010619 0.009118 0.886463 0.010868 0.008684 0.009437 0.009496 0.008706 0.009268 0.009513 
0.035855 0.037076 0.033812 0.036652 0.038850 0.040879 0.558445 0.034793 0.040027 0.033560 0.036202 0.036481 0.037368 
0.081819 0.078434 0.068391 0.066373 0.079188 0.077753 0.087558 0.079726 0.079435 0.076479 0.083310 0.073779 0.067755 
Document 17
0.005650 0.004734 0.004443 0.005658 0.004858 0.783775 0.005791 0.004627 0.005028 0.160792 0.004639 0.004938 0.005068 
0.006922 0.007157 0.006527 0.007076 0.007500 0.007892 0.612152 0.006717 0.007727 0.006479 0.006989 0.007043 0.309820 
0.081819 0.078434 0.068391 0.066373 0.079188 0.077753 0.087558 0.079726 0.079435 0.076479 0.083310 0.073779 0.067755 
Document 18
0.025525 0.021389 0.020073 0.025563 0.021948 0.023104 0.026162 0.020904 0.022716 0.022858 0.020957 0.725902 0.022899 
0.005760 0.005956 0.005432 0.005888 0.006241 0.006567 0.089710 0.005589 0.761852 0.005391 0.005816 0.005860 0.089939 
0.012991 0.012453 0.010859 0.178784 0.012573 0.180591 0.013902 0.012658 0.012612 0.516880 0.013227 0.011714 0.010758 
Document 19
0.014983 0.012555 0.011783 0.015005 0.012884 0.013562 0.015357 0.012270 0.839344 0.013418 0.012302 0.013096 0.013441 
0.004932 0.005100 0.004651 0.005042 0.005344 0.005623 0.004944 0.579752 0.005506 0.004616 0.004980 0.005018 0.364494 
0.081819 0.078434 0.068391 0.066373 0.079188 0.077753 0.087558 0.079726 0.079435 0.076479 0.083310 0.073779 0.067755 
Document 20
0.014983 0.012555 0.011783 0.015005 0.632391 0.013562 0.015357 0.218773 0.013334 0.013418 0.012302 0.013096 0.013441 
0.006288 0.006502 0.005929 0.006427 0.006813 0.007169 0.006303 0.006101 0.923285 0.005885 0.006348 0.006397 0.006553 
0.026230 0.025144 0.021925 0.021278 0.704805 0.024926 0.028069 0.025559 0.025465 0.024518 0.026708 0.023652 0.021721 
Document 21
0.018882 0.015822 0.014849 0.018910 0.016236 0.017092 0.019354 0.015464 0.016804 0.016910 0.015503 0.797234 0.016939 
0.006922 0.007157 0.410003 0.007076 0.007500 0.007892 0.006939 0.309323 0.007727 0.006479 0.208726 0.007043 0.007214 
0.019579 0.018769 0.016365 0.015882 0.018949 0.272175 0.274521 0.019078 0.272578 0.018301 0.019935 0.017655 0.016213 
Document 22
0.025525 0.021389 0.020073 0.729154 0.021948 0.023104 0.026162 0.020904 0.022716 0.022858 0.020957 0.022310 0.022899 
0.008671 0.008966 0.008177 0.008864 0.009395 0.136246 0.008692 0.008414 0.515122 0.008116 0.008755 0.008823 0.261758 
0.081819 0.078434 0.068391 0.066373 0.079188 0.077753 0.087558 0.079726 0.079435 0.076479 0.083310 0.073779 0.067755 
Document 23
0.007372 0.006177 0.005797 0.210582 0.006339 0.006673 0.007556 0.006037 0.108160 0.006602 0.107652 0.006443 0.514611 
0.011603 0.011999 0.010942 0.688238 0.181667 0.013229 0.011632 0.011260 0.012954 0.010861 0.011716 0.011806 0.012093 
0.011120 0.010660 0.009295 0.153036 0.010762 0.010567 0.299931 0.154851 0.298827 0.010394 0.011322 0.010027 0.009208 
Document 24
0.394980 0.004734 0.004443 0.005658 0.004858 0.550177 0.005791 0.004627 0.005028 0.005059 0.004639 0.004938 0.005068 
0.003628 0.003752 0.003421 0.003709 0.003931 0.004136 0.003637 0.637976 0.004050 0.003396 0.003663 0.003691 0.321009 
0.507557 0.005308 0.004629 0.004492 0.363944 0.005262 0.005926 0.005396 0.077093 0.005176 0.005638 0.004993 0.004586 
Document 25
0.025525 0.021389 0.020073 0.025563 0.725540 0.023104 0.026162 0.020904 0.022716 0.022858 0.020957 0.022310 0.022899 
0.005314 0.005495 0.005011 0.857230 0.005758 0.006058 0.005327 0.005156 0.083368 0.004974 0.005365 0.005407 0.005538 
0.008633 0.120087 0.230838 0.007003 0.455598 0.008204 0.121049 0.008412 0.008382 0.008070 0.008790 0.007785 0.007149 
Document 26
0.025525 0.021389 0.020073 0.729154 0.021948 0.023104 0.026162 0.020904 0.022716 0.022858 0.020957 0.022310 0.022899 
0.006288 0.006502 0.647315 0.006427 0.006813 0.007169 0.281183 0.006101 0.007019 0.005885 0.006348 0.006397 0.006553 
0.019579 0.018769 0.777074 0.015882 0.018949 0.018606 0.020952 0.019078 0.019008 0.018301 0.019935 0.017655 0.016213 
Document 27
0.086115 0.072160 0.067720 0.086241 0.074048 0.077947 0.088264 0.070523 0.076638 0.077118 0.070705 0.075268 0.077254 
0.011603 0.011999 0.010942 0.350050 0.012573 0.013229 0.011632 0.011260 0.351142 0.179955 0.011716 0.011806 0.012093 
0.012991 0.012453 0.010859 0.010538 0.012573 0.685328 0.013902 0.012658 0.180858 0.012143 0.013227 0.011714 0.010758 
Document 28
0.090568 0.342899 0.004818 0.006136 0.005268 0.258869 0.175162 0.005017 0.005453 0.005487 0.005030 0.089796 0.005496 
0.004601 0.004758 0.674856 0.004703 0.004986 0.005246 0.272819 0.004465 0.005137 0.004307 0.004646 0.004682 0.004795 
0.015618 0.014972 0.013055 0.012670 0.015116 0.014842 0.421270 0.015219 0.015163 0.014599 0.015903 0.216362 0.215212 
Document 29
0.339332 0.002917 0.002738 0.003486 0.194908 0.003151 0.435377 0.002851 0.003098 0.003117 0.002858 0.003043 0.003123 
0.004601 0.071810 0.004339 0.004703 0.675502 0.005246 0.205768 0.004465 0.005137 0.004307 0.004646 0.004682 0.004795 
0.039724 0.038081 0.033205 0.032225 0.038447 0.037750 0.042511 0.038708 0.038567 0.037132 0.554933 0.035821 0.032896 
Document 30
0.086115 0.072160 0.067720 0.086241 0.074048 0.077947 0.088264 0.070523 0.076638 0.077118 0.070705 0.075268 0.077254 
0.008671 0.388048 0.008177 0.008864 0.514837 0.009886 0.008692 0.008414 0.009680 0.008116 0.008755 0.008823 0.009037 
0.039724 0.038081 0.547690 0.032225 0.038447 0.037750 0.042511 0.038708 0.038567 0.037132 0.040448 0.035821 0.032896 
Document 31
0.018882 0.015822 0.014849 0.018910 0.016236 0.277335 0.019354 0.015464 0.537291 0.016910 0.015503 0.016504 0.016939 
0.006922 0.108026 0.006527 0.007076 0.007500 0.007892 0.006939 0.208455 0.007727 0.510823 0.006989 0.107912 0.007214 
0.005965 0.005718 0.004986 0.004839 0.005773 0.469215 0.006384 0.005813 0.005791 0.005576 0.006074 0.468925 0.004940 
Document 32
0.228250 0.003408 0.003198 0.004072 0.059542 0.003681 0.508580 0.171468 0.003619 0.003642 0.003339 0.003554 0.003648 
0.003131 0.003238 0.002953 0.003201 0.550991 0.003570 0.048772 0.048672 0.003496 0.322363 0.003162 0.003186 0.003264 
0.026230 0.025144 0.021925 0.021278 0.025386 0.024926 0.367779 0.025559 0.365175 0.024518 0.026708 0.023652 0.021721 
Document 33
0.007372 0.107777 0.005797 0.007383 0.006339 0.006673 0.007556 0.006037 0.006560 0.006602 0.006053 0.819240 0.006613 
0.005314 0.005495 0.005011 0.779793 0.005758 0.006058 0.005327 0.160029 0.005932 0.004974 0.005365 0.005407 0.005538 
0.824730 0.014972 0.013055 0.012670 0.015116 0.014842 0.016714 0.015219 0.015163 0.014599 0.015903 0.014083 0.012934 
Document 34
0.006127 0.849546 0.089259 0.006136 0.005268 0.005546 0.006280 0.005017 0.005453 0.005487 0.005030 0.005355 0.005496 
0.006288 0.006502 0.005929 0.006427 0.006813 0.282048 0.006303 0.006101 0.007019 0.005885 0.006348 0.647783 0.006553 
0.358671 0.004368 0.003809 0.121735 0.476563 0.004331 0.004877 0.004440 0.004424 0.004260 0.004640 0.004109 0.003774 
Document 35
0.005242 0.654561 0.004122 0.005249 0.148989 0.004744 0.005372 0.076534 0.004665 0.004694 0.004304 0.004581 0.076943 
0.003281 0.003393 0.003094 0.003354 0.003555 0.003741 0.003289 0.003184 0.338369 0.003071 0.003313 0.098969 0.529386 
0.039724 0.038081 0.547690 0.032225 0.038447 0.037750 0.042511 0.038708 0.038567 0.037132 0.040448 0.035821 0.032896 
Document 36
0.086115 0.072160 0.067720 0.086241 0.074048 0.077947 0.088264 0.070523 0.076638 0.077118 0.070705 0.075268 0.077254 
0.011603 0.011999 0.010942 0.011861 0.858043 0.013229 0.011632 0.011260 0.012954 0.010861 0.011716 0.011806 0.012093 
0.039724 0.038081 0.033205 0.032225 0.038447 0.037750 0.556996 0.038708 0.038567 0.037132 0.040448 0.035821 0.032896 
Document 37
0.086115 0.072160 0.067720 0.086241 0.074048 0.077947 0.088264 0.070523 0.076638 0.077118 0.070705 0.075268 0.077254 
0.007698 0.007960 0.007260 0.007869 0.008341 0.008777 0.007717 0.007470 0.008594 0.007206 0.905251 0.007833 0.008023 
0.812295 0.007444 0.107057 0.006299 0.007515 0.007379 0.008310 0.007566 0.007539 0.007258 0.007906 0.007002 0.006430 
Document 38
0.039378 0.032997 0.030967 0.039436 0.033860 0.035643 0.040361 0.032248 0.035045 0.577988 0.032332 0.034418 0.035326 
0.007698 0.007960 0.007260 0.007869 0.008341 0.008777 0.007717 0.231840 0.008594 0.680314 0.007773 0.007833 0.008023 
0.611163 0.007444 0.006491 0.207432 0.108081 0.007379 0.008310 0.007566 0.007539 0.007258 0.007906 0.007002 0.006430 
Document 39
0.697050 0.181564 0.009766 0.012437 0.010678 0.011241 0.012729 0.010170 0.011052 0.011121 0.010196 0.010854 0.011141 
0.005314 0.005495 0.005011 0.160304 0.005758 0.006058 0.005327 0.005156 0.005932 0.237282 0.392546 0.005407 0.160410 
0.890922 0.009318 0.008125 0.007885 0.009407 0.009237 0.010402 0.009471 0.009437 0.009086 0.009897 0.008765 0.008049 
Document 40
0.025525 0.021389 0.020073 0.025563 0.725540 0.023104 0.026162 0.020904 0.022716 0.022858 0.020957 0.022310 0.022899 
0.003131 0.003238 0.002953 0.003201 0.003393 0.003570 0.003139 0.003039 0.003496 0.596163 0.276961 0.094453 0.003264 
0.012991 0.348944 0.010859 0.010538 0.012573 0.012345 0.013902 0.012658 0.517349 0.012143 0.013227 0.011714 0.010758 
Document 41
0.006692 0.651212 0.005262 0.006702 0.005754 0.006057 0.283546 0.005480 0.005955 0.005993 0.005494 0.005849 0.006003 
0.003831 0.003961 0.003612 0.003916 0.004151 0.004367 0.115485 0.003717 0.004276 0.003585 0.841208 0.003898 0.003992 
0.081819 0.078434 0.068391 0.066373 0.079188 0.077753 0.087558 0.079726 0.079435 0.076479 0.083310 0.073779 0.067755 
Document 42
0.840993 0.012555 0.011783 0.015005 0.012884 0.013562 0.015357 0.012270 0.013334 0.013418 0.012302 0.013096 0.013441 
0.005760 0.593507 0.005432 0.005888 0.006241 0.006567 0.005774 0.005589 0.006430 0.005391 0.341559 0.005860 0.006003 
0.039724 0.038081 0.033205 0.546710 0.038447 0.037750 0.042511 0.038708 0.038567 0.037132 0.040448 0.035821 0.032896 
Document 43
0.086115 0.072160 0.067720 0.086241 0.074048 0.077947 0.088264 0.070523 0.076638 0.077118 0.070705 0.075268 0.077254 
0.004932 0.005100 0.004651 0.005042 0.580310 0.005623 0.292427 0.004786 0.005506 0.004616 0.004980 0.076889 0.005140 
0.007765 0.409709 0.006491 0.006299 0.007515 0.107945 0.008310 0.007566 0.007539 0.007258 0.007906 0.007002 0.408695 
Document 44
0.039378 0.575721 0.030967 0.039436 0.033860 0.035643 0.040361 0.032248 0.035045 0.035264 0.032332 0.034418 0.035326 
0.009925 0.010263 0.009360 0.010146 0.010754 0.011316 0.009949 0.154268 0.011080 0.009290 0.733206 0.010099 0.010344 
0.081819 0.078434 0.068391 0.066373 0.079188 0.077753 0.087558 0.079726 0.079435 0.076479 0.083310 0.073779 0.067755 
Document 45
0.014983 0.838565 0.011783 0.015005 0.012884 0.013562 0.015357 0.012270 0.013334 0.013418 0.012302 0.013096 0.013441 
0.003446 0.606158 0.003250 0.003523 0.003734 0.003929 0.053671 0.003344 0.003847 0.103658 0.003479 0.003506 0.204456 
0.011120 0.010660 0.153310 0.441067 0.010762 0.010567 0.011900 0.010835 0.154811 0.154410 0.011322 0.010027 0.009208 
Document 46
0.086115 0.072160 0.067720 0.086241 0.074048 0.077947 0.088264 0.070523 0.076638 0.077118 0.070705 0.075268 0.077254 
0.011603 0.011999 0.010942 0.011861 0.012573 0.013229 0.349820 0.011260 0.012954 0.518143 0.011716 0.011806 0.012093 
0.011120 0.010660 0.153310 0.009020 0.010762 0.010567 0.731978 0.010835 0.010796 0.010394 0.011322 0.010027 0.009208 
Document 47
0.025525 0.021389 0.020073 0.377358 0.021948 0.023104 0.026162 0.020904 0.022716 0.022858 0.020957 0.374106 0.022899 
0.456437 0.007960 0.007260 0.007869 0.457080 0.008777 0.007717 0.007470 0.008594 0.007206 0.007773 0.007833 0.008023 
0.039724 0.038081 0.033205 0.032225 0.038447 0.552236 0.042511 0.038708 0.038567 0.037132 0.040448 0.035821 0.032896 
Document 48
0.018882 0.015822 0.014849 0.279153 0.016236 0.537578 0.019354 0.015464 0.016804 0.016910 0.015503 0.016504 0.016939 
0.003831 0.003961 0.003612 0.003916 0.171619 0.004367 0.003840 0.003717 0.450858 0.003585 0.003868 0.338834 0.003992 
0.015618 0.014972 0.013055 0.012670 0.015116 0.014842 0.016714 0.217497 0.015163 0.014599 0.015903 0.014083 0.619768 
Document 49
0.003851 0.003227 0.003028 0.003856 0.852453 0.003485 0.003947 0.003153 0.003427 0.003448 0.109304 0.003366 0.003454 
0.002294 0.436953 0.002163 0.002345 0.002486 0.002615 0.002300 0.002226 0.002561 0.002147 0.002316 0.236339 0.303255 
0.019579 0.018769 0.016365 0.776591 0.018949 0.018606 0.020952 0.019078 0.019008 0.018301 0.019935 0.017655 0.016213 
Document 50
0.086115 0.072160 0.067720 0.086241 0.074048 0.077947 0.088264 0.070523 0.076638 0.077118 0.070705 0.075268 0.077254 
0.009925 0.010263 0.009360 0.010146 0.010754 0.011316 0.009949 0.009631 0.011080 0.877111 0.010021 0.010099 0.010344 
0.019579 0.018769 0.016365 0.015882 0.018949 0.779314 0.020952 0.019078 0.019008 0.018301 0.019935 0.017655 0.016213 
Document 51
0.086115 0.072160 0.067720 0.086241 0.074048 0.077947 0.088264 0.070523 0.076638 0.077118 0.070705 0.075268 0.077254 
0.008671 0.135327 0.008177 0.008864 0.009395 0.009886 0.008692 0.766577 0.009680 0.008116 0.008755 0.008823 0.009037 
0.081819 0.078434 0.068391 0.066373 0.079188 0.077753 0.087558 0.079726 0.079435 0.076479 0.083310 0.073779 0.067755 
Document 52
0.086115 0.072160 0.067720 0.086241 0.074048 0.077947 0.088264 0.070523 0.076638 0.077118 0.070705 0.075268 0.077254 
0.011603 0.011999 0.180037 0.519144 0.012573 0.013229 0.011632 0.011260 0.012954 0.010861 0.011716 0.180900 0.012093 
0.039724 0.038081 0.033205 0.032225 0.552932 0.037750 0.042511 0.038708 0.038567 0.037132 0.040448 0.035821 0.032896 
Document 53
0.018882 0.015822 0.014849 0.018910 0.016236 0.017092 0.019354 0.015464 0.016804 0.016910 0.015503 0.536991 0.277183 
0.003628 0.796821 0.003421 0.003709 0.003931 0.004136 0.003637 0.003521 0.162664 0.003396 0.003663 0.003691 0.003781 
0.019579 0.272338 0.016365 0.015882 0.018949 0.018606 0.020952 0.019078 0.019008 0.018301 0.527075 0.017655 0.016213 
Document 54
0.868208 0.010406 0.009766 0.012437 0.010678 0.011241 0.012729 0.010170 0.011052 0.011121 0.010196 0.010854 0.011141 
0.082750 0.702420 0.005011 0.005432 0.005758 0.006058 0.005327 0.005156 0.005932 0.159846 0.005365 0.005407 0.005538 
0.081819 0.078434 0.068391 0.066373 0.079188 0.077753 0.087558 0.079726 0.079435 0.076479 0.083310 0.073779 0.067755 
Document 55
0.232233 0.002783 0.002612 0.003327 0.002856 0.003007 0.323880 0.323196 0.002956 0.002975 0.048510 0.002903 0.048762 
0.003831 0.003961 0.003612 0.003916 0.004151 0.004367 0.003840 0.561944 0.395035 0.003585 0.003868 0.003898 0.003992 
0.506609 0.004642 0.004048 0.003929 0.443732 0.004602 0.005182 0.004719 0.004702 0.004527 0.004931 0.004367 0.004010 
Document 56
0.010604 0.008885 0.008339 0.010619 0.009118 0.886463 0.010868 0.008684 0.009437 0.009496 0.008706 0.009268 0.009513 
0.004601 0.004758 0.004339 0.004703 0.004986 0.005246 0.004612 0.943189 0.005137 0.004307 0.004646 0.004682 0.004795 
0.007765 0.912540 0.006491 0.006299 0.007515 0.007379 0.008310 0.007566 0.007539 0.007258 0.007906 0.007002 0.006430 
Document 57
0.259450 0.005134 0.004818 0.428342 0.005268 0.005546 0.006280 0.005017 0.005453 0.005487 0.005030 0.258679 0.005496 
0.002550 0.374192 0.002404 0.002606 0.114229 0.002907 0.002556 0.411185 0.002846 0.002386 0.002574 0.076905 0.002657 
0.005537 0.005308 0.004629 0.004492 0.005359 0.005262 0.005926 0.650849 0.005376 0.220327 0.005638 0.076710 0.004586 
Document 58
0.004066 0.003408 0.003198 0.004072 0.003497 0.003681 0.788809 0.003330 0.003619 0.003642 0.171476 0.003554 0.003648 
0.004601 0.004758 0.004339 0.004703 0.004986 0.005246 0.004612 0.339723 0.072188 0.540720 0.004646 0.004682 0.004795 
0.015618 0.014972 0.013055 0.417226 0.015116 0.014842 0.016714 0.015219 0.015163 0.419155 0.015903 0.014083 0.012934 
Document 59
0.002921 0.002447 0.002297 0.002925 0.002511 0.968728 0.002994 0.002392 0.002599 0.002616 0.002398 0.002553 0.002620 
0.003831 0.338897 0.003612 0.003916 0.004151 0.506771 0.003840 0.003717 0.004276 0.003585 0.059690 0.003898 0.059815 
0.257643 0.508554 0.005404 0.005244 0.006257 0.006143 0.174371 0.006299 0.006276 0.006043 0.006582 0.005829 0.005353 
Document 60
0.039378 0.032997 0.030967 0.039436 0.033860 0.035643 0.040361 0.032248 0.035045 0.577988 0.032332 0.034418 0.035326 
0.009925 0.010263 0.009360 0.877967 0.010754 0.011316 0.009949 0.009631 0.011080 0.009290 0.010021 0.010099 0.010344 
0.012991 0.012453 0.010859 0.010538 0.012573 0.012345 0.013902 0.012658 0.012612 0.012143 0.854455 0.011714 0.010758 
Document 61
0.183577 0.352722 0.009766 0.012437 0.352994 0.011241 0.012729 0.010170 0.011052 0.011121 0.010196 0.010854 0.011141 
0.063180 0.654549 0.003826 0.004147 0.004396 0.004626 0.240559 0.003937 0.004529 0.003797 0.004096 0.004128 0.004228 
0.081819 0.078434 0.068391 0.066373 0.079188 0.077753 0.087558 0.079726 0.079435 0.076479 0.083310 0.073779 0.067755 
Document 62
0.025525 0.021389 0.020073 0.729154 0.021948 0.023104 0.026162 0.020904 0.022716 0.022858 0.020957 0.022310 0.022899 
0.002550 0.002636 0.002404 0.002606 0.448629 0.002907 0.002556 0.002474 0.002846 0.002386 0.522752 0.002594 0.002657 
0.567686 0.008276 0.007216 0.007003 0.008355 0.008204 0.344671 0.008412 0.008382 0.008070 0.008790 0.007785 0.007149 
Document 63
0.039378 0.032997 0.030967 0.039436 0.033860 0.035643 0.040361 0.032248 0.035045 0.035264 0.032332 0.034418 0.578050 
0.002648 0.002738 0.002497 0.041296 0.002869 0.003019 0.002655 0.002570 0.002956 0.851445 0.079852 0.002694 0.002760 
0.011120 0.874753 0.009295 0.009020 0.010762 0.010567 0.011900 0.010835 0.010796 0.010394 0.011322 0.010027 0.009208 
Document 64
0.005650 0.549797 0.004443 0.005658 0.004858 0.005114 0.083657 0.004627 0.005028 0.005059 0.004639 0.004938 0.316533 
0.017533 0.018130 0.016534 0.017923 0.018997 0.019990 0.528580 0.017014 0.019573 0.016411 0.017703 0.273341 0.018273 
0.081819 0.078434 0.068391 0.066373 0.079188 0.077753 0.087558 0.079726 0.079435 0.076479 0.083310 0.073779 0.067755 
Document 65
0.003043 0.338084 0.002393 0.003048 0.002617 0.128580 0.003119 0.002492 0.002708 0.002725 0.296091 0.002660 0.212439 
0.004601 0.004758 0.004339 0.004703 0.004986 0.005246 0.004612 0.004465 0.005137 0.943030 0.004646 0.004682 0.004795 
0.007055 0.006763 0.005897 0.005723 0.737843 0.006705 0.007550 0.098252 0.006850 0.006595 0.098561 0.006362 0.005843 
Document 66
0.012419 0.010406 0.009766 0.012437 0.010678 0.011241 0.526202 0.181328 0.011052 0.182279 0.010196 0.010854 0.011141 
0.007698 0.007960 0.119444 0.007869 0.569265 0.008777 0.007717 0.119655 0.008594 0.119390 0.007773 0.007833 0.008023 
0.081819 0.078434 0.068391 0.066373 0.079188 0.077753 0.087558 0.079726 0.079435 0.076479 0.083310 0.073779 0.067755 
Document 67
0.018882 0.015822 0.014849 0.018910 0.016236 0.017092 0.019354 0.015464 0.537291 0.016910 0.015503 0.276747 0.016939 
0.003628 0.003752 0.003421 0.003709 0.003931 0.004136 0.003637 0.479362 0.056921 0.426366 0.003663 0.003691 0.003781 
0.365939 0.025144 0.021925 0.021278 0.025386 0.024926 0.028069 0.025559 0.365175 0.024518 0.026708 0.023652 0.021721 
Document 68
0.006692 0.005607 0.005262 0.006702 0.005754 0.928349 0.006859 0.005480 0.005955 0.005993 0.005494 0.005849 0.006003 
0.023550 0.024352 0.022208 0.024074 0.368704 0.370036 0.023608 0.022853 0.026290 0.022043 0.023778 0.023961 0.024544 
0.705649 0.025144 0.021925 0.021278 0.025386 0.024926 0.028069 0.025559 0.025465 0.024518 0.026708 0.023652 0.021721 
Document 69
0.007372 0.006177 0.005797 0.007383 0.311138 0.616270 0.007556 0.006037 0.006560 0.006602 0.006053 0.006443 0.006613 
0.002294 0.537241 0.002163 0.002345 0.002486 0.002615 0.002300 0.436807 0.002561 0.002147 0.002316 0.002334 0.002391 
0.488707 0.002118 0.059082 0.087645 0.345548 0.002100 0.002365 0.002153 0.002145 0.002065 0.002250 0.001992 0.001830 
Document 70
0.002606 0.002184 0.002049 0.002610 0.576901 0.146024 0.002671 0.038050 0.002319 0.002334 0.217637 0.002278 0.002338 
0.001599 0.001653 0.001508 0.001635 0.001733 0.001823 0.327838 0.467602 0.025088 0.001497 0.141429 0.024929 0.001667 
0.551880 0.002392 0.002086 0.228242 0.196316 0.002371 0.002670 0.002431 0.002423 0.002332 0.002541 0.002250 0.002066 
Document 71
0.086115 0.072160 0.067720 0.086241 0.074048 0.077947 0.088264 0.070523 0.076638 0.077118 0.070705 0.075268 0.077254 
0.008671 0.008966 0.008177 0.008864 0.009395 0.009886 0.008692 0.008414 0.009680 0.008116 0.008755 0.893346 0.009037 
0.081819 0.078434 0.068391 0.066373 0.079188 0.077753 0.087558 0.079726 0.079435 0.076479 0.083310 0.073779 0.067755 
Document 72
0.018882 0.015822 0.014849 0.018910 0.016236 0.797822 0.019354 0.015464 0.016804 0.016910 0.015503 0.016504 0.016939 
0.009925 0.010263 0.009360 0.733330 0.010754 0.011316 0.009949 0.009631 0.155717 0.009290 0.010021 0.010099 0.010344 
0.081819 0.078434 0.068391 0.066373 0.079188 0.077753 0.087558 0.079726 0.079435 0.076479 0.083310 0.073779 0.067755 
Document 73
0.039378 0.032997 0.030967 0.039436 0.033860 0.035643 0.583085 0.032248 0.035045 0.035264 0.032332 0.034418 0.035326 
0.011603 0.011999 0.010942 0.688238 0.012573 0.013229 0.011632 0.011260 0.012954 0.010861 0.180810 0.011806 0.012093 
0.012991 0.012453 0.010859 0.010538 0.853801 0.012345 0.013902 0.012658 0.012612 0.012143 0.013227 0.011714 0.010758 
Document 74
0.182428 0.062983 0.003388 0.004314 0.716185 0.003899 0.004415 0.003528 0.003834 0.003858 0.003537 0.003765 0.003865 
0.003446 0.003563 0.003250 0.003523 0.003734 0.003929 0.003454 0.003344 0.003847 0.003225 0.505642 0.003506 0.455538 
0.026230 0.025144 0.021925 0.021278 0.025386 0.024926 0.028069 0.025559 0.704885 0.024518 0.026708 0.023652 0.021721 
Document 75
0.006692 0.005607 0.005262 0.006702 0.928046 0.006057 0.006859 0.005480 0.005955 0.005993 0.005494 0.005849 0.006003 
0.003446 0.003563 0.003250 0.003523 0.003734 0.003929 0.003454 0.003344 0.003847 0.003225 0.455426 0.003506 0.505754 
0.008633 0.120087 0.007216 0.789678 0.008355 0.008204 0.009239 0.008412 0.008382 0.008070 0.008790 0.007785 0.007149 
Document 76
0.012419 0.010406 0.009766 0.012437 0.010678 0.182399 0.012729 0.010170 0.695684 0.011121 0.010196 0.010854 0.011141 
0.309528 0.007157 0.006527 0.007076 0.612713 0.007892 0.006939 0.006717 0.007727 0.006479 0.006989 0.007043 0.007214 
0.026230 0.025144 0.021925 0.021278 0.704805 0.024926 0.028069 0.025559 0.025465 0.024518 0.026708 0.023652 0.021721 
Document 77
0.004308 0.003610 0.003388 0.004314 0.003704 0.182020 0.776270 0.003528 0.003834 0.003858 0.003537 0.003765 0.003865 
0.007698 0.007960 0.007260 0.680978 0.120526 0.008777 0.007717 0.007470 0.008594 0.119390 0.007773 0.007833 0.008023 
0.015618 0.419528 0.013055 0.012670 0.015116 0.419398 0.016714 0.015219 0.015163 0.014599 0.015903 0.014083 0.012934 
Document 78
0.039378 0.032997 0.030967 0.039436 0.576584 0.035643 0.040361 0.032248 0.035045 0.035264 0.032332 0.034418 0.035326 
0.004057 0.004195 0.003826 0.004147 0.359135 0.004626 0.004067 0.536045 0.004529 0.003797 0.004096 0.063251 0.004228 
0.081819 0.078434 0.068391 0.066373 0.079188 0.077753 0.087558 0.079726 0.079435 0.076479 0.083310 0.073779 0.067755 
Document 79
0.729117 0.021389 0.020073 0.025563 0.021948 0.023104 0.026162 0.020904 0.022716 0.022858 0.020957 0.022310 0.022899 
0.456437 0.007960 0.007260 0.007869 0.008341 0.008777 0.007717 0.007470 0.008594 0.007206 0.007773 0.007833 0.456762 
0.026230 0.025144 0.021925 0.021278 0.025386 0.024926 0.707489 0.025559 0.025465 0.024518 0.026708 0.023652 0.021721 
Document 80
0.083516 0.004734 0.004443 0.472855 0.004858 0.394444 0.005791 0.004627 0.005028 0.005059 0.004639 0.004938 0.005068 
0.003281 0.003393 0.003094 0.003354 0.003555 0.242817 0.003289 0.481336 0.003663 0.242147 0.003313 0.003338 0.003420 
0.083223 0.778296 0.004986 0.004839 0.005773 0.082927 0.006384 0.005813 0.005791 0.005576 0.006074 0.005379 0.004940 
Document 81
0.086115 0.072160 0.067720 0.086241 0.074048 0.077947 0.088264 0.070523 0.076638 0.077118 0.070705 0.075268 0.077254 
0.905176 0.007960 0.007260 0.007869 0.008341 0.008777 0.007717 0.007470 0.008594 0.007206 0.007773 0.007833 0.008023 
0.019579 0.018769 0.016365 0.015882 0.018949 0.272175 0.020952 0.019078 0.272578 0.271870 0.019935 0.017655 0.016213 
Document 82
0.025525 0.021389 0.020073 0.729154 0.021948 0.023104 0.026162 0.020904 0.022716 0.022858 0.020957 0.022310 0.022899 
0.008671 0.008966 0.008177 0.640666 0.009395 0.009886 0.135053 0.008414 0.009680 0.008116 0.135115 0.008823 0.009037 
0.039724 0.552566 0.033205 0.032225 0.038447 0.037750 0.042511 0.038708 0.038567 0.037132 0.040448 0.035821 0.032896 
Document 83
0.014983 0.012555 0.011783 0.841015 0.012884 0.013562 0.015357 0.012270 0.013334 0.013418 0.012302 0.013096 0.013441 
0.004932 0.005100 0.076522 0.867491 0.005344 0.005623 0.004944 0.004786 0.005506 0.004616 0.004980 0.005018 0.005140 
0.008633 0.008276 0.230838 0.007003 0.008355 0.455447 0.232860 0.008412 0.008382 0.008070 0.008790 0.007785 0.007149 
Document 84
0.025525 0.021389 0.020073 0.025563 0.021948 0.023104 0.026162 0.020904 0.022716 0.022858 0.020957 0.022310 0.726490 
0.004932 0.005100 0.507746 0.005042 0.005344 0.005623 0.148685 0.292269 0.005506 0.004616 0.004980 0.005018 0.005140 
0.039724 0.552566 0.033205 0.032225 0.038447 0.037750 0.042511 0.038708 0.038567 0.037132 0.040448 0.035821 0.032896 
Document 85
0.086115 0.072160 0.067720 0.086241 0.074048 0.077947 0.088264 0.070523 0.076638 0.077118 0.070705 0.075268 0.077254 
0.005760 0.005956 0.089367 0.005888 0.006241 0.006567 0.005774 0.005589 0.845788 0.005391 0.005816 0.005860 0.006003 
0.015618 0.014972 0.013055 0.012670 0.015116 0.014842 0.825826 0.015219 0.015163 0.014599 0.015903 0.014083 0.012934 
Document 86
0.004888 0.004096 0.003844 0.207017 0.004203 0.745537 0.005010 0.004003 0.004350 0.004378 0.004014 0.004273 0.004385 
0.004312 0.004459 0.004066 0.004408 0.004672 0.004916 0.004323 0.004184 0.004814 0.004036 0.004354 0.004387 0.947068 
0.039724 0.038081 0.033205 0.032225 0.552932 0.037750 0.042511 0.038708 0.038567 0.037132 0.040448 0.035821 0.032896 
Document 87
0.025525 0.021389 0.020073 0.025563 0.021948 0.023104 0.026162 0.020904 0.022716 0.726450 0.020957 0.022310 0.022899 
0.008671 0.008966 0.008177 0.008864 0.009395 0.009886 0.008692 0.008414 0.136040 0.008116 0.008755 0.766986 0.009037 
0.081819 0.078434 0.068391 0.066373 0.079188 0.077753 0.087558 0.079726 0.079435 0.076479 0.083310 0.073779 0.067755 
Document 88
0.921768 0.006177 0.005797 0.007383 0.006339 0.006673 0.007556 0.006037 0.006560 0.006602 0.006053 0.006443 0.006613 
0.003628 0.479593 0.003421 0.056580 0.003931 0.004136 0.003637 0.003521 0.004050 0.003396 0.426633 0.003691 0.003781 
0.039724 0.038081 0.033205 0.032225 0.038447 0.037750 0.042511 0.038708 0.038567 0.037132 0.040448 0.550306 0.032896 
Document 89
0.006127 0.005134 0.004818 0.006136 0.005268 0.005546 0.006280 0.933871 0.005453 0.005487 0.005030 0.005355 0.005496 
0.002648 0.002738 0.002497 0.002707 0.002869 0.003019 0.002655 0.041159 0.002956 0.697087 0.002674 0.002694 0.234296 
0.008633 0.902761 0.007216 0.007003 0.008355 0.008204 0.009239 0.008412 0.008382 0.008070 0.008790 0.007785 0.007149 
Document 90
0.086115 0.072160 0.067720 0.086241 0.074048 0.077947 0.088264 0.070523 0.076638 0.077118 0.070705 0.075268 0.077254 
0.009925 0.154900 0.009360 0.010146 0.010754 0.011316 0.733134 0.009631 0.011080 0.009290 0.010021 0.010099 0.010344 
0.081819 0.078434 0.068391 0.066373 0.079188 0.077753 0.087558 0.079726 0.079435 0.076479 0.083310 0.073779 0.067755 
Document 91
0.109993 0.003227 0.003028 0.003856 0.321739 0.003485 0.003947 0.533867 0.003427 0.003448 0.003162 0.003366 0.003454 
0.528537 0.273632 0.016534 0.017923 0.018997 0.019990 0.017576 0.017014 0.019573 0.016411 0.017703 0.017839 0.018273 
0.039724 0.038081 0.033205 0.032225 0.038447 0.037750 0.042511 0.553193 0.038567 0.037132 0.040448 0.035821 0.032896 
Document 92
0.025525 0.724980 0.020073 0.025563 0.021948 0.023104 0.026162 0.020904 0.022716 0.022858 0.020957 0.022310 0.022899 
0.006288 0.006502 0.005929 0.006427 0.281692 0.007169 0.006303 0.006101 0.007019 0.647271 0.006348 0.006397 0.006553 
0.081819 0.078434 0.068391 0.066373 0.079188 0.077753 0.087558 0.079726 0.079435 0.076479 0.083310 0.073779 0.067755 
Document 93
0.018882 0.796552 0.014849 0.018910 0.016236 0.017092 0.019354 0.015464 0.016804 0.016910 0.015503 0.016504 0.016939 
0.008671 0.893490 0.008177 0.008864 0.009395 0.009886 0.008692 0.008414 0.009680 0.008116 0.008755 0.008823 0.009037 
0.081819 0.078434 0.068391 0.066373 0.079188 0.077753 0.087558 0.079726 0.079435 0.076479 0.083310 0.073779 0.067755 
Document 94
0.010604 0.885750 0.008339 0.010619 0.009118 0.009598 0.010868 0.008684 0.009437 0.009496 0.008706 0.009268 0.009513 
0.004601 0.943482 0.004339 0.004703 0.004986 0.005246 0.004612 0.004465 0.005137 0.004307 0.004646 0.004682 0.004795 
0.039724 0.038081 0.033205 0.032225 0.038447 0.037750 0.042511 0.038708 0.553052 0.037132 0.040448 0.035821 0.032896 
Document 95
0.039378 0.032997 0.030967 0.039436 0.576584 0.035643 0.040361 0.032248 0.035045 0.035264 0.032332 0.034418 0.035326 
0.017533 0.018130 0.016534 0.017923 0.018997 0.019990 0.017576 0.783519 0.019573 0.016411 0.017703 0.017839 0.018273 
0.012991 0.012453 0.010859 0.010538 0.012573 0.180591 0.013902 0.685641 0.012612 0.012143 0.013227 0.011714 0.010758 
Document 96
0.210542 0.002108 0.001978 0.002519 0.348873 0.002277 0.418630 0.002060 0.002239 0.002253 0.002065 0.002199 0.002257 
0.038283 0.002542 0.002318 0.109986 0.002664 0.002803 0.002464 0.253157 0.002744 0.002301 0.575674 0.002501 0.002562 
0.009720 0.890520 0.008125 0.007885 0.009407 0.009237 0.010402 0.009471 0.009437 0.009086 0.009897 0.008765 0.008049 
Document 97
0.004580 0.003838 0.003602 0.446434 0.003938 0.004145 0.446542 0.003751 0.004076 0.004101 0.003760 0.004003 0.067230 
0.001859 0.001922 0.001753 0.056080 0.002014 0.056300 0.218584 0.001804 0.002075 0.001740 0.164417 0.218612 0.272838 
0.006465 0.006197 0.005404 0.088970 0.006257 0.341048 0.006918 0.006299 0.006276 0.006043 0.508940 0.005829 0.005353 
Document 98
0.014983 0.012555 0.011783 0.015005 0.012884 0.633069 0.015357 0.012270 0.013334 0.219920 0.012302 0.013096 0.013441 
0.023550 0.024352 0.022208 0.024074 0.025517 0.026850 0.023608 0.022853 0.712663 0.022043 0.023778 0.023961 0.024544 
0.015618 0.217250 0.013055 0.012670 0.015116 0.419398 0.016714 0.015219 0.015163 0.014599 0.015903 0.014083 0.215212 
Document 99
0.006127 0.005134 0.004818 0.090577 0.005268 0.005546 0.850692 0.005017 0.005453 0.005487 0.005030 0.005355 0.005496 
0.009925 0.010263 0.009360 0.010146 0.010754 0.011316 0.877771 0.009631 0.011080 0.009290 0.010021 0.010099 0.010344 
0.587182 0.010660 0.009295 0.009020 0.154778 0.010567 0.155915 0.010835 0.010796 0.010394 0.011322 0.010027 0.009208 
Document 100
0.006127 0.005134 0.004818 0.006136 0.005268 0.005546 0.935133 0.005017 0.005453 0.005487 0.005030 0.005355 0.005496 
0.349792 0.011999 0.010942 0.011861 0.012573 0.013229 0.011632 0.518542 0.012954 0.010861 0.011716 0.011806 0.012093 
0.365939 0.364854 0.021925 0.021278 0.025386 0.024926 0.028069 0.025559 0.025465 0.024518 0.026708 0.023652 0.021721 
Document 101
0.018882 0.015822 0.014849 0.018910 0.016236 0.537578 0.279597 0.015464 0.016804 0.016910 0.015503 0.016504 0.016939 
0.023550 0.024352 0.022208 0.024074 0.025517 0.026850 0.023608 0.022853 0.026290 0.022043 0.023778 0.023961 0.710917 
0.349482 0.012453 0.010859 0.010538 0.012573 0.012345 0.013902 0.012658 0.012612 0.516880 0.013227 0.011714 0.010758 
Document 102
0.377321 0.021389 0.020073 0.025563 0.021948 0.023104 0.026162 0.020904 0.022716 0.374654 0.020957 0.022310 0.022899 
0.830927 0.006502 0.005929 0.006427 0.006813 0.007169 0.006303 0.006101 0.007019 0.005885 0.006348 0.006397 0.098179 
0.009720 0.009318 0.259897 0.007885 0.009407 0.386895 0.010402 0.009471 0.009437 0.260858 0.009897 0.008765 0.008049 
Document 103
0.039378 0.032997 0.573691 0.039436 0.033860 0.035643 0.040361 0.032248 0.035045 0.035264 0.032332 0.034418 0.035326 
0.005314 0.005495 0.005011 0.160304 0.470375 0.238367 0.082763 0.005156 0.005932 0.004974 0.005365 0.005407 0.005538 
0.007055 0.006763 0.005897 0.005723 0.920597 0.006705 0.007550 0.006875 0.006850 0.006595 0.007184 0.006362 0.005843 
Document 104
0.014983 0.012555 0.011783 0.221508 0.219386 0.013562 0.015357 0.012270 0.426339 0.013418 0.012302 0.013096 0.013441 
0.004932 0.005100 0.004651 0.005042 0.005344 0.005623 0.148685 0.004786 0.077376 0.004616 0.004980 0.005018 0.723848 
0.015618 0.014972 0.013055 0.012670 0.015116 0.014842 0.016714 0.824331 0.015163 0.014599 0.015903 0.014083 0.012934 
Document 105
0.005242 0.004392 0.076363 0.005249 0.004507 0.004744 0.005372 0.654461 0.221388 0.004694 0.004304 0.004581 0.004702 
0.508027 0.005100 0.004651 0.005042 0.292827 0.005623 0.148685 0.004786 0.005506 0.004616 0.004980 0.005018 0.005140 
0.039724 0.038081 0.033205 0.032225 0.038447 0.037750 0.042511 0.038708 0.553052 0.037132 0.040448 0.035821 0.032896 
Document 106
0.025525 0.021389 0.020073 0.025563 0.021948 0.023104 0.026162 0.020904 0.022716 0.022858 0.724549 0.022310 0.022899 
0.011603 0.011999 0.010942 0.011861 0.858043 0.013229 0.011632 0.011260 0.012954 0.010861 0.011716 0.011806 0.012093 
0.081819 0.078434 0.068391 0.066373 0.079188 0.077753 0.087558 0.079726 0.079435 0.076479 0.083310 0.073779 0.067755 
Document 107
0.014983 0.012555 0.011783 0.015005 0.012884 0.013562 0.015357 0.838280 0.013334 0.013418 0.012302 0.013096 0.013441 
0.013965 0.014440 0.013169 0.421287 0.015131 0.015922 0.013999 0.420563 0.015590 0.013071 0.014100 0.014209 0.014554 
0.081819 0.078434 0.068391 0.066373 0.079188 0.077753 0.087558 0.079726 0.079435 0.076479 0.083310 0.073779 0.067755 
Document 108
0.006127 0.005134 0.004818 0.428342 0.005268 0.005546 0.006280 0.005017 0.512100 0.005487 0.005030 0.005355 0.005496 
0.013965 0.014440 0.013169 0.014275 0.015131 0.015922 0.013999 0.827574 0.015590 0.013071 0.014100 0.014209 0.014554 
0.081819 0.078434 0.068391 0.066373 0.079188 0.077753 0.087558 0.079726 0.079435 0.076479 0.083310 0.073779 0.067755 
Document 109
