Document 0
0.006330 0.005900 0.005932 0.005798 0.743123 0.005798 0.191104 0.006328 0.006066 0.006089 0.006142 0.005765 0.005624 
0.072914 0.072983 0.077719 0.072393 0.084015 0.089564 0.091614 0.069442 0.080135 0.079237 0.062752 0.077111 0.070121 
0.023902 0.025475 0.024484 0.023001 0.022074 0.025852 0.365262 0.024446 0.024855 0.365674 0.025622 0.026273 0.023080 
Document 1
0.006973 0.006499 0.108081 0.006387 0.006214 0.514118 0.007418 0.006971 0.006682 0.006708 0.311404 0.006351 0.006195 
0.072914 0.072983 0.077719 0.072393 0.084015 0.089564 0.091614 0.069442 0.080135 0.079237 0.062752 0.077111 0.070121 
0.014192 0.015126 0.014537 0.013657 0.216231 0.015350 0.013751 0.014515 0.014758 0.623367 0.015213 0.015600 0.013704 
Document 2
0.008750 0.008155 0.008200 0.008015 0.007798 0.262866 0.009308 0.008747 0.008385 0.008417 0.645616 0.007969 0.007774 
0.014196 0.014209 0.015131 0.215422 0.016357 0.621420 0.017836 0.013520 0.015601 0.015426 0.012217 0.015013 0.013652 
0.004388 0.067479 0.318504 0.004222 0.004052 0.004746 0.004252 0.004488 0.569779 0.004327 0.004704 0.004823 0.004237 
Document 3
0.081002 0.075495 0.075906 0.074196 0.072189 0.074197 0.086170 0.080976 0.077623 0.077920 0.078592 0.073771 0.071963 
0.017774 0.017791 0.018945 0.017647 0.020480 0.021833 0.022332 0.016928 0.019534 0.019315 0.771531 0.018797 0.017093 
0.007830 0.008345 0.008021 0.007535 0.119300 0.008469 0.231724 0.008008 0.568485 0.007722 0.008393 0.008607 0.007561 
Document 4
0.003847 0.003586 0.003605 0.451760 0.003429 0.003524 0.508359 0.003846 0.003687 0.003701 0.003733 0.003504 0.003418 
0.014196 0.014209 0.820442 0.014094 0.016357 0.017437 0.017836 0.013520 0.015601 0.015426 0.012217 0.015013 0.013652 
0.014192 0.015126 0.014537 0.013657 0.013107 0.015350 0.013751 0.014515 0.014758 0.013996 0.015213 0.828095 0.013704 
Document 5
0.007761 0.007233 0.007273 0.007109 0.006917 0.911295 0.008256 0.007759 0.007437 0.007466 0.007530 0.007068 0.006895 
0.011817 0.011828 0.012595 0.011732 0.013616 0.852453 0.014847 0.011254 0.012987 0.012841 0.010170 0.012497 0.011364 
0.107816 0.007504 0.007212 0.006776 0.006503 0.007615 0.006822 0.007201 0.007322 0.813143 0.007548 0.007739 0.006799 
Document 6
0.010028 0.009346 0.009397 0.009185 0.008937 0.739354 0.156701 0.010025 0.009610 0.009646 0.009730 0.009133 0.008909 
0.005892 0.005898 0.006280 0.005850 0.006789 0.007237 0.007403 0.005611 0.173601 0.006403 0.757137 0.006231 0.005666 
0.008818 0.135612 0.009033 0.008486 0.008144 0.009538 0.008544 0.009019 0.514023 0.008696 0.261879 0.009693 0.008515 
Document 7
0.004959 0.004622 0.004647 0.004542 0.004419 0.437826 0.005275 0.004957 0.510250 0.004770 0.004811 0.004516 0.004405 
0.215523 0.014209 0.015131 0.014094 0.016357 0.218765 0.017836 0.013520 0.216929 0.216754 0.012217 0.015013 0.013652 
0.075689 0.080671 0.077530 0.072836 0.069900 0.081862 0.073337 0.077410 0.078706 0.074641 0.081135 0.083196 0.073086 
Document 8
0.037164 0.575840 0.034826 0.034041 0.033120 0.034041 0.039534 0.037152 0.035613 0.035749 0.036058 0.033846 0.033017 
0.008850 0.008859 0.009433 0.008787 0.010198 0.638458 0.262155 0.008429 0.009727 0.009618 0.007617 0.009360 0.008511 
0.006396 0.373014 0.006552 0.006155 0.005907 0.006918 0.006198 0.464287 0.006651 0.006308 0.006857 0.098580 0.006176 
Document 9
0.081002 0.075495 0.075906 0.074196 0.072189 0.074197 0.086170 0.080976 0.077623 0.077920 0.078592 0.073771 0.071963 
0.035846 0.544261 0.038208 0.035589 0.041304 0.044031 0.045039 0.034139 0.039396 0.038954 0.030850 0.037909 0.034473 
0.011796 0.012572 0.180913 0.180182 0.010894 0.012758 0.180260 0.349725 0.012266 0.011633 0.012645 0.012966 0.011390 
Document 10
0.024113 0.022474 0.022596 0.022087 0.372646 0.022087 0.025652 0.024106 0.023107 0.023196 0.023396 0.021961 0.372579 
0.010120 0.010130 0.010787 0.010048 0.011661 0.873631 0.012716 0.009639 0.011123 0.010998 0.008710 0.010703 0.009733 
0.075689 0.080671 0.077530 0.072836 0.069900 0.081862 0.073337 0.077410 0.078706 0.074641 0.081135 0.083196 0.073086 
Document 11
0.003847 0.003586 0.003605 0.003524 0.003429 0.003524 0.004093 0.003846 0.507953 0.003701 0.003733 0.003504 0.451654 
0.004156 0.004160 0.063367 0.004126 0.004788 0.005105 0.299911 0.003958 0.004567 0.534957 0.003577 0.063333 0.003997 
0.003692 0.003935 0.003782 0.003553 0.056255 0.003993 0.003578 0.056622 0.003839 0.426405 0.056803 0.004058 0.373483 
Document 12
0.008750 0.390431 0.008200 0.008015 0.007798 0.008015 0.009308 0.008747 0.008385 0.008417 0.008490 0.517670 0.007774 
0.035846 0.035880 0.546590 0.035589 0.041304 0.044031 0.045039 0.034139 0.039396 0.038954 0.030850 0.037909 0.034473 
0.011796 0.012572 0.687405 0.011351 0.010894 0.181589 0.011429 0.012064 0.012266 0.011633 0.012645 0.012966 0.011390 
Document 13
0.037164 0.034637 0.034826 0.034041 0.033120 0.034041 0.039534 0.037152 0.035613 0.035749 0.036058 0.033846 0.574219 
0.005892 0.005898 0.173406 0.005850 0.006789 0.174363 0.007403 0.005611 0.006475 0.006403 0.005071 0.089794 0.507044 
0.008818 0.009399 0.640099 0.008486 0.008144 0.009538 0.008544 0.261445 0.009170 0.008696 0.009453 0.009693 0.008515 
Document 14
0.086745 0.002684 0.002698 0.002637 0.128364 0.086503 0.003063 0.044811 0.002759 0.631760 0.002794 0.002622 0.002558 
0.010120 0.010130 0.010787 0.010048 0.011661 0.012432 0.012716 0.009639 0.011123 0.010998 0.726376 0.154236 0.009733 
0.160168 0.005762 0.005538 0.159964 0.314516 0.005847 0.314762 0.005529 0.005622 0.005332 0.005795 0.005943 0.005221 
Document 15
0.011743 0.010944 0.011004 0.523775 0.010465 0.352769 0.012492 0.011739 0.011253 0.011296 0.011393 0.010694 0.010432 
0.072914 0.072983 0.077719 0.072393 0.084015 0.089564 0.091614 0.069442 0.080135 0.079237 0.062752 0.077111 0.070121 
0.075689 0.080671 0.077530 0.072836 0.069900 0.081862 0.073337 0.077410 0.078706 0.074641 0.081135 0.083196 0.073086 
Document 16
0.037164 0.034637 0.034826 0.575244 0.033120 0.034041 0.039534 0.037152 0.035613 0.035749 0.036058 0.033846 0.033017 
0.010120 0.010130 0.010787 0.010048 0.011661 0.873631 0.012716 0.009639 0.011123 0.010998 0.008710 0.010703 0.009733 
0.075689 0.080671 0.077530 0.072836 0.069900 0.081862 0.073337 0.077410 0.078706 0.074641 0.081135 0.083196 0.073086 
Document 17
0.010028 0.009346 0.009397 0.009185 0.008937 0.009185 0.010668 0.010025 0.009610 0.885848 0.009730 0.009133 0.008909 
0.005438 0.005443 0.005796 0.005399 0.006266 0.700748 0.006832 0.005179 0.237332 0.005909 0.004680 0.005751 0.005229 
0.017810 0.018982 0.018243 0.017138 0.016448 0.019262 0.781957 0.018214 0.018519 0.017563 0.019091 0.019576 0.017197 
Document 18
0.011743 0.010944 0.011004 0.010756 0.352478 0.010756 0.012492 0.182745 0.011253 0.011296 0.353406 0.010694 0.010432 
0.017774 0.017791 0.018945 0.269725 0.020480 0.021833 0.022332 0.016928 0.019534 0.523471 0.015297 0.018797 0.017093 
0.006396 0.556112 0.006552 0.006155 0.372104 0.006918 0.006198 0.006542 0.006651 0.006308 0.006857 0.007031 0.006176 
Document 19
0.004333 0.004038 0.004060 0.067069 0.003862 0.003969 0.004609 0.004332 0.572057 0.319671 0.004204 0.003946 0.003849 
0.072914 0.072983 0.077719 0.072393 0.084015 0.089564 0.091614 0.069442 0.080135 0.079237 0.062752 0.077111 0.070121 
0.023902 0.025475 0.024484 0.023001 0.022074 0.025852 0.023160 0.024446 0.709059 0.023571 0.025622 0.026273 0.023080 
Document 20
0.007761 0.007233 0.007273 0.007109 0.006917 0.007109 0.008256 0.007759 0.685577 0.007466 0.007530 0.007068 0.232942 
0.008850 0.008859 0.009433 0.008787 0.010198 0.889493 0.011120 0.008429 0.009727 0.009618 0.007617 0.009360 0.008511 
0.036331 0.038723 0.037215 0.034962 0.033553 0.559288 0.035202 0.037157 0.037779 0.035828 0.038945 0.039935 0.035082 
Document 21
0.011743 0.010944 0.011004 0.010756 0.694491 0.010756 0.012492 0.182745 0.011253 0.011296 0.011393 0.010694 0.010432 
0.072914 0.072983 0.077719 0.072393 0.084015 0.089564 0.091614 0.069442 0.080135 0.079237 0.062752 0.077111 0.070121 
0.006396 0.006817 0.006552 0.006155 0.555202 0.006918 0.006198 0.281189 0.006651 0.006308 0.006857 0.098580 0.006176 
Document 22
0.081002 0.075495 0.075906 0.074196 0.072189 0.074197 0.086170 0.080976 0.077623 0.077920 0.078592 0.073771 0.071963 
0.011817 0.011828 0.012595 0.011732 0.013616 0.014515 0.014847 0.011254 0.012987 0.012841 0.848108 0.012497 0.011364 
0.014192 0.218250 0.014537 0.013657 0.013107 0.015350 0.013751 0.217639 0.421006 0.013996 0.015213 0.015600 0.013704 
Document 23
0.003460 0.305526 0.003242 0.003169 0.003083 0.003169 0.154831 0.003459 0.003315 0.003328 0.507193 0.003151 0.003074 
0.072914 0.072983 0.077719 0.072393 0.084015 0.089564 0.091614 0.069442 0.080135 0.079237 0.062752 0.077111 0.070121 
0.036331 0.558716 0.037215 0.034962 0.033553 0.039295 0.035202 0.037157 0.037779 0.035828 0.038945 0.039935 0.035082 
Document 24
0.003294 0.003070 0.242921 0.003017 0.146836 0.003017 0.003504 0.003293 0.530792 0.051135 0.003196 0.003000 0.002926 
0.035846 0.035880 0.546590 0.035589 0.041304 0.044031 0.045039 0.034139 0.039396 0.038954 0.030850 0.037909 0.034473 
0.003048 0.134121 0.352115 0.002933 0.002815 0.003297 0.002953 0.003117 0.003169 0.003006 0.483132 0.003350 0.002943 
Document 25
0.010028 0.009346 0.009397 0.009185 0.008937 0.009185 0.010668 0.010025 0.009610 0.009646 0.885932 0.009133 0.008909 
0.007863 0.007871 0.008381 0.342366 0.455139 0.009659 0.009880 0.007489 0.008642 0.120065 0.006767 0.008316 0.007562 
0.231967 0.232483 0.008021 0.007535 0.007231 0.008469 0.007587 0.008008 0.008142 0.007722 0.456668 0.008607 0.007561 
Document 26
0.017846 0.016633 0.016724 0.016347 0.015905 0.016347 0.018985 0.017841 0.017102 0.017167 0.796995 0.016253 0.015855 
0.035846 0.035880 0.038208 0.035589 0.041304 0.044031 0.045039 0.034139 0.039396 0.038954 0.030850 0.546291 0.034473 
0.005860 0.090116 0.006003 0.005639 0.005412 0.006338 0.005678 0.005993 0.006093 0.005779 0.006282 0.677407 0.173400 
Document 27
0.024113 0.022474 0.022596 0.022087 0.021490 0.022087 0.025652 0.024106 0.725420 0.023196 0.023396 0.021961 0.021423 
0.011817 0.011828 0.012595 0.011732 0.013616 0.014515 0.852786 0.011254 0.012987 0.012841 0.010170 0.012497 0.011364 
0.017810 0.273882 0.018243 0.017138 0.016448 0.019262 0.017256 0.018214 0.018519 0.527364 0.019091 0.019576 0.017197 
Document 28
0.003460 0.003225 0.053626 0.154320 0.003083 0.003169 0.003680 0.003459 0.607918 0.003328 0.154508 0.003151 0.003074 
0.179404 0.011828 0.012595 0.011732 0.013616 0.014515 0.014847 0.011254 0.012987 0.012841 0.680521 0.012497 0.011364 
0.011796 0.012572 0.687405 0.011351 0.010894 0.012758 0.011429 0.012064 0.181097 0.011633 0.012645 0.012966 0.011390 
Document 29
0.002764 0.002576 0.002590 0.002531 0.082953 0.042776 0.002940 0.002763 0.445345 0.002658 0.002681 0.002517 0.404906 
0.008850 0.008859 0.009433 0.259822 0.010198 0.010871 0.513189 0.008429 0.009727 0.009618 0.007617 0.009360 0.134029 
0.014192 0.015126 0.827033 0.013657 0.013107 0.015350 0.013751 0.014515 0.014758 0.013996 0.015213 0.015600 0.013704 
Document 30
0.037164 0.034637 0.034826 0.034041 0.033120 0.034041 0.580737 0.037152 0.035613 0.035749 0.036058 0.033846 0.033017 
0.072914 0.072983 0.077719 0.072393 0.084015 0.089564 0.091614 0.069442 0.080135 0.079237 0.062752 0.077111 0.070121 
0.008818 0.009399 0.009033 0.008486 0.008144 0.009538 0.008544 0.009019 0.892662 0.008696 0.009453 0.009693 0.008515 
Document 31
0.302095 0.009346 0.009397 0.447286 0.008937 0.009185 0.010668 0.010025 0.009610 0.155680 0.009730 0.009133 0.008909 
0.007074 0.007081 0.208202 0.007024 0.008151 0.008690 0.109219 0.006737 0.007775 0.007688 0.006088 0.007482 0.608788 
0.007041 0.309829 0.611862 0.006776 0.006503 0.007615 0.006822 0.007201 0.007322 0.006944 0.007548 0.007739 0.006799 
Document 32
0.002466 0.002298 0.110039 0.002259 0.002198 0.038168 0.002623 0.038375 0.074182 0.002372 0.181940 0.002246 0.540834 
0.005048 0.005053 0.005381 0.649387 0.005817 0.077798 0.006343 0.004808 0.220340 0.005486 0.004345 0.005339 0.004855 
0.075689 0.080671 0.077530 0.072836 0.069900 0.081862 0.073337 0.077410 0.078706 0.074641 0.081135 0.083196 0.073086 
Document 33
0.004076 0.003799 0.003819 0.122444 0.003632 0.003733 0.123046 0.004075 0.122616 0.300697 0.003955 0.003712 0.300397 
0.007863 0.007871 0.008381 0.007807 0.009060 0.678777 0.009880 0.007489 0.231681 0.008545 0.006767 0.008316 0.007562 
0.036331 0.038723 0.557208 0.034962 0.033553 0.039295 0.035202 0.037157 0.037779 0.035828 0.038945 0.039935 0.035082 
Document 34
0.578366 0.034637 0.034826 0.034041 0.033120 0.034041 0.039534 0.037152 0.035613 0.035749 0.036058 0.033846 0.033017 
0.123472 0.002141 0.002280 0.002123 0.002464 0.002627 0.488021 0.002037 0.002351 0.214658 0.001841 0.002262 0.153724 
0.014192 0.015126 0.217661 0.013657 0.013107 0.015350 0.013751 0.014515 0.217882 0.013996 0.015213 0.218724 0.216828 
Document 35
0.005796 0.005402 0.005431 0.680543 0.005165 0.005309 0.006166 0.005794 0.258767 0.005575 0.005623 0.005279 0.005149 
0.004416 0.380195 0.380481 0.004384 0.005088 0.005424 0.005548 0.192093 0.004853 0.004799 0.003801 0.004670 0.004247 
0.119899 0.456620 0.008021 0.007535 0.007231 0.008469 0.007587 0.120077 0.008142 0.119790 0.120462 0.008607 0.007561 
Document 36
0.740196 0.009346 0.009397 0.009185 0.008937 0.009185 0.010668 0.010025 0.155643 0.009646 0.009730 0.009133 0.008909 
0.072914 0.072983 0.077719 0.072393 0.084015 0.089564 0.091614 0.069442 0.080135 0.079237 0.062752 0.077111 0.070121 
0.075689 0.080671 0.077530 0.072836 0.069900 0.081862 0.073337 0.077410 0.078706 0.074641 0.081135 0.083196 0.073086 
Document 37
0.726426 0.022474 0.022596 0.022087 0.021490 0.022087 0.025652 0.024106 0.023107 0.023196 0.023396 0.021961 0.021423 
0.072914 0.072983 0.077719 0.072393 0.084015 0.089564 0.091614 0.069442 0.080135 0.079237 0.062752 0.077111 0.070121 
0.004388 0.193082 0.130098 0.004222 0.004052 0.004746 0.004252 0.004488 0.004563 0.004327 0.381515 0.004823 0.255444 
Document 38
0.037164 0.034637 0.034826 0.575244 0.033120 0.034041 0.039534 0.037152 0.035613 0.035749 0.036058 0.033846 0.033017 
0.017774 0.017791 0.018945 0.017647 0.020480 0.778067 0.022332 0.016928 0.019534 0.019315 0.015297 0.018797 0.017093 
0.004682 0.407051 0.272837 0.004505 0.004324 0.005064 0.138557 0.071799 0.004869 0.004617 0.072029 0.005146 0.004521 
Document 39
0.011743 0.010944 0.011004 0.010756 0.010465 0.010756 0.012492 0.011739 0.524272 0.011296 0.011393 0.010694 0.352445 
0.004156 0.004160 0.416994 0.298815 0.004788 0.005105 0.240973 0.003958 0.004567 0.004516 0.003577 0.004395 0.003997 
0.017810 0.018982 0.018243 0.017138 0.016448 0.019262 0.781957 0.018214 0.018519 0.017563 0.019091 0.019576 0.017197 
Document 40
0.017846 0.016633 0.016724 0.016347 0.015905 0.016347 0.018985 0.017841 0.796781 0.017167 0.017316 0.016253 0.015855 
0.002715 0.002718 0.002894 0.002696 0.041639 0.349929 0.003412 0.002586 0.002984 0.002951 0.002337 0.503507 0.079632 
0.075689 0.080671 0.077530 0.072836 0.069900 0.081862 0.073337 0.077410 0.078706 0.074641 0.081135 0.083196 0.073086 
Document 41
0.098515 0.005900 0.835598 0.005798 0.005641 0.005798 0.006734 0.006328 0.006066 0.006089 0.006142 0.005765 0.005624 
0.004711 0.004715 0.071835 0.271931 0.005428 0.005787 0.607241 0.004487 0.005178 0.005120 0.004054 0.004982 0.004531 
0.017810 0.018982 0.018243 0.526939 0.016448 0.019262 0.017256 0.018214 0.018519 0.017563 0.019091 0.019576 0.272097 
Document 42
0.004333 0.004038 0.571965 0.003969 0.003862 0.003969 0.004609 0.067432 0.004152 0.004168 0.004204 0.003946 0.319352 
0.072914 0.072983 0.077719 0.072393 0.084015 0.089564 0.091614 0.069442 0.080135 0.079237 0.062752 0.077111 0.070121 
0.036331 0.038723 0.037215 0.034962 0.033553 0.039295 0.035202 0.557150 0.037779 0.035828 0.038945 0.039935 0.035082 
Document 43
0.008750 0.008155 0.008200 0.008015 0.007798 0.008015 0.009308 0.518448 0.008385 0.008417 0.008490 0.007969 0.390050 
0.010120 0.010130 0.010787 0.010048 0.011661 0.155965 0.156249 0.583772 0.011123 0.010998 0.008710 0.010703 0.009733 
0.007041 0.007504 0.007212 0.611425 0.308827 0.007615 0.006822 0.007201 0.007322 0.006944 0.007548 0.007739 0.006799 
Document 44
0.024113 0.022474 0.022596 0.022087 0.021490 0.373244 0.025652 0.024106 0.023107 0.023196 0.023396 0.021961 0.372579 
0.017774 0.017791 0.018945 0.017647 0.272558 0.273911 0.022332 0.269006 0.019534 0.019315 0.015297 0.018797 0.017093 
0.023902 0.025475 0.366586 0.023001 0.022074 0.367954 0.023160 0.024446 0.024855 0.023571 0.025622 0.026273 0.023080 
Document 45
0.004959 0.004622 0.510145 0.148970 0.076633 0.004542 0.005275 0.004957 0.004752 0.004770 0.004811 0.221158 0.004405 
0.005048 0.005053 0.005381 0.005012 0.005817 0.006201 0.722315 0.219600 0.005548 0.005486 0.004345 0.005339 0.004855 
0.017810 0.018982 0.018243 0.017138 0.016448 0.019262 0.017256 0.018214 0.783220 0.017563 0.019091 0.019576 0.017197 
Document 46
0.024113 0.022474 0.022596 0.022087 0.021490 0.022087 0.376808 0.024106 0.023107 0.023196 0.023396 0.021961 0.372579 
0.035846 0.035880 0.038208 0.035589 0.041304 0.044031 0.045039 0.034139 0.039396 0.038954 0.030850 0.546291 0.034473 
0.007830 0.008345 0.008021 0.119604 0.007231 0.008469 0.007587 0.792489 0.008142 0.007722 0.008393 0.008607 0.007561 
Document 47
0.008750 0.008155 0.008200 0.008015 0.007798 0.645141 0.009308 0.008747 0.263236 0.008417 0.008490 0.007969 0.007774 
0.014196 0.014209 0.015131 0.014094 0.016357 0.822748 0.017836 0.013520 0.015601 0.015426 0.012217 0.015013 0.013652 
0.075689 0.080671 0.077530 0.072836 0.069900 0.081862 0.073337 0.077410 0.078706 0.074641 0.081135 0.083196 0.073086 
Document 48
0.017846 0.796312 0.016724 0.016347 0.015905 0.016347 0.018985 0.017841 0.017102 0.017167 0.017316 0.016253 0.015855 
0.269852 0.017791 0.018945 0.017647 0.020480 0.525989 0.022332 0.016928 0.019534 0.019315 0.015297 0.018797 0.017093 
0.003692 0.426699 0.003782 0.003553 0.056255 0.003993 0.003578 0.003776 0.003839 0.426405 0.003958 0.056904 0.003565 
Document 49
0.195161 0.003070 0.003087 0.003017 0.338703 0.003017 0.003504 0.003293 0.434858 0.003168 0.003196 0.003000 0.002926 
0.003717 0.003721 0.056686 0.003691 0.004283 0.426351 0.479179 0.003540 0.004086 0.004040 0.003199 0.003931 0.003575 
0.005407 0.005762 0.315061 0.005203 0.237135 0.237990 0.005239 0.160291 0.005622 0.005332 0.005795 0.005943 0.005221 
Document 50
0.008750 0.008155 0.008200 0.008015 0.007798 0.008015 0.009308 0.008747 0.900362 0.008417 0.008490 0.007969 0.007774 
0.072914 0.072983 0.077719 0.072393 0.084015 0.089564 0.091614 0.069442 0.080135 0.079237 0.062752 0.077111 0.070121 
0.023902 0.025475 0.024484 0.023001 0.022074 0.025852 0.023160 0.024446 0.024855 0.707776 0.025622 0.026273 0.023080 
Document 51
0.008750 0.135580 0.008200 0.008015 0.007798 0.008015 0.009308 0.008747 0.772937 0.008417 0.008490 0.007969 0.007774 
0.072914 0.072983 0.077719 0.072393 0.084015 0.089564 0.091614 0.069442 0.080135 0.079237 0.062752 0.077111 0.070121 
0.075689 0.080671 0.077530 0.072836 0.069900 0.081862 0.073337 0.077410 0.078706 0.074641 0.081135 0.083196 0.073086 
Document 52
0.017846 0.016633 0.016724 0.016347 0.795584 0.016347 0.018985 0.017841 0.017102 0.017167 0.017316 0.016253 0.015855 
0.072914 0.072983 0.077719 0.072393 0.084015 0.089564 0.091614 0.069442 0.080135 0.079237 0.062752 0.077111 0.070121 
0.017810 0.018982 0.018243 0.017138 0.016448 0.274162 0.017256 0.018214 0.528320 0.017563 0.019091 0.019576 0.017197 
Document 53
0.004333 0.004038 0.193362 0.508773 0.003862 0.003969 0.004609 0.004332 0.256554 0.004168 0.004204 0.003946 0.003849 
0.072914 0.072983 0.077719 0.072393 0.084015 0.089564 0.091614 0.069442 0.080135 0.079237 0.062752 0.077111 0.070121 
0.007041 0.007504 0.007212 0.006776 0.006503 0.511490 0.006822 0.007201 0.007322 0.006944 0.007548 0.007739 0.409899 
Document 54
0.004959 0.004622 0.004647 0.004542 0.004419 0.004542 0.727415 0.004957 0.149180 0.004770 0.004811 0.004516 0.076619 
0.023764 0.023787 0.025330 0.023594 0.027383 0.703267 0.029859 0.022633 0.026118 0.025825 0.020453 0.025132 0.022854 
0.023902 0.025475 0.024484 0.365104 0.022074 0.025852 0.023160 0.024446 0.366957 0.023571 0.025622 0.026273 0.023080 
Document 55
0.007761 0.007233 0.120296 0.572225 0.006917 0.007109 0.234303 0.007759 0.007437 0.007466 0.007530 0.007068 0.006895 
0.003717 0.003721 0.109409 0.003691 0.004283 0.004566 0.584625 0.003540 0.267701 0.004040 0.003199 0.003931 0.003575 
0.002502 0.002667 0.002563 0.002408 0.181374 0.038519 0.002424 0.002559 0.002602 0.002468 0.754748 0.002750 0.002416 
Document 56
0.003294 0.003070 0.003087 0.003017 0.002935 0.003017 0.003504 0.003293 0.242991 0.003168 0.003196 0.003000 0.722429 
0.697840 0.023787 0.025330 0.023594 0.027383 0.029191 0.029859 0.022633 0.026118 0.025825 0.020453 0.025132 0.022854 
0.008818 0.009399 0.009033 0.008486 0.008144 0.009538 0.260971 0.135232 0.514023 0.008696 0.009453 0.009693 0.008515 
Document 57
0.003460 0.003225 0.003242 0.003169 0.003083 0.607772 0.356366 0.003459 0.003315 0.003328 0.003357 0.003151 0.003074 
0.004156 0.004160 0.004430 0.122002 0.004788 0.122980 0.653538 0.003958 0.004567 0.063454 0.003577 0.004395 0.003997 
0.004388 0.004677 0.004495 0.004222 0.318061 0.004746 0.318261 0.004488 0.004563 0.004327 0.318713 0.004823 0.004237 
Document 58
0.004076 0.003799 0.003819 0.003733 0.003632 0.003733 0.775953 0.004075 0.003906 0.003921 0.003955 0.003712 0.181686 
0.006429 0.006435 0.553947 0.097566 0.007408 0.007897 0.008078 0.006123 0.280613 0.006987 0.005533 0.006799 0.006183 
0.007041 0.007504 0.007212 0.006776 0.107277 0.007615 0.006822 0.007201 0.108097 0.006944 0.007548 0.310064 0.409899 
Document 59
0.003643 0.003396 0.003414 0.003337 0.003247 0.799189 0.003876 0.003642 0.003491 0.003505 0.162705 0.003318 0.003237 
0.002434 0.002436 0.002595 0.002417 0.002805 0.072034 0.555411 0.002318 0.002675 0.002645 0.002095 0.347794 0.002341 
0.010092 0.010756 0.010338 0.009712 0.009320 0.010915 0.009779 0.299209 0.154938 0.009952 0.010818 0.011093 0.443077 
Document 60
0.136175 0.772707 0.008200 0.008015 0.007798 0.008015 0.009308 0.008747 0.008385 0.008417 0.008490 0.007969 0.007774 
0.014196 0.014209 0.015131 0.416750 0.016357 0.017437 0.017836 0.013520 0.015601 0.015426 0.414873 0.015013 0.013652 
0.036331 0.038723 0.037215 0.034962 0.033553 0.559288 0.035202 0.037157 0.037779 0.035828 0.038945 0.039935 0.035082 
Document 61
0.081002 0.075495 0.075906 0.074196 0.072189 0.074197 0.086170 0.080976 0.077623 0.077920 0.078592 0.073771 0.071963 
0.004416 0.004420 0.004707 0.004384 0.005088 0.506457 0.005548 0.004206 0.004853 0.443202 0.003801 0.004670 0.004247 
0.010092 0.010756 0.010338 0.009712 0.009320 0.010915 0.009779 0.010322 0.154938 0.009952 0.010818 0.011093 0.731965 
Document 62
0.007761 0.007233 0.007273 0.007109 0.006917 0.007109 0.912442 0.007759 0.007437 0.007466 0.007530 0.007068 0.006895 
0.005438 0.005443 0.005796 0.468111 0.006266 0.160917 0.006832 0.005179 0.005976 0.005909 0.004680 0.005751 0.313704 
0.063219 0.004400 0.004229 0.003973 0.003813 0.004465 0.004000 0.004222 0.063384 0.004071 0.831697 0.004538 0.003987 
Document 63
0.006330 0.005900 0.927783 0.005798 0.005641 0.005798 0.006734 0.006328 0.006066 0.006089 0.006142 0.005765 0.005624 
0.003363 0.003366 0.003584 0.146421 0.003875 0.147213 0.671940 0.003203 0.003696 0.003654 0.002894 0.003556 0.003234 
0.023902 0.025475 0.024484 0.365104 0.022074 0.025852 0.023160 0.024446 0.024855 0.365674 0.025622 0.026273 0.023080 
Document 64
0.008750 0.390431 0.263050 0.008015 0.007798 0.135440 0.009308 0.136173 0.008385 0.008417 0.008490 0.007969 0.007774 
0.007863 0.007871 0.008381 0.007807 0.009060 0.901816 0.009880 0.007489 0.008642 0.008545 0.006767 0.008316 0.007562 
0.075689 0.080671 0.077530 0.072836 0.069900 0.081862 0.073337 0.077410 0.078706 0.074641 0.081135 0.083196 0.073086 
Document 65
0.005796 0.005402 0.005431 0.258522 0.005165 0.258522 0.006166 0.005794 0.427576 0.005575 0.005623 0.005279 0.005149 
0.002715 0.041228 0.002894 0.002696 0.003129 0.080356 0.465536 0.002586 0.272557 0.002951 0.079358 0.041382 0.002611 
0.005860 0.006246 0.006003 0.005639 0.340895 0.006338 0.005678 0.005993 0.006093 0.005779 0.593377 0.006441 0.005658 
Document 66
0.010028 0.009346 0.009397 0.009185 0.008937 0.009185 0.886870 0.010025 0.009610 0.009646 0.009730 0.009133 0.008909 
0.023764 0.023787 0.362368 0.023594 0.364421 0.029191 0.029859 0.022633 0.026118 0.025825 0.020453 0.025132 0.022854 
0.011796 0.181403 0.012083 0.180182 0.010894 0.181589 0.011429 0.012064 0.012266 0.349294 0.012645 0.012966 0.011390 
Document 67
0.024113 0.022474 0.373753 0.022087 0.021490 0.022087 0.025652 0.024106 0.023107 0.023196 0.023396 0.021961 0.372579 
0.004416 0.004420 0.004707 0.004384 0.005088 0.255941 0.694468 0.004206 0.004853 0.004799 0.003801 0.004670 0.004247 
0.010092 0.010756 0.010338 0.009712 0.009320 0.010915 0.009779 0.010322 0.732714 0.009952 0.010818 0.011093 0.154189 
Document 68
0.014165 0.013202 0.013274 0.012975 0.012624 0.838102 0.015069 0.014161 0.013574 0.013626 0.013744 0.012901 0.012584 
0.006429 0.006435 0.006853 0.006383 0.007408 0.463810 0.463990 0.006123 0.007066 0.006987 0.005533 0.006799 0.006183 
0.075689 0.080671 0.077530 0.072836 0.069900 0.081862 0.073337 0.077410 0.078706 0.074641 0.081135 0.083196 0.073086 
Document 69
0.014165 0.013202 0.013274 0.012975 0.012624 0.012975 0.015069 0.220442 0.013574 0.013626 0.632589 0.012901 0.012584 
0.001120 0.001121 0.001194 0.001112 0.001290 0.112545 0.477847 0.064592 0.160044 0.096505 0.000964 0.064710 0.016958 
0.010092 0.010756 0.010338 0.009712 0.153764 0.010915 0.009779 0.010322 0.010494 0.009952 0.733038 0.011093 0.009745 
Document 70
0.003005 0.352945 0.002816 0.002753 0.177751 0.002753 0.003197 0.003005 0.002880 0.046659 0.002916 0.002737 0.396582 
0.001238 0.001239 0.001319 0.001229 0.036534 0.071736 0.721270 0.018733 0.036468 0.001345 0.001065 0.001309 0.106514 
0.003187 0.003397 0.003265 0.003067 0.002943 0.003447 0.048702 0.140101 0.094542 0.276827 0.413942 0.003503 0.003077 
Document 71
0.081002 0.075495 0.075906 0.074196 0.072189 0.074197 0.086170 0.080976 0.077623 0.077920 0.078592 0.073771 0.071963 
0.727787 0.010130 0.010787 0.010048 0.011661 0.012432 0.012716 0.009639 0.011123 0.010998 0.008710 0.154236 0.009733 
0.036331 0.038723 0.037215 0.034962 0.033553 0.039295 0.035202 0.037157 0.037779 0.035828 0.558938 0.039935 0.035082 
Document 72
0.011743 0.010944 0.011004 0.010756 0.010465 0.865788 0.012492 0.011739 0.011253 0.011296 0.011393 0.010694 0.010432 
0.035846 0.544261 0.038208 0.035589 0.041304 0.044031 0.045039 0.034139 0.039396 0.038954 0.030850 0.037909 0.034473 
0.017810 0.018982 0.273143 0.017138 0.016448 0.019262 0.017256 0.018214 0.018519 0.527364 0.019091 0.019576 0.017197 
Document 73
0.017846 0.016633 0.016724 0.016347 0.015905 0.016347 0.018985 0.017841 0.017102 0.017167 0.796995 0.016253 0.015855 
0.017774 0.017791 0.018945 0.017647 0.020480 0.778067 0.022332 0.016928 0.019534 0.019315 0.015297 0.018797 0.017093 
0.011796 0.012572 0.012083 0.011351 0.010894 0.688080 0.011429 0.012064 0.012266 0.011633 0.181475 0.012966 0.011390 
Document 74
0.010028 0.009346 0.009397 0.009185 0.008937 0.009185 0.886870 0.010025 0.009610 0.009646 0.009730 0.009133 0.008909 
0.003924 0.003928 0.004183 0.003896 0.004522 0.004821 0.617164 0.003738 0.004313 0.004265 0.003377 0.004150 0.337719 
0.004682 0.004990 0.004796 0.473577 0.004324 0.005064 0.004536 0.004788 0.004869 0.004617 0.005019 0.005146 0.473592 
Document 75
0.037164 0.034637 0.576029 0.034041 0.033120 0.034041 0.039534 0.037152 0.035613 0.035749 0.036058 0.033846 0.033017 
0.003924 0.003928 0.004183 0.003896 0.004522 0.004821 0.617164 0.003738 0.004313 0.004265 0.003377 0.004150 0.337719 
0.003507 0.003738 0.003592 0.354726 0.003239 0.003793 0.003398 0.003587 0.003647 0.003458 0.003759 0.003855 0.605702 
Document 76
0.011743 0.010944 0.011004 0.010756 0.010465 0.010756 0.012492 0.011739 0.011253 0.866328 0.011393 0.010694 0.010432 
0.005892 0.005898 0.006280 0.590791 0.006789 0.341489 0.007403 0.005611 0.006475 0.006403 0.005071 0.006231 0.005666 
0.075689 0.080671 0.077530 0.072836 0.069900 0.081862 0.073337 0.077410 0.078706 0.074641 0.081135 0.083196 0.073086 
Document 77
0.002764 0.002576 0.002590 0.002531 0.082953 0.002531 0.002940 0.002763 0.566080 0.002658 0.324642 0.002517 0.002455 
0.014196 0.014209 0.015131 0.014094 0.016357 0.218765 0.621819 0.013520 0.015601 0.015426 0.012217 0.015013 0.013652 
0.075689 0.080671 0.077530 0.072836 0.069900 0.081862 0.073337 0.077410 0.078706 0.074641 0.081135 0.083196 0.073086 
Document 78
0.005796 0.005402 0.089836 0.005309 0.595995 0.005309 0.174974 0.005794 0.005554 0.005575 0.005623 0.089683 0.005149 
0.010120 0.010130 0.297854 0.584181 0.011661 0.012432 0.012716 0.009639 0.011123 0.010998 0.008710 0.010703 0.009733 
0.075689 0.080671 0.077530 0.072836 0.069900 0.081862 0.073337 0.077410 0.078706 0.074641 0.081135 0.083196 0.073086 
Document 79
0.006973 0.006499 0.006534 0.006387 0.006214 0.006387 0.007418 0.006971 0.311321 0.006708 0.006766 0.615628 0.006195 
0.035846 0.035880 0.038208 0.035589 0.041304 0.044031 0.045039 0.034139 0.039396 0.038954 0.030850 0.546291 0.034473 
0.023902 0.025475 0.024484 0.023001 0.022074 0.025852 0.023160 0.024446 0.024855 0.707776 0.025622 0.026273 0.023080 
Document 80
0.003005 0.002801 0.002816 0.002753 0.396591 0.134057 0.003197 0.003005 0.002880 0.002891 0.440596 0.002737 0.002670 
0.003531 0.003535 0.003764 0.504332 0.004069 0.004338 0.004437 0.203693 0.254294 0.003838 0.003039 0.003735 0.003396 
0.017810 0.018982 0.018243 0.017138 0.016448 0.019262 0.017256 0.018214 0.018519 0.782264 0.019091 0.019576 0.017197 
Document 81
0.596626 0.005402 0.343049 0.005309 0.005165 0.005309 0.006166 0.005794 0.005554 0.005575 0.005623 0.005279 0.005149 
0.072914 0.072983 0.077719 0.072393 0.084015 0.089564 0.091614 0.069442 0.080135 0.079237 0.062752 0.077111 0.070121 
0.075689 0.080671 0.077530 0.072836 0.069900 0.081862 0.073337 0.077410 0.078706 0.074641 0.081135 0.083196 0.073086 
Document 82
0.011743 0.010944 0.011004 0.010756 0.010465 0.010756 0.183498 0.011739 0.353266 0.011296 0.353406 0.010694 0.010432 
0.072914 0.072983 0.077719 0.072393 0.084015 0.089564 0.091614 0.069442 0.080135 0.079237 0.062752 0.077111 0.070121 
0.011796 0.012572 0.012083 0.180182 0.010894 0.012758 0.011429 0.012064 0.012266 0.686954 0.012645 0.012966 0.011390 
Document 83
0.003294 0.003070 0.003087 0.003017 0.002935 0.578619 0.003504 0.099226 0.003156 0.003168 0.290997 0.003000 0.002926 
0.023764 0.023787 0.025330 0.023594 0.701458 0.029191 0.029859 0.022633 0.026118 0.025825 0.020453 0.025132 0.022854 
0.017810 0.018982 0.018243 0.526939 0.016448 0.019262 0.017256 0.018214 0.018519 0.017563 0.273991 0.019576 0.017197 
Document 84
0.010028 0.009346 0.009397 0.009185 0.739105 0.155219 0.010668 0.010025 0.009610 0.009646 0.009730 0.009133 0.008909 
0.017774 0.017791 0.018945 0.017647 0.272558 0.021833 0.022332 0.016928 0.019534 0.019315 0.015297 0.522953 0.017093 
0.008818 0.009399 0.009033 0.134699 0.008144 0.009538 0.008544 0.009019 0.009170 0.513549 0.009453 0.009693 0.260941 
Document 85
0.005345 0.004981 0.005009 0.082730 0.393937 0.004896 0.005686 0.005343 0.005122 0.082976 0.160855 0.004868 0.238253 
0.072914 0.072983 0.077719 0.072393 0.084015 0.089564 0.091614 0.069442 0.080135 0.079237 0.062752 0.077111 0.070121 
0.017810 0.018982 0.018243 0.017138 0.781148 0.019262 0.017256 0.018214 0.018519 0.017563 0.019091 0.019576 0.017197 
Document 86
0.002764 0.002576 0.002590 0.042776 0.082953 0.646453 0.002940 0.002763 0.002648 0.002658 0.203907 0.002517 0.002455 
0.023764 0.023787 0.025330 0.023594 0.027383 0.029191 0.029859 0.022633 0.363156 0.362863 0.020453 0.025132 0.022854 
0.014192 0.015126 0.014537 0.013657 0.013107 0.015350 0.013751 0.014515 0.827253 0.013996 0.015213 0.015600 0.013704 
Document 87
0.037164 0.034637 0.034826 0.034041 0.033120 0.034041 0.039534 0.578355 0.035613 0.035749 0.036058 0.033846 0.033017 
0.774008 0.017791 0.018945 0.017647 0.020480 0.021833 0.022332 0.016928 0.019534 0.019315 0.015297 0.018797 0.017093 
0.011796 0.012572 0.012083 0.011351 0.010894 0.012758 0.011429 0.012064 0.856418 0.011633 0.012645 0.012966 0.011390 
Document 88
0.008750 0.008155 0.645326 0.135440 0.007798 0.008015 0.009308 0.008747 0.008385 0.135842 0.008490 0.007969 0.007774 
0.006429 0.006435 0.006853 0.006383 0.007408 0.007897 0.919902 0.006123 0.007066 0.006987 0.005533 0.006799 0.006183 
0.005860 0.006246 0.173744 0.005639 0.005412 0.425692 0.005678 0.005993 0.006093 0.173520 0.006282 0.006441 0.173400 
Document 89
0.002380 0.002219 0.002231 0.002180 0.175445 0.002180 0.002532 0.002380 0.140940 0.002290 0.002310 0.002168 0.660745 
0.004156 0.004160 0.004430 0.004126 0.004788 0.005105 0.712476 0.180771 0.063505 0.004516 0.003577 0.004395 0.003997 
0.075689 0.080671 0.077530 0.072836 0.069900 0.081862 0.073337 0.077410 0.078706 0.074641 0.081135 0.083196 0.073086 
Document 90
0.277740 0.016633 0.016724 0.016347 0.275798 0.016347 0.018985 0.017841 0.017102 0.017167 0.277209 0.016253 0.015855 
0.017774 0.017791 0.018945 0.017647 0.020480 0.021833 0.022332 0.016928 0.775768 0.019315 0.015297 0.018797 0.017093 
0.075689 0.080671 0.077530 0.072836 0.069900 0.081862 0.073337 0.077410 0.078706 0.074641 0.081135 0.083196 0.073086 
Document 91
0.003847 0.003586 0.339783 0.003524 0.059458 0.003524 0.452329 0.115905 0.003687 0.003701 0.003733 0.003504 0.003418 
0.017774 0.017791 0.018945 0.017647 0.020480 0.021833 0.022332 0.016928 0.019534 0.019315 0.015297 0.775031 0.017093 
0.023902 0.025475 0.024484 0.023001 0.022074 0.025852 0.707364 0.024446 0.024855 0.023571 0.025622 0.026273 0.023080 
Document 92
0.014165 0.013202 0.013274 0.012975 0.012624 0.012975 0.221351 0.426724 0.219856 0.013626 0.013744 0.012901 0.012584 
0.011817 0.011828 0.012595 0.011732 0.013616 0.014515 0.517610 0.011254 0.348162 0.012841 0.010170 0.012497 0.011364 
0.017810 0.528782 0.018243 0.017138 0.016448 0.274162 0.017256 0.018214 0.018519 0.017563 0.019091 0.019576 0.017197 
Document 93
0.010028 0.009346 0.739565 0.009185 0.008937 0.009185 0.010668 0.156058 0.009610 0.009646 0.009730 0.009133 0.008909 
0.072914 0.072983 0.077719 0.072393 0.084015 0.089564 0.091614 0.069442 0.080135 0.079237 0.062752 0.077111 0.070121 
0.014192 0.015126 0.014537 0.013657 0.013107 0.015350 0.013751 0.827010 0.014758 0.013996 0.015213 0.015600 0.013704 
Document 94
0.302095 0.009346 0.009397 0.009185 0.447038 0.009185 0.010668 0.010025 0.009610 0.155680 0.009730 0.009133 0.008909 
0.005892 0.005898 0.006280 0.005850 0.006789 0.759304 0.174529 0.005611 0.006475 0.006403 0.005071 0.006231 0.005666 
0.014192 0.015126 0.014537 0.013657 0.013107 0.015350 0.013751 0.014515 0.014758 0.013996 0.827709 0.015600 0.013704 
Document 95
0.014165 0.013202 0.013274 0.012975 0.012624 0.012975 0.015069 0.014161 0.013574 0.013626 0.013744 0.012901 0.837712 
0.017774 0.017791 0.018945 0.773881 0.020480 0.021833 0.022332 0.016928 0.019534 0.019315 0.015297 0.018797 0.017093 
0.023902 0.025475 0.024484 0.023001 0.022074 0.025852 0.023160 0.024446 0.024855 0.023571 0.709826 0.026273 0.023080 
Document 96
0.003005 0.002801 0.002816 0.002753 0.133983 0.046521 0.003197 0.003005 0.002880 0.002891 0.046684 0.002737 0.746726 
0.003363 0.003366 0.337442 0.003339 0.194651 0.004131 0.385777 0.003203 0.003696 0.003654 0.002894 0.051250 0.003234 
0.003339 0.003559 0.576949 0.003213 0.003084 0.003612 0.003236 0.003415 0.099061 0.003293 0.051374 0.003670 0.242195 
Document 97
0.003143 0.002929 0.002945 0.460592 0.002801 0.185964 0.003344 0.003142 0.186097 0.003023 0.140364 0.002862 0.002792 
0.008850 0.008859 0.009433 0.134304 0.010198 0.010871 0.136637 0.008429 0.009727 0.009618 0.635204 0.009360 0.008511 
0.202441 0.002132 0.002049 0.001925 0.001848 0.145336 0.001938 0.002046 0.345692 0.231048 0.059413 0.002199 0.001932 
Document 98
0.014165 0.013202 0.013274 0.012975 0.012624 0.631821 0.221351 0.014161 0.013574 0.013626 0.013744 0.012901 0.012584 
0.072914 0.072983 0.077719 0.072393 0.084015 0.089564 0.091614 0.069442 0.080135 0.079237 0.062752 0.077111 0.070121 
0.298980 0.010756 0.299225 0.009712 0.298208 0.010915 0.009779 0.010322 0.010494 0.009952 0.010818 0.011093 0.009745 
Document 99
0.006330 0.005900 0.005932 0.005798 0.005641 0.005798 0.652030 0.006328 0.006066 0.006089 0.282697 0.005765 0.005624 
0.005892 0.005898 0.006280 0.005850 0.006789 0.257926 0.508781 0.005611 0.006475 0.006403 0.005071 0.006231 0.172792 
0.023902 0.025475 0.024484 0.023001 0.022074 0.025852 0.023160 0.024446 0.024855 0.023571 0.709826 0.026273 0.023080 
Document 100
0.006330 0.005900 0.005932 0.005798 0.005641 0.005798 0.928585 0.006328 0.006066 0.006089 0.006142 0.005765 0.005624 
0.072914 0.072983 0.077719 0.072393 0.084015 0.089564 0.091614 0.069442 0.080135 0.079237 0.062752 0.077111 0.070121 
0.007830 0.008345 0.344227 0.007535 0.007231 0.008469 0.007587 0.008008 0.008142 0.007722 0.344599 0.008607 0.231698 
Document 101
0.011743 0.010944 0.011004 0.010756 0.010465 0.181763 0.012492 0.011739 0.011253 0.011296 0.011393 0.010694 0.694458 
0.011817 0.011828 0.012595 0.011732 0.013616 0.014515 0.517610 0.011254 0.348162 0.012841 0.010170 0.012497 0.011364 
0.075689 0.080671 0.077530 0.072836 0.069900 0.081862 0.073337 0.077410 0.078706 0.074641 0.081135 0.083196 0.073086 
Document 102
0.004959 0.293478 0.004647 0.004542 0.004419 0.510040 0.149703 0.004957 0.004752 0.004770 0.004811 0.004516 0.004405 
0.023764 0.023787 0.025330 0.023594 0.364421 0.029191 0.029859 0.359671 0.026118 0.025825 0.020453 0.025132 0.022854 
0.014192 0.015126 0.014537 0.013657 0.013107 0.015350 0.013751 0.014515 0.217882 0.623367 0.015213 0.015600 0.013704 
Document 103
0.037164 0.034637 0.576029 0.034041 0.033120 0.034041 0.039534 0.037152 0.035613 0.035749 0.036058 0.033846 0.033017 
0.017774 0.774025 0.018945 0.017647 0.020480 0.021833 0.022332 0.016928 0.019534 0.019315 0.015297 0.018797 0.017093 
0.003507 0.003738 0.856873 0.053568 0.003239 0.003793 0.003398 0.003587 0.003647 0.003458 0.003759 0.054048 0.003386 
Document 104
0.006973 0.006499 0.209627 0.006387 0.006214 0.615664 0.007418 0.006971 0.006682 0.108254 0.006766 0.006351 0.006195 
0.007863 0.007871 0.008381 0.007807 0.009060 0.009659 0.009880 0.007489 0.900800 0.008545 0.006767 0.008316 0.007562 
0.014192 0.624498 0.014537 0.013657 0.013107 0.015350 0.013751 0.014515 0.014758 0.013996 0.015213 0.218724 0.013704 
Document 105
0.004959 0.149050 0.004647 0.510040 0.004419 0.004542 0.005275 0.004957 0.004752 0.004770 0.004811 0.293372 0.004405 
0.035846 0.035880 0.546590 0.035589 0.041304 0.044031 0.045039 0.034139 0.039396 0.038954 0.030850 0.037909 0.034473 
0.005018 0.005348 0.507902 0.004829 0.004634 0.005427 0.004862 0.005132 0.436157 0.004949 0.005379 0.005516 0.004846 
Document 106
0.136175 0.008155 0.008200 0.262865 0.007798 0.390291 0.009308 0.008747 0.008385 0.008417 0.135915 0.007969 0.007774 
0.072914 0.072983 0.077719 0.072393 0.084015 0.089564 0.091614 0.069442 0.080135 0.079237 0.062752 0.077111 0.070121 
0.075689 0.080671 0.077530 0.072836 0.069900 0.081862 0.073337 0.077410 0.078706 0.074641 0.081135 0.083196 0.073086 
Document 107
0.024113 0.022474 0.022596 0.022087 0.021490 0.373244 0.025652 0.024106 0.023107 0.023196 0.023396 0.373117 0.021423 
0.014196 0.014209 0.015131 0.416750 0.016357 0.017437 0.017836 0.013520 0.216929 0.216754 0.012217 0.015013 0.013652 
0.023902 0.025475 0.366586 0.023001 0.022074 0.025852 0.023160 0.024446 0.366957 0.023571 0.025622 0.026273 0.023080 
Document 108
0.037164 0.034637 0.034826 0.034041 0.033120 0.034041 0.580737 0.037152 0.035613 0.035749 0.036058 0.033846 0.033017 
0.035846 0.035880 0.038208 0.035589 0.041304 0.044031 0.553421 0.034139 0.039396 0.038954 0.030850 0.037909 0.034473 
0.148664 0.005348 0.005140 0.220298 0.004634 0.005427 0.004862 0.005132 0.507980 0.076772 0.005379 0.005516 0.004846 
Document 109
