d_0 d0 0.333333 0.333333 0.333333 
d_1 d1 0.104238 0.860252 0.035510 
d_2 d2 0.018754 0.563218 0.418028 
d_3 d3 0.120850 0.837981 0.041169 
d_4 d4 0.358443 0.019460 0.622097 
d_5 d5 0.361642 0.319179 0.319179 
d_6 d6 0.372472 0.529028 0.098500 
d_7 d7 0.297394 0.674753 0.027853 
d_8 d8 0.333333 0.231032 0.435635 
d_9 d9 0.200883 0.730684 0.068433 
d_10 d10 0.891798 0.054101 0.054101 
d_11 d11 0.238186 0.295274 0.466540 
d_12 d12 0.241695 0.035510 0.722795 
d_13 d13 0.219789 0.268451 0.511760 
d_14 d14 0.270662 0.552683 0.176655 
d_15 d15 0.078880 0.689567 0.231552 
d_16 d16 0.645224 0.177388 0.177388 
d_17 d17 0.200296 0.688101 0.111604 
d_18 d18 0.026428 0.691390 0.282182 
d_19 d19 0.513028 0.189578 0.297394 
d_20 d20 0.200380 0.086420 0.713200 
d_21 d21 0.393756 0.393756 0.212487 
d_22 d22 0.333333 0.428120 0.238547 
d_23 d23 0.023975 0.673627 0.302398 
d_24 d24 0.527871 0.146278 0.325851 
d_25 d25 0.149328 0.446568 0.404105 
d_26 d26 0.031219 0.575025 0.393756 
d_27 d27 0.304473 0.304473 0.391053 
d_28 d28 0.278778 0.115112 0.606110 
d_29 d29 0.424533 0.315093 0.260374 
d_30 d30 0.054101 0.577661 0.368237 
d_31 d31 0.646445 0.215917 0.137639 
d_32 d32 0.710389 0.084637 0.204974 
d_33 d33 0.170119 0.509102 0.320778 
d_34 d34 0.376567 0.065283 0.558150 
d_35 d35 0.014534 0.239569 0.745898 
d_36 d36 0.730684 0.200883 0.068433 
d_37 d37 0.459119 0.027853 0.513028 
d_38 d38 0.742540 0.026428 0.231032 
d_39 d39 0.255055 0.176778 0.568167 
d_40 d40 0.017484 0.423576 0.558940 
d_41 d41 0.333333 0.123176 0.543491 
d_42 d42 0.599240 0.143400 0.257360 
d_43 d43 0.021939 0.149328 0.828733 
d_44 d44 0.177388 0.177388 0.645224 
d_45 d45 0.606110 0.016912 0.376978 
d_46 d46 0.359894 0.598938 0.041169 
d_47 d47 0.200531 0.359894 0.439575 
d_48 d48 0.059361 0.607306 0.333333 
d_49 d49 0.533786 0.126414 0.339800 
d_50 d50 0.617694 0.048973 0.333333 
d_51 d51 0.177388 0.177388 0.645224 
d_52 d52 0.333333 0.598234 0.068433 
d_53 d53 0.568167 0.215917 0.215917 
d_54 d54 0.189578 0.027853 0.782570 
d_55 d55 0.669416 0.082799 0.247785 
d_56 d56 0.802510 0.180578 0.016912 
d_57 d57 0.339800 0.242806 0.417394 
d_58 d58 0.698130 0.150935 0.150935 
d_59 d59 0.103019 0.028322 0.868659 
d_60 d60 0.776138 0.038130 0.185732 
d_61 d61 0.111604 0.022912 0.865484 
d_62 d62 0.519751 0.253440 0.226809 
d_63 d63 0.790363 0.015400 0.194237 
d_64 d64 0.877140 0.091641 0.031219 
d_65 d65 0.525575 0.154823 0.319602 
d_66 d66 0.722795 0.172967 0.104238 
d_67 d67 0.387644 0.224711 0.387644 
d_68 d68 0.033226 0.290461 0.676313 
d_69 d69 0.414910 0.007025 0.578065 
d_70 d70 0.313443 0.184154 0.502403 
d_71 d71 0.411306 0.060429 0.528265 
d_72 d72 0.048973 0.712480 0.238547 
d_73 d73 0.041169 0.758300 0.200531 
d_74 d74 0.169045 0.376567 0.454388 
d_75 d75 0.376567 0.143104 0.480329 
d_76 d76 0.029440 0.029440 0.941121 
d_77 d77 0.119007 0.254371 0.626622 
d_78 d78 0.728661 0.081761 0.189578 
d_79 d79 0.038130 0.111931 0.849938 
d_80 d80 0.121112 0.340651 0.538236 
d_81 d81 0.200531 0.200531 0.598938 
d_82 d82 0.131313 0.823954 0.044733 
d_83 d83 0.735091 0.057125 0.207784 
d_84 d84 0.029440 0.713200 0.257360 
d_85 d85 0.091641 0.756294 0.152064 
d_86 d86 0.206550 0.713682 0.079768 
d_87 d87 0.428120 0.522907 0.048973 
d_88 d88 0.694303 0.017484 0.288212 
d_89 d89 0.384559 0.340651 0.274790 
d_90 d90 0.863135 0.068433 0.068433 
d_91 d91 0.361642 0.021939 0.616419 
d_92 d92 0.554736 0.038130 0.407134 
d_93 d93 0.564214 0.217893 0.217893 
d_94 d94 0.466371 0.155950 0.377679 
d_95 d95 0.333333 0.238547 0.428120 
d_96 d96 0.385785 0.008130 0.606084 
d_97 d97 0.259900 0.716234 0.023866 
d_98 d98 0.044733 0.910534 0.044733 
d_99 d99 0.550577 0.143245 0.306178 
d_100 d100 0.537937 0.026428 0.435635 
d_101 d101 0.910534 0.044733 0.044733 
d_102 d102 0.365775 0.609084 0.025142 
d_103 d103 0.509844 0.183978 0.306178 
d_104 d104 0.067258 0.732446 0.200296 
d_105 d105 0.928780 0.018097 0.053123 
d_106 d106 0.177388 0.177388 0.645224 
d_107 d107 0.158813 0.054101 0.787086 
d_108 d108 0.031219 0.937563 0.031219 
d_109 d109 0.353815 0.169483 0.476703 
d_110 d110 0.295827 0.155180 0.548992 
d_111 d111 0.879142 0.060429 0.060429 
d_112 d112 0.323093 0.476703 0.200205 
d_113 d113 0.280212 0.678619 0.041169 
d_114 d114 0.041169 0.041169 0.917663 
d_115 d115 0.404105 0.234253 0.361642 
d_116 d116 0.259533 0.407134 0.333333 
d_117 d117 0.145182 0.633359 0.221459 
d_118 d118 0.378597 0.417394 0.204009 
d_119 d119 0.712480 0.048973 0.238547 
d_120 d120 0.143104 0.246866 0.610030 
d_121 d121 0.507424 0.323093 0.169483 
d_122 d122 0.175853 0.066828 0.757319 
d_123 d123 0.303726 0.510980 0.185295 
d_124 d124 0.078938 0.123831 0.797232 
d_125 d125 0.106150 0.364669 0.529181 
d_126 d126 0.804930 0.161844 0.033226 
d_127 d127 0.207784 0.471438 0.320778 
d_128 d128 0.675368 0.171317 0.153315 
d_129 d129 0.439575 0.200531 0.359894 
d_130 d130 0.244642 0.422025 0.333333 
d_131 d131 0.068433 0.863135 0.068433 
d_132 d132 0.172967 0.172967 0.654066 
d_133 d133 0.776138 0.185732 0.038130 
d_134 d134 0.693168 0.065889 0.240943 
d_135 d135 0.457268 0.100955 0.441776 
d_136 d136 0.529181 0.082648 0.388171 
d_137 d137 0.184119 0.200107 0.615774 
d_138 d138 0.077317 0.507424 0.415259 
d_139 d139 0.485280 0.371320 0.143400 
d_140 d140 0.689567 0.078880 0.231552 
d_141 d141 0.078880 0.842239 0.078880 
d_142 d142 0.195056 0.559606 0.245338 
d_143 d143 0.290461 0.226152 0.483387 
d_144 d144 0.026428 0.640239 0.333333 
d_145 d145 0.143245 0.143245 0.713510 
d_146 d146 0.111463 0.143159 0.745378 
d_147 d147 0.333333 0.435635 0.231032 
d_148 d148 0.060429 0.879142 0.060429 
d_149 d149 0.060429 0.528265 0.411306 
d_150 d150 0.568868 0.138761 0.292371 
d_151 d151 0.514602 0.393756 0.091641 
d_152 d152 0.209590 0.023975 0.766435 
d_153 d153 0.566936 0.405211 0.027853 
d_154 d154 0.695871 0.031219 0.272910 
d_155 d155 0.555063 0.244642 0.200296 
d_156 d156 0.326323 0.473537 0.200140 
d_157 d157 0.244642 0.288987 0.466371 
d_158 d158 0.791523 0.035510 0.172967 
d_159 d159 0.466371 0.067258 0.466371 
d_160 d160 0.022912 0.555063 0.422025 
d_161 d161 0.033226 0.226152 0.740622 
d_162 d162 0.040391 0.892588 0.067022 
d_163 d163 0.296577 0.461980 0.241443 
d_164 d164 0.104238 0.104238 0.791523 
d_165 d165 0.044733 0.737374 0.217893 
d_166 d166 0.086420 0.029440 0.884141 
d_167 d167 0.054101 0.682373 0.263525 
d_168 d168 0.212487 0.031219 0.756294 
d_169 d169 0.177388 0.762183 0.060429 
d_170 d170 0.422025 0.555063 0.022912 
d_171 d171 0.298307 0.613543 0.088149 
d_172 d172 0.564214 0.304473 0.131313 
d_173 d173 0.048973 0.048973 0.902054 
d_174 d174 0.486786 0.077579 0.435635 
d_175 d175 0.428300 0.143400 0.428300 
d_176 d176 0.428420 0.269942 0.301638 
d_177 d177 0.682373 0.158813 0.158813 
d_178 d178 0.098500 0.411611 0.489889 
d_179 d179 0.029440 0.599240 0.371320 
d_180 d180 0.546767 0.094790 0.358443 
d_181 d181 0.849938 0.038130 0.111931 
d_182 d182 0.091349 0.563218 0.345433 
d_183 d183 0.526674 0.011099 0.462227 
d_184 d184 0.163186 0.720031 0.116783 
d_185 d185 0.413227 0.386596 0.200178 
d_186 d186 0.212487 0.756294 0.031219 
d_187 d187 0.333333 0.508465 0.158202 
d_188 d188 0.209590 0.534416 0.255994 
d_189 d189 0.070379 0.070379 0.859242 
d_190 d190 0.333333 0.333333 0.333333 
d_191 d191 0.458676 0.059146 0.482178 
d_192 d192 0.164770 0.417615 0.417615 
d_193 d193 0.104238 0.104238 0.791523 
d_194 d194 0.120850 0.200531 0.678619 
d_195 d195 0.161844 0.290461 0.547696 
d_196 d196 0.014954 0.449108 0.535938 
d_197 d197 0.278407 0.401991 0.319602 
d_198 d198 0.172967 0.447881 0.379152 
d_199 d199 0.333333 0.643755 0.022912 
d_200 d200 0.027853 0.513028 0.459119 
d_201 d201 0.038130 0.038130 0.923739 
d_202 d202 0.048973 0.143760 0.807267 
d_203 d203 0.236540 0.526921 0.236540 
d_204 d204 0.026428 0.640239 0.333333 
d_205 d205 0.646445 0.137639 0.215917 
d_206 d206 0.023975 0.116783 0.859242 
d_207 d207 0.040391 0.093653 0.865957 
d_208 d208 0.384224 0.536896 0.078880 
d_209 d209 0.514686 0.230830 0.254485 
d_210 d210 0.017484 0.322053 0.660462 
d_211 d211 0.580247 0.160960 0.258793 
d_212 d212 0.645741 0.009136 0.345122 
d_213 d213 0.333333 0.020222 0.646445 
d_214 d214 0.072841 0.506995 0.420164 
d_215 d215 0.514602 0.031219 0.454179 
d_216 d216 0.547696 0.226152 0.226152 
d_217 d217 0.362277 0.506995 0.130728 
d_218 d218 0.528265 0.060429 0.411306 
d_219 d219 0.068433 0.333333 0.598234 
d_220 d220 0.310424 0.447881 0.241695 
d_221 d221 0.350627 0.169045 0.480329 
d_222 d222 0.445434 0.208045 0.346522 
d_223 d223 0.280071 0.067022 0.652907 
d_224 d224 0.152064 0.212487 0.635448 
d_225 d225 0.554736 0.333333 0.111931 
d_226 d226 0.682373 0.054101 0.263525 
d_227 d227 0.111385 0.579942 0.308672 
d_228 d228 0.257360 0.542260 0.200380 
d_229 d229 0.617694 0.048973 0.333333 
d_230 d230 0.033226 0.933548 0.033226 
d_231 d231 0.067022 0.067022 0.865957 
d_232 d232 0.428300 0.485280 0.086420 
d_233 d233 0.837981 0.041169 0.120850 
d_234 d234 0.200531 0.041169 0.758300 
d_235 d235 0.368237 0.054101 0.577661 
d_236 d236 0.917663 0.041169 0.041169 
d_237 d237 0.317113 0.657745 0.025142 
d_238 d238 0.070379 0.905646 0.023975 
d_239 d239 0.656220 0.029440 0.314340 
d_240 d240 0.078880 0.689567 0.231552 
d_241 d241 0.161844 0.740622 0.097535 
d_242 d242 0.177388 0.177388 0.645224 
d_243 d243 0.061779 0.021045 0.917176 
d_244 d244 0.029440 0.086420 0.884141 
d_245 d245 0.064402 0.106865 0.828733 
d_246 d246 0.044733 0.304473 0.650794 
d_247 d247 0.015400 0.373075 0.611525 
d_248 d248 0.036502 0.156839 0.806659 
d_249 d249 0.516609 0.447881 0.035510 
d_250 d250 0.885750 0.019460 0.094790 
d_251 d251 0.575025 0.333333 0.091641 
d_252 d252 0.454325 0.272837 0.272837 
d_253 d253 0.075012 0.522106 0.402881 
d_254 d254 0.547696 0.419078 0.033226 
d_255 d255 0.823954 0.044733 0.131313 
d_256 d256 0.215917 0.333333 0.450750 
d_257 d257 0.138761 0.353815 0.507424 
d_258 d258 0.243486 0.351303 0.405211 
d_259 d259 0.067258 0.200296 0.732446 
d_260 d260 0.068433 0.598234 0.333333 
d_261 d261 0.577038 0.089629 0.333333 
d_262 d262 0.424533 0.369813 0.205654 
d_263 d263 0.097535 0.740622 0.161844 
d_264 d264 0.591310 0.102512 0.306178 
d_265 d265 0.068433 0.730684 0.200883 
d_266 d266 0.354770 0.612004 0.033226 
d_267 d267 0.025142 0.657745 0.317113 
d_268 d268 0.359964 0.359964 0.280071 
d_269 d269 0.784461 0.054064 0.161475 
d_270 d270 0.035510 0.791523 0.172967 
d_271 d271 0.217893 0.391053 0.391053 
d_272 d272 0.683842 0.221171 0.094988 
d_273 d273 0.333333 0.481299 0.185368 
d_274 d274 0.022912 0.288987 0.688101 
d_275 d275 0.111463 0.650291 0.238246 
d_276 d276 0.223101 0.395639 0.381260 
d_277 d277 0.393878 0.313152 0.292970 
d_278 d278 0.148698 0.405869 0.445434 
d_279 d279 0.044733 0.477633 0.477633 
d_280 d280 0.627224 0.302398 0.070379 
d_281 d281 0.152064 0.756294 0.091641 
d_282 d282 0.126414 0.339800 0.533786 
d_283 d283 0.217893 0.391053 0.391053 
d_284 d284 0.014136 0.506612 0.479252 
d_285 d285 0.973873 0.013064 0.013064 
d_286 d286 0.362806 0.274388 0.362806 
d_287 d287 0.200157 0.200157 0.599687 
d_288 d288 0.073804 0.365775 0.560422 
d_289 d289 0.434413 0.117390 0.448197 
d_290 d290 0.438253 0.251099 0.310648 
d_291 d291 0.228255 0.158202 0.613543 
d_292 d292 0.697426 0.207784 0.094790 
d_293 d293 0.442899 0.038348 0.518753 
d_294 d294 0.489030 0.064402 0.446568 
d_295 d295 0.346911 0.265445 0.387644 
d_296 d296 0.354770 0.226152 0.419078 
d_297 d297 0.193228 0.053123 0.753649 
d_298 d298 0.033226 0.097535 0.869239 
d_299 d299 0.538236 0.077205 0.384559 
d_300 d300 0.923739 0.038130 0.038130 
d_301 d301 0.529028 0.176778 0.294194 
d_302 d302 0.428377 0.265445 0.306178 
d_303 d303 0.632043 0.224711 0.143245 
d_304 d304 0.200883 0.598234 0.200883 
d_305 d305 0.310424 0.035510 0.654066 
d_306 d306 0.522106 0.015400 0.462494 
d_307 d307 0.371869 0.223231 0.404900 
d_308 d308 0.139486 0.518753 0.341761 
d_309 d309 0.645224 0.060429 0.294347 
d_310 d310 0.212487 0.695871 0.091641 
d_311 d311 0.115112 0.082379 0.802510 
d_312 d312 0.014534 0.464604 0.520863 
d_313 d313 0.048973 0.807267 0.143760 
d_314 d314 0.106865 0.446568 0.446568 
d_315 d315 0.407134 0.333333 0.259533 
d_316 d316 0.510717 0.200296 0.288987 
d_317 d317 0.218132 0.473579 0.308290 
d_318 d318 0.091641 0.091641 0.816717 
d_319 d319 0.333333 0.247404 0.419262 
d_320 d320 0.333333 0.319159 0.347508 
d_321 d321 0.019460 0.810421 0.170119 
d_322 d322 0.030609 0.636058 0.333333 
d_323 d323 0.393756 0.514602 0.091641 
d_324 d324 0.159672 0.449108 0.391220 
d_325 d325 0.552683 0.223658 0.223658 
d_326 d326 0.575025 0.333333 0.091641 
d_327 d327 0.364218 0.139201 0.496581 
d_328 d328 0.507424 0.169483 0.323093 
d_329 d329 0.078938 0.909465 0.011597 
d_330 d330 0.348801 0.627224 0.023975 
d_331 d331 0.345433 0.635814 0.018754 
d_332 d332 0.401805 0.308434 0.289760 
d_333 d333 0.573956 0.021939 0.404105 
d_334 d334 0.016912 0.704310 0.278778 
d_335 d335 0.097535 0.869239 0.033226 
d_336 d336 0.081761 0.566936 0.351303 
d_337 d337 0.542260 0.428300 0.029440 
d_338 d338 0.023975 0.952049 0.023975 
d_339 d339 0.255994 0.163186 0.580820 
d_340 d340 0.341167 0.529181 0.129651 
d_341 d341 0.122466 0.852393 0.025142 
d_342 d342 0.123575 0.233014 0.643411 
d_343 d343 0.163944 0.236540 0.599516 
d_344 d344 0.123575 0.315093 0.561332 
d_345 d345 0.436474 0.014534 0.548992 
d_346 d346 0.025142 0.463098 0.511760 
d_347 d347 0.309135 0.599516 0.091349 
d_348 d348 0.302398 0.070379 0.627224 
d_349 d349 0.348801 0.070379 0.580820 
d_350 d350 0.428300 0.200380 0.371320 
d_351 d351 0.297394 0.513028 0.189578 
d_352 d352 0.635448 0.272910 0.091641 
d_353 d353 0.550577 0.224711 0.224711 
d_354 d354 0.411306 0.060429 0.528265 
d_355 d355 0.890386 0.027853 0.081761 
d_356 d356 0.111931 0.776138 0.111931 
d_357 d357 0.435635 0.231032 0.333333 
d_358 d358 0.683596 0.298307 0.018097 
d_359 d359 0.147987 0.460759 0.391254 
d_360 d360 0.472949 0.054101 0.472949 
d_361 d361 0.252244 0.234868 0.512887 
d_362 d362 0.516609 0.104238 0.379152 
d_363 d363 0.027853 0.351303 0.620845 
d_364 d364 0.269942 0.269942 0.460116 
d_365 d365 0.333333 0.111931 0.554736 
d_366 d366 0.407134 0.480935 0.111931 
d_367 d367 0.879142 0.060429 0.060429 
d_368 d368 0.473438 0.368360 0.158202 
d_369 d369 0.672111 0.309135 0.018754 
d_370 d370 0.447881 0.035510 0.516609 
d_371 d371 0.803001 0.059361 0.137639 
d_372 d372 0.207784 0.094790 0.697426 
d_373 d373 0.310424 0.104238 0.585338 
d_374 d374 0.054101 0.368237 0.577661 
d_375 d375 0.578517 0.403386 0.018097 
d_376 d376 0.054101 0.158813 0.787086 
d_377 d377 0.320778 0.245449 0.433773 
d_378 d378 0.446568 0.489030 0.064402 
d_379 d379 0.510717 0.466371 0.022912 
d_380 d380 0.528265 0.060429 0.411306 
d_381 d381 0.420164 0.478051 0.101785 
d_382 d382 0.534416 0.070379 0.395205 
d_383 d383 0.054101 0.158813 0.787086 
d_384 d384 0.823954 0.131313 0.044733 
d_385 d385 0.200296 0.067258 0.732446 
d_386 d386 0.326739 0.089350 0.583910 
d_387 d387 0.111931 0.776138 0.111931 
d_388 d388 0.687851 0.220925 0.091224 
d_389 d389 0.164770 0.013064 0.822166 
d_390 d390 0.333333 0.128730 0.537937 
d_391 d391 0.038130 0.628536 0.333333 
d_392 d392 0.015873 0.323093 0.661034 
d_393 d393 0.091224 0.532209 0.376567 
d_394 d394 0.163944 0.635814 0.200242 
d_395 d395 0.528265 0.060429 0.411306 
d_396 d396 0.941121 0.029440 0.029440 
d_397 d397 0.044733 0.650794 0.304473 
d_398 d398 0.536896 0.231552 0.231552 
d_399 d399 0.161844 0.547696 0.290461 
d_400 d400 0.372472 0.607306 0.020222 
d_401 d401 0.514602 0.152064 0.333333 
d_402 d402 0.029440 0.428300 0.542260 
d_403 d403 0.357994 0.234690 0.407316 
d_404 d404 0.200086 0.045347 0.754567 
d_405 d405 0.026428 0.026428 0.947144 
d_406 d406 0.564214 0.044733 0.391053 
d_407 d407 0.745898 0.098922 0.155180 
d_408 d408 0.379258 0.402220 0.218523 
d_409 d409 0.220530 0.017484 0.761985 
d_410 d410 0.560422 0.025142 0.414436 
d_411 d411 0.534416 0.441609 0.023975 
d_412 d412 0.276716 0.064402 0.658882 
d_413 d413 0.060429 0.645224 0.294347 
d_414 d414 0.404105 0.021939 0.573956 
d_415 d415 0.849938 0.111931 0.038130 
d_416 d416 0.543491 0.333333 0.123176 
d_417 d417 0.120850 0.598938 0.280212 
d_418 d418 0.220530 0.592781 0.186689 
d_419 d419 0.128730 0.026428 0.844842 
d_420 d420 0.804930 0.033226 0.161844 
d_421 d421 0.241695 0.516609 0.241695 
d_422 d422 0.317113 0.219789 0.463098 
d_423 d423 0.368360 0.228255 0.403386 
d_424 d424 0.152848 0.592781 0.254371 
d_425 d425 0.177388 0.060429 0.762183 
d_426 d426 0.288212 0.660462 0.051325 
d_427 d427 0.758300 0.200531 0.041169 
d_428 d428 0.044733 0.823954 0.131313 
d_429 d429 0.200242 0.781004 0.018754 
d_430 d430 0.077579 0.589088 0.333333 
d_431 d431 0.104238 0.860252 0.035510 
d_432 d432 0.265445 0.632043 0.102512 
d_433 d433 0.207784 0.358443 0.433773 
d_434 d434 0.207784 0.320778 0.471438 
d_435 d435 0.580820 0.302398 0.116783 
d_436 d436 0.096215 0.670771 0.233014 
d_437 d437 0.017484 0.795826 0.186689 
d_438 d438 0.516609 0.447881 0.035510 
d_439 d439 0.200380 0.770180 0.029440 
d_440 d440 0.662551 0.280958 0.056491 
d_441 d441 0.368237 0.472949 0.158813 
d_442 d442 0.243486 0.728661 0.027853 
d_443 d443 0.555063 0.244642 0.200296 
d_444 d444 0.268451 0.706407 0.025142 
d_445 d445 0.011597 0.595211 0.393191 
d_446 d446 0.351303 0.135669 0.513028 
d_447 d447 0.091349 0.236540 0.672111 
d_448 d448 0.219789 0.171127 0.609084 
d_449 d449 0.431476 0.242201 0.326323 
d_450 d450 0.290461 0.612004 0.097535 
d_451 d451 0.135669 0.351303 0.513028 
d_452 d452 0.108039 0.323093 0.568868 
d_453 d453 0.635448 0.333333 0.031219 
d_454 d454 0.433773 0.546767 0.019460 
d_455 d455 0.776138 0.185732 0.038130 
d_456 d456 0.675864 0.314304 0.009832 
d_457 d457 0.091224 0.194985 0.713792 
d_458 d458 0.104819 0.402881 0.492300 
d_459 d459 0.314340 0.200380 0.485280 
d_460 d460 0.618595 0.365029 0.016376 
d_461 d461 0.460045 0.190272 0.349683 
d_462 d462 0.917663 0.041169 0.041169 
d_463 d463 0.554736 0.038130 0.407134 
d_464 d464 0.413227 0.253440 0.333333 
d_465 d465 0.246503 0.362277 0.391220 
d_466 d466 0.547696 0.033226 0.419078 
d_467 d467 0.226809 0.040391 0.732801 
d_468 d468 0.527871 0.011597 0.460531 
d_469 d469 0.026428 0.333333 0.640239 
d_470 d470 0.656220 0.029440 0.314340 
d_471 d471 0.737374 0.217893 0.044733 
d_472 d472 0.147845 0.376978 0.475177 
d_473 d473 0.486786 0.282182 0.231032 
d_474 d474 0.060429 0.060429 0.879142 
d_475 d475 0.177388 0.177388 0.645224 
d_476 d476 0.246045 0.638843 0.115112 
d_477 d477 0.135669 0.566936 0.297394 
d_478 d478 0.589088 0.026428 0.384484 
d_479 d479 0.786270 0.106865 0.106865 
d_480 d480 0.823954 0.044733 0.131313 
d_481 d481 0.674753 0.297394 0.027853 
d_482 d482 0.333333 0.635448 0.031219 
d_483 d483 0.143400 0.827160 0.029440 
d_484 d484 0.078880 0.078880 0.842239 
d_485 d485 0.200296 0.555063 0.244642 
d_486 d486 0.282182 0.333333 0.384484 
d_487 d487 0.163186 0.580820 0.255994 
d_488 d488 0.086420 0.599240 0.314340 
d_489 d489 0.560422 0.414436 0.025142 
d_490 d490 0.472949 0.054101 0.472949 
d_491 d491 0.172599 0.402220 0.425182 
d_492 d492 0.306178 0.469111 0.224711 
d_493 d493 0.852393 0.073804 0.073804 
d_494 d494 0.417394 0.126414 0.456191 
d_495 d495 0.313462 0.015400 0.671138 
d_496 d496 0.321112 0.137794 0.541094 
d_497 d497 0.495176 0.177716 0.327109 
d_498 d498 0.460045 0.178009 0.361946 
d_499 d499 0.516609 0.241695 0.241695 
d_500 d500 0.065283 0.272806 0.661911 
d_501 d501 0.143400 0.371320 0.485280 
d_502 d502 0.031219 0.393756 0.575025 
d_503 d503 0.106865 0.361642 0.531493 
d_504 d504 0.135669 0.782570 0.081761 
d_505 d505 0.445981 0.046595 0.507424 
d_506 d506 0.396725 0.238246 0.365029 
d_507 d507 0.910534 0.044733 0.044733 
d_508 d508 0.170119 0.283114 0.546767 
d_509 d509 0.340199 0.649159 0.010642 
d_510 d510 0.514602 0.454179 0.031219 
d_511 d511 0.238547 0.238547 0.522907 
d_512 d512 0.333333 0.617694 0.048973 
d_513 d513 0.923415 0.019460 0.057125 
d_514 d514 0.218523 0.333333 0.448144 
d_515 d515 0.060429 0.177388 0.762183 
d_516 d516 0.859242 0.116783 0.023975 
d_517 d517 0.200883 0.068433 0.730684 
d_518 d518 0.086420 0.257360 0.656220 
d_519 d519 0.143760 0.522907 0.333333 
d_520 d520 0.023975 0.766435 0.209590 
d_521 d521 0.513028 0.405211 0.081761 
d_522 d522 0.496389 0.119031 0.384580 
d_523 d523 0.781004 0.055051 0.163944 
d_524 d524 0.577661 0.054101 0.368237 
d_525 d525 0.635448 0.272910 0.091641 
d_526 d526 0.313462 0.432688 0.253850 
d_527 d527 0.244642 0.155950 0.599409 
d_528 d528 0.277358 0.445284 0.277358 
d_529 d529 0.140367 0.308434 0.551198 
d_530 d530 0.224711 0.306178 0.469111 
d_531 d531 0.379152 0.585338 0.035510 
d_532 d532 0.509844 0.102512 0.387644 
d_533 d533 0.469715 0.156839 0.373446 
d_534 d534 0.068433 0.598234 0.333333 
d_535 d535 0.068433 0.465784 0.465784 
d_536 d536 0.598938 0.120850 0.280212 
d_537 d537 0.035510 0.585338 0.379152 
d_538 d538 0.161844 0.612004 0.226152 
d_539 d539 0.057125 0.433773 0.509102 
d_540 d540 0.391053 0.131313 0.477633 
d_541 d541 0.200883 0.730684 0.068433 
d_542 d542 0.671577 0.016912 0.311511 
d_543 d543 0.161844 0.161844 0.676313 
d_544 d544 0.033226 0.226152 0.740622 
d_545 d545 0.178295 0.506612 0.315093 
d_546 d546 0.740622 0.161844 0.097535 
d_547 d547 0.139486 0.316477 0.544037 
d_548 d548 0.755069 0.171127 0.073804 
d_549 d549 0.044733 0.131313 0.823954 
d_550 d550 0.091641 0.272910 0.635448 
d_551 d551 0.070379 0.070379 0.859242 
d_552 d552 0.372472 0.568167 0.059361 
d_553 d553 0.371320 0.143400 0.485280 
d_554 d554 0.917663 0.041169 0.041169 
d_555 d555 0.257215 0.257215 0.485569 
d_556 d556 0.422025 0.111604 0.466371 
d_557 d557 0.175421 0.504978 0.319602 
d_558 d558 0.829667 0.119007 0.051325 
d_559 d559 0.428120 0.143760 0.428120 
d_560 d560 0.323957 0.464604 0.211439 
d_561 d561 0.327736 0.277358 0.394906 
d_562 d562 0.231552 0.231552 0.536896 
d_563 d563 0.163944 0.091349 0.744707 
d_564 d564 0.116783 0.023975 0.859242 
d_565 d565 0.159672 0.535938 0.304390 
d_566 d566 0.333333 0.480935 0.185732 
d_567 d567 0.391220 0.130728 0.478051 
d_568 d568 0.304473 0.131313 0.564214 
d_569 d569 0.085166 0.389735 0.525099 
d_570 d570 0.155950 0.022912 0.821138 
d_571 d571 0.134625 0.104819 0.760556 
d_572 d572 0.073804 0.706407 0.219789 
d_573 d573 0.449108 0.188616 0.362277 
d_574 d574 0.255994 0.580820 0.163186 
d_575 d575 0.326323 0.473537 0.200140 
d_576 d576 0.078880 0.536896 0.384224 
d_577 d577 0.787086 0.158813 0.054101 
d_578 d578 0.302398 0.395205 0.302398 
d_579 d579 0.879142 0.060429 0.060429 
d_580 d580 0.093093 0.093093 0.813814 
d_581 d581 0.127647 0.599516 0.272837 
d_582 d582 0.333333 0.111931 0.554736 
d_583 d583 0.609084 0.122466 0.268451 
d_584 d584 0.333333 0.635448 0.031219 
d_585 d585 0.354770 0.226152 0.419078 
d_586 d586 0.466371 0.022912 0.510717 
d_587 d587 0.371320 0.143400 0.485280 
d_588 d588 0.672777 0.306178 0.021045 
d_589 d589 0.460116 0.016376 0.523508 
d_590 d590 0.516609 0.447881 0.035510 
d_591 d591 0.231552 0.384224 0.384224 
d_592 d592 0.241485 0.011864 0.746651 
d_593 d593 0.523628 0.104979 0.371392 
d_594 d594 0.310424 0.516609 0.172967 
d_595 d595 0.678619 0.200531 0.120850 
d_596 d596 0.909830 0.022912 0.067258 
d_597 d597 0.401521 0.558878 0.039601 
d_598 d598 0.577661 0.054101 0.368237 
d_599 d599 0.012741 0.012741 0.974517 
d_600 d600 0.333333 0.628536 0.038130 
d_601 d601 0.439858 0.146915 0.413227 
d_602 d602 0.379258 0.310371 0.310371 
d_603 d603 0.472949 0.054101 0.472949 
d_604 d604 0.435635 0.026428 0.537937 
d_605 d605 0.558150 0.117164 0.324687 
d_606 d606 0.257360 0.314340 0.428300 
d_607 d607 0.370744 0.101384 0.527871 
d_608 d608 0.055051 0.236540 0.708409 
d_609 d609 0.044733 0.304473 0.650794 
d_610 d610 0.368237 0.054101 0.577661 
d_611 d611 0.044733 0.910534 0.044733 
d_612 d612 0.140367 0.644569 0.215064 
d_613 d613 0.480935 0.480935 0.038130 
d_614 d614 0.177388 0.762183 0.060429 
d_615 d615 0.384224 0.536896 0.078880 
d_616 d616 0.200883 0.068433 0.730684 
d_617 d617 0.057125 0.622097 0.320778 
d_618 d618 0.217893 0.044733 0.737374 
d_619 d619 0.255055 0.020222 0.724723 
d_620 d620 0.104238 0.860252 0.035510 
d_621 d621 0.035510 0.654066 0.310424 
d_622 d622 0.044733 0.391053 0.564214 
d_623 d623 0.200380 0.713200 0.086420 
d_624 d624 0.033226 0.804930 0.161844 
d_625 d625 0.580820 0.395205 0.023975 
d_626 d626 0.575025 0.031219 0.393756 
d_627 d627 0.612004 0.354770 0.033226 
d_628 d628 0.668323 0.060924 0.270753 
d_629 d629 0.172967 0.791523 0.035510 
d_630 d630 0.236064 0.168724 0.595211 
d_631 d631 0.200883 0.730684 0.068433 
d_632 d632 0.842239 0.078880 0.078880 
d_633 d633 0.257360 0.713200 0.029440 
d_634 d634 0.450750 0.255055 0.294194 
d_635 d635 0.549355 0.315332 0.135314 
d_636 d636 0.355894 0.592781 0.051325 
d_637 d637 0.651712 0.014954 0.333333 
d_638 d638 0.163186 0.348801 0.488012 
d_639 d639 0.068433 0.333333 0.598234 
d_640 d640 0.531493 0.149328 0.319179 
d_641 d641 0.022912 0.643755 0.333333 
d_642 d642 0.333333 0.598234 0.068433 
d_643 d643 0.265445 0.224711 0.509844 
d_644 d644 0.736286 0.209655 0.054059 
d_645 d645 0.231032 0.179881 0.589088 
d_646 d646 0.333333 0.522907 0.143760 
d_647 d647 0.243773 0.092639 0.663588 
d_648 d648 0.061779 0.672777 0.265445 
d_649 d649 0.256705 0.026820 0.716475 
d_650 d650 0.368237 0.577661 0.054101 
d_651 d651 0.344244 0.115112 0.540644 
d_652 d652 0.537937 0.179881 0.282182 
d_653 d653 0.726160 0.008824 0.265016 
d_654 d654 0.298307 0.228255 0.473438 
d_655 d655 0.333333 0.038130 0.628536 
d_656 d656 0.447881 0.035510 0.516609 
d_657 d657 0.257360 0.656220 0.086420 
d_658 d658 0.333333 0.068433 0.598234 
d_659 d659 0.029440 0.143400 0.827160 
d_660 d660 0.263525 0.472949 0.263525 
d_661 d661 0.038130 0.038130 0.923739 
d_662 d662 0.720031 0.116783 0.163186 
d_663 d663 0.722478 0.015873 0.261649 
d_664 d664 0.395205 0.070379 0.534416 
d_665 d665 0.224711 0.428377 0.346911 
d_666 d666 0.598234 0.333333 0.068433 
d_667 d667 0.041169 0.917663 0.041169 
d_668 d668 0.027853 0.674753 0.297394 
d_669 d669 0.472949 0.263525 0.263525 
d_670 d670 0.026428 0.486786 0.486786 
d_671 d671 0.131313 0.217893 0.650794 
d_672 d672 0.923739 0.038130 0.038130 
d_673 d673 0.021939 0.658882 0.319179 
d_674 d674 0.333333 0.068433 0.598234 
d_675 d675 0.111931 0.185732 0.702337 
d_676 d676 0.433773 0.433773 0.132454 
d_677 d677 0.143760 0.238547 0.617694 
d_678 d678 0.149328 0.361642 0.489030 
d_679 d679 0.933548 0.033226 0.033226 
d_680 d680 0.012741 0.284012 0.703247 
d_681 d681 0.352086 0.323957 0.323957 
d_682 d682 0.419078 0.226152 0.354770 
d_683 d683 0.308672 0.481299 0.210029 
d_684 d684 0.111604 0.155950 0.732446 
d_685 d685 0.325851 0.415638 0.258511 
d_686 d686 0.755069 0.219789 0.025142 
d_687 d687 0.744707 0.018754 0.236540 
d_688 d688 0.020222 0.215917 0.763862 
d_689 d689 0.220925 0.117164 0.661911 
d_690 d690 0.240691 0.123107 0.636202 
d_691 d691 0.463098 0.122466 0.414436 
d_692 d692 0.054101 0.577661 0.368237 
d_693 d693 0.560422 0.414436 0.025142 
d_694 d694 0.791523 0.035510 0.172967 
d_695 d695 0.018754 0.381730 0.599516 
d_696 d696 0.054101 0.054101 0.891798 
d_697 d697 0.351303 0.405211 0.243486 
d_698 d698 0.185732 0.038130 0.776138 
d_699 d699 0.171127 0.414436 0.414436 
d_700 d700 0.333333 0.048973 0.617694 
d_701 d701 0.158813 0.263525 0.577661 
d_702 d702 0.185732 0.038130 0.776138 
d_703 d703 0.333333 0.617694 0.048973 
d_704 d704 0.368237 0.054101 0.577661 
d_705 d705 0.241695 0.035510 0.722795 
d_706 d706 0.344244 0.082379 0.573377 
d_707 d707 0.384484 0.435635 0.179881 
d_708 d708 0.333333 0.068433 0.598234 
d_709 d709 0.012435 0.156839 0.830726 
d_710 d710 0.135669 0.027853 0.836478 
d_711 d711 0.391053 0.564214 0.044733 
d_712 d712 0.280212 0.041169 0.678619 
d_713 d713 0.433773 0.546767 0.019460 
d_714 d714 0.038130 0.849938 0.111931 
d_715 d715 0.023975 0.720031 0.255994 
d_716 d716 0.463098 0.122466 0.414436 
d_717 d717 0.026428 0.947144 0.026428 
d_718 d718 0.411611 0.529028 0.059361 
d_719 d719 0.111931 0.185732 0.702337 
d_720 d720 0.490623 0.236540 0.272837 
d_721 d721 0.033226 0.933548 0.033226 
d_722 d722 0.393878 0.232425 0.373697 
d_723 d723 0.694038 0.095693 0.210269 
d_724 d724 0.339125 0.286997 0.373878 
d_725 d725 0.447881 0.447881 0.104238 
d_726 d726 0.616419 0.021939 0.361642 
d_727 d727 0.020222 0.059361 0.920417 
d_728 d728 0.447881 0.104238 0.447881 
d_729 d729 0.275446 0.564882 0.159672 
d_730 d730 0.252836 0.011343 0.735821 
d_731 d731 0.171127 0.609084 0.219789 
d_732 d732 0.464464 0.118280 0.417257 
d_733 d733 0.054101 0.158813 0.787086 
d_734 d734 0.255994 0.116783 0.627224 
d_735 d735 0.414436 0.025142 0.560422 
d_736 d736 0.217893 0.044733 0.737374 
d_737 d737 0.238547 0.143760 0.617694 
d_738 d738 0.325311 0.132772 0.541917 
d_739 d739 0.302398 0.209590 0.488012 
d_740 d740 0.255994 0.070379 0.673627 
d_741 d741 0.573956 0.319179 0.106865 
d_742 d742 0.323093 0.015873 0.661034 
d_743 d743 0.263525 0.577661 0.158813 
d_744 d744 0.740622 0.033226 0.226152 
d_745 d745 0.078880 0.842239 0.078880 
d_746 d746 0.610030 0.194985 0.194985 
d_747 d747 0.323957 0.323957 0.352086 
d_748 d748 0.650794 0.131313 0.217893 
d_749 d749 0.424395 0.237479 0.338126 
d_750 d750 0.645224 0.060429 0.294347 
d_751 d751 0.473438 0.053123 0.473438 
d_752 d752 0.483387 0.033226 0.483387 
d_753 d753 0.322053 0.322053 0.355894 
d_754 d754 0.143104 0.298746 0.558150 
d_755 d755 0.827426 0.075546 0.097028 
d_756 d756 0.177388 0.060429 0.762183 
d_757 d757 0.311511 0.344244 0.344244 
d_758 d758 0.010866 0.010866 0.978268 
d_759 d759 0.298746 0.584090 0.117164 
d_760 d760 0.259533 0.111931 0.628536 
d_761 d761 0.438412 0.088149 0.473438 
d_762 d762 0.171127 0.122466 0.706407 
d_763 d763 0.310424 0.379152 0.310424 
d_764 d764 0.384484 0.077579 0.537937 
d_765 d765 0.380216 0.042663 0.577121 
d_766 d766 0.143017 0.226980 0.630003 
d_767 d767 0.333333 0.333333 0.333333 
d_768 d768 0.585359 0.261326 0.153315 
d_769 d769 0.242201 0.473537 0.284262 
d_770 d770 0.351303 0.459119 0.189578 
d_771 d771 0.238547 0.048973 0.712480 
d_772 d772 0.225922 0.011099 0.762979 
d_773 d773 0.239569 0.408345 0.352086 
d_774 d774 0.428120 0.238547 0.333333 
d_775 d775 0.226152 0.612004 0.161844 
d_776 d776 0.414568 0.089629 0.495803 
d_777 d777 0.599409 0.377679 0.022912 
d_778 d778 0.368384 0.284262 0.347354 
d_779 d779 0.364457 0.457828 0.177716 
d_780 d780 0.068433 0.068433 0.863135 
d_781 d781 0.379152 0.241695 0.379152 
d_782 d782 0.525099 0.017484 0.457417 
d_783 d783 0.337276 0.159866 0.502858 
d_784 d784 0.257360 0.086420 0.656220 
d_785 d785 0.396108 0.433773 0.170119 
d_786 d786 0.645175 0.190055 0.164770 
d_787 d787 0.310424 0.654066 0.035510 
d_788 d788 0.365029 0.523508 0.111463 
d_789 d789 0.346911 0.550577 0.102512 
d_790 d790 0.021939 0.871196 0.106865 
d_791 d791 0.411306 0.411306 0.177388 
d_792 d792 0.260374 0.397173 0.342453 
d_793 d793 0.061779 0.632043 0.306178 
d_794 d794 0.472949 0.368237 0.158813 
d_795 d795 0.612004 0.226152 0.161844 
d_796 d796 0.786063 0.173546 0.040391 
d_797 d797 0.728661 0.189578 0.081761 
d_798 d798 0.060429 0.060429 0.879142 
d_799 d799 0.671577 0.016912 0.311511 
d_800 d800 0.078880 0.842239 0.078880 
d_801 d801 0.333333 0.480935 0.185732 
d_802 d802 0.020222 0.803001 0.176778 
d_803 d803 0.407134 0.554736 0.038130 
d_804 d804 0.200531 0.758300 0.041169 
d_805 d805 0.259533 0.628536 0.111931 
d_806 d806 0.599240 0.371320 0.029440 
d_807 d807 0.744707 0.236540 0.018754 
d_808 d808 0.683596 0.263281 0.053123 
d_809 d809 0.531493 0.021939 0.446568 
d_810 d810 0.446568 0.021939 0.531493 
d_811 d811 0.473438 0.088149 0.438412 
d_812 d812 0.676313 0.226152 0.097535 
d_813 d813 0.468184 0.063633 0.468184 
d_814 d814 0.294347 0.060429 0.645224 
d_815 d815 0.091349 0.381730 0.526921 
d_816 d816 0.097535 0.226152 0.676313 
d_817 d817 0.177388 0.060429 0.762183 
d_818 d818 0.379809 0.426285 0.193907 
d_819 d819 0.509102 0.057125 0.433773 
d_820 d820 0.019460 0.283114 0.697426 
d_821 d821 0.160707 0.160707 0.678586 
d_822 d822 0.333333 0.031219 0.635448 
d_823 d823 0.180578 0.246045 0.573377 
d_824 d824 0.280212 0.678619 0.041169 
d_825 d825 0.225876 0.496669 0.277455 
d_826 d826 0.038130 0.776138 0.185732 
d_827 d827 0.650794 0.304473 0.044733 
d_828 d828 0.120850 0.678619 0.200531 
d_829 d829 0.019460 0.433773 0.546767 
d_830 d830 0.044733 0.737374 0.217893 
d_831 d831 0.187967 0.502928 0.309106 
d_832 d832 0.137639 0.450750 0.411611 
d_833 d833 0.522907 0.048973 0.428120 
d_834 d834 0.038130 0.038130 0.923739 
d_835 d835 0.226152 0.483387 0.290461 
d_836 d836 0.255994 0.627224 0.116783 
d_837 d837 0.021939 0.234253 0.743808 
d_838 d838 0.041169 0.120850 0.837981 
d_839 d839 0.466489 0.173546 0.359964 
d_840 d840 0.143400 0.542260 0.314340 
d_841 d841 0.027853 0.566936 0.405211 
d_842 d842 0.568167 0.098500 0.333333 
d_843 d843 0.091641 0.031219 0.877140 
d_844 d844 0.450750 0.294194 0.255055 
d_845 d845 0.068433 0.863135 0.068433 
d_846 d846 0.536896 0.231552 0.231552 
d_847 d847 0.288987 0.244642 0.466371 
d_848 d848 0.018754 0.418028 0.563218 
d_849 d849 0.027853 0.243486 0.728661 
d_850 d850 0.611525 0.164431 0.224044 
d_851 d851 0.519236 0.209398 0.271366 
d_852 d852 0.333333 0.333333 0.333333 
d_853 d853 0.215917 0.646445 0.137639 
d_854 d854 0.368360 0.298307 0.333333 
d_855 d855 0.229041 0.349378 0.421580 
d_856 d856 0.674753 0.135669 0.189578 
d_857 d857 0.236540 0.055051 0.708409 
d_858 d858 0.928981 0.035510 0.035510 
d_859 d859 0.724723 0.020222 0.255055 
d_860 d860 0.031219 0.152064 0.816717 
d_861 d861 0.742540 0.077579 0.179881 
d_862 d862 0.060429 0.762183 0.177388 
d_863 d863 0.506612 0.205654 0.287734 
d_864 d864 0.405211 0.513028 0.081761 
d_865 d865 0.077579 0.640239 0.282182 
d_866 d866 0.143760 0.617694 0.238547 
d_867 d867 0.070379 0.395205 0.534416 
d_868 d868 0.268451 0.073804 0.657745 
d_869 d869 0.725903 0.010866 0.263232 
d_870 d870 0.357646 0.328471 0.313883 
d_871 d871 0.042663 0.548992 0.408345 
d_872 d872 0.536896 0.078880 0.384224 
d_873 d873 0.220925 0.246866 0.532209 
d_874 d874 0.021045 0.306178 0.672777 
d_875 d875 0.341761 0.164770 0.493468 
d_876 d876 0.849975 0.134625 0.015400 
d_877 d877 0.525099 0.186689 0.288212 
d_878 d878 0.368237 0.577661 0.054101 
d_879 d879 0.268451 0.706407 0.025142 
d_880 d880 0.433773 0.132454 0.433773 
d_881 d881 0.720014 0.268887 0.011099 
d_882 d882 0.439575 0.041169 0.519256 
d_883 d883 0.127051 0.239569 0.633380 
d_884 d884 0.091349 0.127647 0.781004 
d_885 d885 0.272910 0.575025 0.152064 
d_886 d886 0.616419 0.149328 0.234253 
d_887 d887 0.236540 0.599516 0.163944 
d_888 d888 0.027853 0.405211 0.566936 
d_889 d889 0.480935 0.259533 0.259533 
d_890 d890 0.026428 0.026428 0.947144 
d_891 d891 0.232425 0.353515 0.414060 
d_892 d892 0.340199 0.319602 0.340199 
d_893 d893 0.063633 0.417615 0.518753 
d_894 d894 0.476703 0.138761 0.384537 
d_895 d895 0.070792 0.239569 0.689639 
d_896 d896 0.622769 0.130728 0.246503 
d_897 d897 0.091109 0.371869 0.537022 
d_898 d898 0.509844 0.346911 0.143245 
d_899 d899 0.408630 0.008978 0.582392 
d_900 d900 0.454179 0.152064 0.393756 
d_901 d901 0.185732 0.185732 0.628536 
d_902 d902 0.475177 0.213312 0.311511 
d_903 d903 0.353815 0.476703 0.169483 
d_904 d904 0.368237 0.577661 0.054101 
d_905 d905 0.263525 0.472949 0.263525 
d_906 d906 0.660462 0.017484 0.322053 
d_907 d907 0.351303 0.405211 0.243486 
d_908 d908 0.793691 0.026428 0.179881 
d_909 d909 0.490623 0.163944 0.345433 
d_910 d910 0.591982 0.204009 0.204009 
d_911 d911 0.080750 0.539992 0.379258 
d_912 d912 0.550318 0.168724 0.280958 
d_913 d913 0.659761 0.320778 0.019460 
d_914 d914 0.377679 0.244642 0.377679 
d_915 d915 0.365775 0.073804 0.560422 
d_916 d916 0.177388 0.528265 0.294347 
d_917 d917 0.575025 0.031219 0.393756 
d_918 d918 0.445648 0.349378 0.204974 
d_919 d919 0.755069 0.219789 0.025142 
d_920 d920 0.031219 0.091641 0.877140 
d_921 d921 0.217463 0.366439 0.416098 
d_922 d922 0.231696 0.502729 0.265575 
d_923 d923 0.208138 0.275207 0.516655 
d_924 d924 0.261649 0.138761 0.599590 
d_925 d925 0.245449 0.659761 0.094790 
d_926 d926 0.730684 0.068433 0.200883 
d_927 d927 0.728661 0.243486 0.027853 
d_928 d928 0.635814 0.127647 0.236540 
d_929 d929 0.123176 0.508465 0.368360 
d_930 d930 0.655567 0.182957 0.161475 
d_931 d931 0.842239 0.078880 0.078880 
d_932 d932 0.206550 0.713682 0.079768 
d_933 d933 0.518658 0.368395 0.112948 
d_934 d934 0.077579 0.537937 0.384484 
d_935 d935 0.278778 0.475177 0.246045 
d_936 d936 0.654066 0.241695 0.104238 
d_937 d937 0.473438 0.018097 0.508465 
d_938 d938 0.333333 0.068433 0.598234 
d_939 d939 0.048973 0.522907 0.428120 
d_940 d940 0.231552 0.384224 0.384224 
d_941 d941 0.617694 0.143760 0.238547 
d_942 d942 0.037402 0.703247 0.259351 
d_943 d943 0.589088 0.384484 0.026428 
d_944 d944 0.587367 0.216615 0.196018 
d_945 d945 0.396108 0.320778 0.283114 
d_946 d946 0.200242 0.127647 0.672111 
d_947 d947 0.333333 0.628536 0.038130 
d_948 d948 0.333333 0.384484 0.282182 
d_949 d949 0.200178 0.013759 0.786063 
d_950 d950 0.044733 0.564214 0.391053 
d_951 d951 0.314340 0.143400 0.542260 
d_952 d952 0.116783 0.534416 0.348801 
d_953 d953 0.078880 0.078880 0.842239 
d_954 d954 0.136046 0.111385 0.752569 
d_955 d955 0.220530 0.660462 0.119007 
d_956 d956 0.033226 0.933548 0.033226 
d_957 d957 0.220530 0.423576 0.355894 
d_958 d958 0.291193 0.316477 0.392330 
d_959 d959 0.376978 0.540644 0.082379 
d_960 d960 0.111931 0.111931 0.776138 
d_961 d961 0.077579 0.333333 0.589088 
d_962 d962 0.730684 0.200883 0.068433 
d_963 d963 0.033226 0.869239 0.097535 
d_964 d964 0.147845 0.376978 0.475177 
d_965 d965 0.536896 0.078880 0.384224 
d_966 d966 0.333333 0.648570 0.018097 
d_967 d967 0.728661 0.027853 0.243486 
d_968 d968 0.302398 0.488012 0.209590 
d_969 d969 0.073804 0.463098 0.463098 
d_970 d970 0.298307 0.053123 0.648570 
d_971 d971 0.433773 0.132454 0.433773 
d_972 d972 0.473537 0.200140 0.326323 
d_973 d973 0.292970 0.030609 0.676421 
d_974 d974 0.041169 0.678619 0.280212 
d_975 d975 0.094790 0.772756 0.132454 
d_976 d976 0.287734 0.698130 0.014136 
d_977 d977 0.111604 0.555063 0.333333 
d_978 d978 0.035510 0.310424 0.654066 
d_979 d979 0.359894 0.598938 0.041169 
d_980 d980 0.519256 0.120850 0.359894 
d_981 d981 0.657745 0.025142 0.317113 
d_982 d982 0.177388 0.060429 0.762183 
d_983 d983 0.029440 0.713200 0.257360 
d_984 d984 0.585338 0.104238 0.310424 
d_985 d985 0.516609 0.241695 0.241695 
d_986 d986 0.730684 0.200883 0.068433 
d_987 d987 0.183310 0.774027 0.042663 
d_988 d988 0.127051 0.323957 0.548992 
d_989 d989 0.132454 0.848085 0.019460 
d_990 d990 0.226152 0.483387 0.290461 
d_991 d991 0.404105 0.234253 0.361642 
d_992 d992 0.215917 0.215917 0.568167 
d_993 d993 0.019460 0.509102 0.471438 
d_994 d994 0.191791 0.404105 0.404105 
d_995 d995 0.368360 0.123176 0.508465 
d_996 d996 0.454179 0.212487 0.333333 
d_997 d997 0.038130 0.776138 0.185732 
d_998 d998 0.947144 0.026428 0.026428 
d_999 d999 0.255994 0.673627 0.070379 
d_1000 d1000 0.346911 0.021045 0.632043 
d_1001 d1001 0.073804 0.706407 0.219789 
d_1002 d1002 0.718622 0.123176 0.158202 
d_1003 d1003 0.472949 0.472949 0.054101 
d_1004 d1004 0.863135 0.068433 0.068433 
d_1005 d1005 0.137049 0.515598 0.347354 
d_1006 d1006 0.288987 0.510717 0.200296 
d_1007 d1007 0.207784 0.358443 0.433773 
d_1008 d1008 0.025142 0.657745 0.317113 
d_1009 d1009 0.863135 0.068433 0.068433 
d_1010 d1010 0.025142 0.073804 0.901054 
d_1011 d1011 0.029440 0.200380 0.770180 
d_1012 d1012 0.064402 0.149328 0.786270 
d_1013 d1013 0.419078 0.033226 0.547696 
d_1014 d1014 0.304473 0.217893 0.477633 
d_1015 d1015 0.265445 0.143245 0.591310 
d_1016 d1016 0.152064 0.212487 0.635448 
d_1017 d1017 0.116783 0.255994 0.627224 
d_1018 d1018 0.807267 0.048973 0.143760 
d_1019 d1019 0.231032 0.537937 0.231032 
d_1020 d1020 0.462494 0.194237 0.343269 
d_1021 d1021 0.599409 0.200296 0.200296 
d_1022 d1022 0.283114 0.546767 0.170119 
d_1023 d1023 0.405869 0.247610 0.346522 
d_1024 d1024 0.507911 0.115112 0.376978 
d_1025 d1025 0.616419 0.149328 0.234253 
d_1026 d1026 0.656220 0.143400 0.200380 
d_1027 d1027 0.476703 0.507424 0.015873 
d_1028 d1028 0.020222 0.489889 0.489889 
