Document 0
0.021338 0.755750 0.024061 0.017169 0.018308 0.022740 0.023831 0.021329 0.023653 0.017667 0.018532 0.018092 0.017528 
0.017835 0.022395 0.017283 0.018583 0.590653 0.017529 0.211304 0.016666 0.024002 0.014288 0.017228 0.017105 0.015129 
0.018975 0.014783 0.023486 0.018344 0.019340 0.021182 0.015727 0.016945 0.016916 0.778500 0.018223 0.017631 0.019950 
Document 1
0.047728 0.041431 0.053818 0.038403 0.040950 0.463109 0.053304 0.047708 0.052906 0.039517 0.041451 0.040468 0.039206 
0.007101 0.008917 0.307805 0.007399 0.009477 0.006979 0.535517 0.006636 0.009556 0.005689 0.006859 0.006810 0.081255 
0.078328 0.061024 0.096950 0.075723 0.079834 0.087440 0.064920 0.069951 0.069829 0.085642 0.075227 0.072780 0.082353 
Document 2
0.081204 0.070491 0.091566 0.065338 0.069673 0.086539 0.090691 0.081169 0.090014 0.067233 0.070525 0.068852 0.066705 
0.005793 0.007275 0.005614 0.006036 0.007732 0.005694 0.805179 0.005414 0.007797 0.004641 0.005596 0.005556 0.127671 
0.008157 0.250680 0.010097 0.170769 0.334080 0.009106 0.006761 0.007285 0.007272 0.008919 0.007834 0.007580 0.171459 
Document 3
0.047728 0.041431 0.053818 0.038403 0.040950 0.050864 0.465549 0.047708 0.052906 0.039517 0.041451 0.040468 0.039206 
0.008359 0.010496 0.450876 0.008709 0.011155 0.008215 0.010476 0.007811 0.454025 0.006697 0.008074 0.008016 0.007091 
0.078328 0.061024 0.096950 0.075723 0.079834 0.087440 0.064920 0.069951 0.069829 0.085642 0.075227 0.072780 0.082353 
Document 4
0.011105 0.009640 0.012522 0.008935 0.105444 0.011834 0.012402 0.011100 0.683725 0.009194 0.009644 0.009416 0.105039 
0.073035 0.091708 0.070773 0.076098 0.097470 0.071781 0.091539 0.068248 0.098289 0.058511 0.070548 0.070044 0.061956 
0.005797 0.120265 0.007175 0.005604 0.005908 0.122220 0.004805 0.005177 0.352415 0.295711 0.063442 0.005386 0.006095 
Document 5
0.012283 0.010662 0.013850 0.009883 0.010539 0.861830 0.013718 0.012278 0.013616 0.010170 0.010668 0.010415 0.010090 
0.493752 0.014293 0.252215 0.132452 0.015191 0.011187 0.014267 0.010637 0.015319 0.009119 0.010995 0.010917 0.009656 
0.012099 0.009426 0.014975 0.011696 0.012331 0.013506 0.734774 0.010805 0.010786 0.013229 0.011620 0.011242 0.133511 
Document 6
0.011105 0.009640 0.012522 0.008935 0.009528 0.875082 0.012402 0.011100 0.012310 0.009194 0.009644 0.009416 0.009122 
0.006604 0.078260 0.146334 0.006881 0.008814 0.006491 0.498048 0.006171 0.078855 0.145225 0.006379 0.006334 0.005602 
0.640535 0.023800 0.037812 0.029533 0.031137 0.034103 0.025320 0.027282 0.027234 0.033402 0.029339 0.028385 0.032119 
Document 7
0.796138 0.015641 0.020317 0.014497 0.015459 0.019201 0.020122 0.018010 0.019972 0.014918 0.015648 0.015277 0.014800 
0.007101 0.008917 0.006881 0.007399 0.009477 0.307903 0.008900 0.006636 0.009556 0.607537 0.006859 0.006810 0.006024 
0.078328 0.061024 0.096950 0.075723 0.079834 0.087440 0.064920 0.069951 0.069829 0.085642 0.075227 0.072780 0.082353 
Document 8
0.015591 0.013534 0.017581 0.012545 0.013377 0.824616 0.017413 0.015584 0.017283 0.012909 0.013541 0.013219 0.012807 
0.017835 0.400296 0.017283 0.018583 0.023802 0.017529 0.022354 0.016666 0.024002 0.392189 0.017228 0.017105 0.015129 
0.010795 0.008410 0.121134 0.010436 0.334321 0.119824 0.008947 0.332959 0.009624 0.011803 0.010367 0.010030 0.011350 
Document 9
0.047728 0.041431 0.053818 0.038403 0.040950 0.463109 0.053304 0.047708 0.052906 0.039517 0.041451 0.040468 0.039206 
0.015001 0.177758 0.332380 0.015630 0.020019 0.014743 0.018801 0.331861 0.020188 0.012018 0.014490 0.014386 0.012725 
0.078328 0.061024 0.096950 0.075723 0.079834 0.087440 0.064920 0.069951 0.069829 0.085642 0.075227 0.072780 0.082353 
Document 10
0.012283 0.328940 0.013850 0.009883 0.328816 0.013090 0.013718 0.012278 0.225800 0.010170 0.010668 0.010415 0.010090 
0.073035 0.091708 0.070773 0.076098 0.097470 0.071781 0.091539 0.068248 0.098289 0.058511 0.070548 0.070044 0.061956 
0.078328 0.061024 0.096950 0.075723 0.079834 0.087440 0.064920 0.069951 0.069829 0.085642 0.075227 0.072780 0.082353 
Document 11
0.008623 0.007486 0.307659 0.006939 0.603269 0.009190 0.009631 0.008620 0.009559 0.007140 0.007489 0.007312 0.007084 
0.005793 0.314166 0.005614 0.006036 0.007732 0.005694 0.007261 0.619197 0.007797 0.004641 0.005596 0.005556 0.004915 
0.003962 0.003087 0.637847 0.003831 0.004039 0.004423 0.003284 0.003539 0.003532 0.202127 0.122482 0.003682 0.004166 
Document 12
0.026160 0.022708 0.029498 0.021048 0.248396 0.027878 0.029216 0.478050 0.028998 0.021659 0.022719 0.022180 0.021489 
0.073035 0.091708 0.070773 0.076098 0.097470 0.071781 0.091539 0.068248 0.098289 0.058511 0.070548 0.070044 0.061956 
0.008881 0.006919 0.010992 0.008585 0.009051 0.364563 0.184685 0.007931 0.362566 0.009710 0.008529 0.008252 0.009337 
Document 13
0.021338 0.018523 0.208368 0.017169 0.018308 0.022740 0.023831 0.021329 0.023653 0.017667 0.571452 0.018092 0.017528 
0.015001 0.018836 0.332380 0.015630 0.020019 0.014743 0.018801 0.490783 0.020188 0.012018 0.014490 0.014386 0.012725 
0.008881 0.006919 0.010992 0.008585 0.718349 0.187238 0.007360 0.007931 0.007917 0.009710 0.008529 0.008252 0.009337 
Document 14
0.009317 0.008088 0.010506 0.007497 0.007994 0.009930 0.573753 0.009313 0.010328 0.007714 0.008092 0.007900 0.329566 
0.003886 0.004879 0.003765 0.004049 0.005186 0.003819 0.251861 0.003631 0.252220 0.003113 0.209579 0.250717 0.003296 
0.012099 0.009426 0.014975 0.011696 0.012331 0.738252 0.010028 0.010805 0.010786 0.134019 0.011620 0.011242 0.012720 
Document 15
0.081204 0.070491 0.091566 0.065338 0.069673 0.086539 0.090691 0.081169 0.090014 0.067233 0.070525 0.068852 0.066705 
0.017835 0.022395 0.773084 0.018583 0.023802 0.017529 0.022354 0.016666 0.024002 0.014288 0.017228 0.017105 0.015129 
0.043955 0.034244 0.054405 0.042493 0.044800 0.049068 0.036431 0.039254 0.039186 0.486894 0.042215 0.040841 0.046213 
Document 16
0.018018 0.482513 0.020317 0.014497 0.015459 0.330449 0.020122 0.018010 0.019972 0.014918 0.015648 0.015277 0.014800 
0.041175 0.051703 0.039900 0.042902 0.054951 0.040468 0.487832 0.038477 0.055413 0.032987 0.039774 0.039489 0.034929 
0.043955 0.034244 0.054405 0.042493 0.044800 0.049068 0.036431 0.039254 0.039186 0.486894 0.042215 0.040841 0.046213 
Document 17
0.021338 0.018523 0.761288 0.017169 0.018308 0.022740 0.023831 0.021329 0.023653 0.017667 0.018532 0.018092 0.017528 
0.005793 0.007275 0.435262 0.006036 0.007732 0.005694 0.007261 0.005414 0.314688 0.188776 0.005596 0.005556 0.004915 
0.030549 0.328793 0.037812 0.029533 0.031137 0.339096 0.025320 0.027282 0.027234 0.033402 0.029339 0.028385 0.032119 
Document 18
0.081204 0.070491 0.091566 0.065338 0.069673 0.086539 0.090691 0.081169 0.090014 0.067233 0.070525 0.068852 0.066705 
0.006604 0.008293 0.216302 0.006881 0.218716 0.006491 0.288146 0.006171 0.008888 0.005291 0.006379 0.006334 0.215504 
0.015953 0.012428 0.816080 0.015422 0.016259 0.017808 0.013222 0.014247 0.014222 0.017442 0.015321 0.014823 0.016772 
Document 19
0.011105 0.585139 0.012522 0.008935 0.297277 0.011834 0.012402 0.011100 0.012310 0.009194 0.009644 0.009416 0.009122 
0.021990 0.027612 0.021309 0.022912 0.495287 0.021613 0.027561 0.020549 0.262564 0.017617 0.021241 0.021090 0.018654 
0.015953 0.012428 0.019745 0.015422 0.334793 0.017808 0.491023 0.014247 0.014222 0.017442 0.015321 0.014823 0.016772 
Document 20
0.026160 0.022708 0.029498 0.698901 0.022445 0.027878 0.029216 0.026148 0.028998 0.021659 0.022719 0.022180 0.021489 
0.041175 0.051703 0.039900 0.042902 0.054951 0.040468 0.487832 0.038477 0.055413 0.032987 0.039774 0.039489 0.034929 
0.007543 0.005877 0.009336 0.007292 0.007688 0.008421 0.156868 0.006736 0.759807 0.008247 0.007244 0.007009 0.007931 
Document 21
0.015591 0.821535 0.017581 0.012545 0.013377 0.016615 0.017413 0.015584 0.017283 0.012909 0.013541 0.013219 0.012807 
0.012944 0.016253 0.012543 0.013486 0.017274 0.012721 0.016223 0.560612 0.017419 0.010370 0.012503 0.012414 0.285238 
0.023409 0.018238 0.496399 0.022631 0.023860 0.026133 0.019402 0.020906 0.020869 0.025595 0.022482 0.021751 0.258324 
Document 22
0.704013 0.022708 0.029498 0.021048 0.022445 0.027878 0.029216 0.026148 0.028998 0.021659 0.022719 0.022180 0.021489 
0.017835 0.022395 0.017283 0.018583 0.023802 0.017529 0.022354 0.016666 0.024002 0.581139 0.017228 0.206055 0.015129 
0.030549 0.023800 0.037812 0.029533 0.031137 0.034103 0.635305 0.027282 0.027234 0.033402 0.029339 0.028385 0.032119 
Document 23
0.081204 0.070491 0.091566 0.065338 0.069673 0.086539 0.090691 0.081169 0.090014 0.067233 0.070525 0.068852 0.066705 
0.006172 0.203926 0.005981 0.006431 0.008237 0.267634 0.007736 0.005768 0.008307 0.004945 0.005962 0.005920 0.462980 
0.013761 0.285493 0.017033 0.013303 0.014026 0.015362 0.011405 0.149675 0.012268 0.015046 0.013216 0.150172 0.289240 
Document 24
0.373204 0.167876 0.005345 0.003814 0.290650 0.005051 0.005294 0.004738 0.005254 0.003924 0.004117 0.004019 0.126715 
0.012944 0.016253 0.012543 0.013486 0.154403 0.012721 0.016223 0.012095 0.017419 0.010370 0.012503 0.698059 0.010980 
0.006556 0.005107 0.335366 0.006338 0.006682 0.072769 0.005433 0.071305 0.005844 0.465320 0.006296 0.006091 0.006893 
Document 25
0.026160 0.022708 0.029498 0.021048 0.022445 0.253829 0.481118 0.026148 0.028998 0.021659 0.022719 0.022180 0.021489 
0.008359 0.010496 0.008100 0.008709 0.011155 0.185326 0.010476 0.007811 0.011249 0.006697 0.008074 0.185127 0.538422 
0.009745 0.007592 0.206637 0.009421 0.009932 0.205454 0.008077 0.008703 0.008687 0.010655 0.009359 0.495494 0.010245 
Document 26
0.081204 0.070491 0.091566 0.065338 0.069673 0.086539 0.090691 0.081169 0.090014 0.067233 0.070525 0.068852 0.066705 
0.009171 0.011516 0.008887 0.009555 0.012239 0.009013 0.108653 0.008570 0.012342 0.007347 0.008859 0.397432 0.396416 
0.151147 0.148107 0.017033 0.013303 0.151412 0.427520 0.011405 0.012289 0.012268 0.015046 0.013216 0.012786 0.014468 
Document 27
0.026160 0.022708 0.029498 0.021048 0.022445 0.705731 0.029216 0.026148 0.028998 0.021659 0.022719 0.022180 0.021489 
0.021990 0.027612 0.487249 0.022912 0.029347 0.021613 0.027561 0.020549 0.029594 0.017617 0.021241 0.254060 0.018654 
0.018975 0.014783 0.023486 0.018344 0.587654 0.021182 0.015727 0.016945 0.016916 0.020746 0.018223 0.017631 0.209388 
Document 28
0.012283 0.010662 0.013850 0.222068 0.328816 0.013090 0.013718 0.330555 0.013616 0.010170 0.010668 0.010415 0.010090 
0.021990 0.260582 0.254279 0.022912 0.029347 0.021613 0.027561 0.020549 0.262564 0.017617 0.021241 0.021090 0.018654 
0.005196 0.263400 0.421395 0.005023 0.005295 0.005800 0.211788 0.056510 0.004632 0.005681 0.004990 0.004827 0.005462 
Document 29
0.615849 0.127879 0.129708 0.005671 0.006048 0.007511 0.068752 0.007045 0.007813 0.005836 0.006121 0.005976 0.005790 
0.007679 0.009642 0.007441 0.008001 0.905110 0.007547 0.009624 0.007175 0.010334 0.006152 0.007417 0.007364 0.006514 
0.009745 0.007592 0.012061 0.009421 0.009932 0.010878 0.008077 0.008703 0.105975 0.010655 0.009359 0.009054 0.788549 
Document 30
0.081204 0.070491 0.091566 0.065338 0.069673 0.086539 0.090691 0.081169 0.090014 0.067233 0.070525 0.068852 0.066705 
0.015001 0.018836 0.809146 0.015630 0.020019 0.014743 0.018801 0.014017 0.020188 0.012018 0.014490 0.014386 0.012725 
0.023409 0.018238 0.028975 0.490056 0.023860 0.026133 0.019402 0.020906 0.020869 0.025595 0.022482 0.021751 0.258324 
Document 31
0.006644 0.005767 0.007492 0.464437 0.292632 0.007080 0.007420 0.006641 0.007365 0.005501 0.063157 0.120406 0.005458 
0.332844 0.018836 0.014536 0.174552 0.020019 0.014743 0.018801 0.014017 0.020188 0.012018 0.014490 0.014386 0.330569 
0.023409 0.018238 0.028975 0.022631 0.023860 0.727270 0.019402 0.020906 0.020869 0.025595 0.022482 0.021751 0.024612 
Document 32
0.003805 0.364839 0.365827 0.003062 0.036132 0.004055 0.004250 0.168138 0.004218 0.003151 0.003305 0.003226 0.035993 
0.021990 0.027612 0.021309 0.022912 0.029347 0.021613 0.027561 0.253519 0.029594 0.250587 0.021241 0.021090 0.251624 
0.010795 0.008410 0.121134 0.010436 0.011002 0.012051 0.008947 0.009640 0.009624 0.119576 0.657005 0.010030 0.011350 
Document 33
0.021338 0.018523 0.024061 0.017169 0.018308 0.022740 0.023831 0.021329 0.023653 0.017667 0.202839 0.018092 0.570448 
0.006604 0.008293 0.426203 0.006881 0.008814 0.006491 0.008277 0.216073 0.288757 0.005291 0.006379 0.006334 0.005602 
0.010795 0.008410 0.013361 0.764847 0.011002 0.119824 0.008947 0.009640 0.009624 0.011803 0.010367 0.010030 0.011350 
Document 34
0.396466 0.006515 0.008463 0.006039 0.006440 0.007998 0.008382 0.331636 0.008320 0.071041 0.006518 0.006364 0.135819 
0.332399 0.035999 0.027781 0.333601 0.038261 0.028177 0.035933 0.026790 0.038582 0.022968 0.027693 0.027495 0.024320 
0.004496 0.003503 0.364651 0.004346 0.408554 0.005019 0.003726 0.004015 0.004008 0.004916 0.004318 0.004177 0.184270 
Document 35
0.081204 0.070491 0.091566 0.065338 0.069673 0.086539 0.090691 0.081169 0.090014 0.067233 0.070525 0.068852 0.066705 
0.010158 0.012755 0.117458 0.010584 0.013556 0.009983 0.550806 0.009492 0.013670 0.008138 0.225042 0.009742 0.008617 
0.040330 0.002861 0.004545 0.406794 0.113718 0.004099 0.296312 0.003279 0.003273 0.004015 0.003526 0.113387 0.003860 
Document 36
0.018018 0.015641 0.020317 0.014497 0.637955 0.174825 0.020122 0.018010 0.019972 0.014918 0.015648 0.015277 0.014800 
0.041175 0.051703 0.476125 0.042902 0.054951 0.040468 0.051607 0.038477 0.055413 0.032987 0.039774 0.039489 0.034929 
0.078328 0.061024 0.096950 0.075723 0.079834 0.087440 0.064920 0.069951 0.069829 0.085642 0.075227 0.072780 0.082353 
Document 37
0.012283 0.010662 0.013850 0.009883 0.010539 0.013090 0.013718 0.012278 0.650170 0.010170 0.010668 0.222599 0.010090 
0.073035 0.091708 0.070773 0.076098 0.097470 0.071781 0.091539 0.068248 0.098289 0.058511 0.070548 0.070044 0.061956 
0.204321 0.007592 0.012061 0.009421 0.496372 0.010878 0.008077 0.105990 0.008687 0.010655 0.009359 0.009054 0.107533 
Document 38
0.526119 0.136169 0.073290 0.006039 0.006440 0.007998 0.008382 0.007502 0.137973 0.071041 0.006518 0.006364 0.006165 
0.073035 0.091708 0.070773 0.076098 0.097470 0.071781 0.091539 0.068248 0.098289 0.058511 0.070548 0.070044 0.061956 
0.018975 0.014783 0.023486 0.018344 0.019340 0.021182 0.015727 0.016945 0.016916 0.020746 0.018223 0.017631 0.777703 
Document 39
0.015591 0.013534 0.152247 0.012545 0.013377 0.016615 0.017413 0.150251 0.286616 0.012909 0.013541 0.282553 0.012807 
0.017835 0.022395 0.017283 0.018583 0.590653 0.017529 0.022354 0.016666 0.024002 0.014288 0.017228 0.017105 0.204080 
0.072006 0.005107 0.531717 0.006338 0.006682 0.007318 0.005433 0.071305 0.005844 0.007168 0.006296 0.006091 0.268694 
Document 40
0.081204 0.070491 0.091566 0.065338 0.069673 0.086539 0.090691 0.081169 0.090014 0.067233 0.070525 0.068852 0.066705 
0.007101 0.008917 0.533498 0.082630 0.009477 0.232672 0.008900 0.006636 0.084787 0.005689 0.006859 0.006810 0.006024 
0.005797 0.004516 0.007175 0.179228 0.005908 0.006471 0.004805 0.005177 0.005168 0.006338 0.005567 0.005386 0.758463 
Document 41
0.011105 0.009640 0.012522 0.008935 0.009528 0.683250 0.012402 0.011100 0.012310 0.009194 0.009644 0.201248 0.009122 
0.021990 0.726522 0.021309 0.022912 0.029347 0.021613 0.027561 0.020549 0.029594 0.017617 0.021241 0.021090 0.018654 
0.006153 0.004794 0.191905 0.620246 0.006271 0.006869 0.005100 0.128354 0.005485 0.006728 0.005909 0.005717 0.006469 
Document 42
0.447741 0.271361 0.011426 0.008153 0.008694 0.010799 0.011317 0.010129 0.186276 0.008390 0.008800 0.008592 0.008324 
0.028669 0.035999 0.027781 0.029871 0.038261 0.028177 0.035933 0.026790 0.038582 0.022968 0.027693 0.634955 0.024320 
0.018975 0.014783 0.023486 0.018344 0.019340 0.021182 0.394603 0.016945 0.016916 0.020746 0.018223 0.017631 0.398826 
Document 43
0.081204 0.070491 0.091566 0.065338 0.069673 0.086539 0.090691 0.081169 0.090014 0.067233 0.070525 0.068852 0.066705 
0.021990 0.027612 0.021309 0.022912 0.029347 0.021613 0.027561 0.020549 0.728504 0.017617 0.021241 0.021090 0.018654 
0.103565 0.003848 0.104739 0.004775 0.202285 0.005514 0.349282 0.004411 0.004403 0.005401 0.004744 0.201840 0.005193 
Document 44
0.459974 0.041431 0.053818 0.038403 0.040950 0.050864 0.053304 0.047708 0.052906 0.039517 0.041451 0.040468 0.039206 
0.041175 0.051703 0.039900 0.042902 0.054951 0.040468 0.051607 0.038477 0.491637 0.032987 0.039774 0.039489 0.034929 
0.015953 0.012428 0.019745 0.015422 0.016259 0.017808 0.013222 0.014247 0.173489 0.017442 0.015321 0.014823 0.653840 
Document 45
0.005960 0.262564 0.006720 0.004795 0.005114 0.006351 0.006656 0.057435 0.315475 0.262325 0.005176 0.005053 0.056374 
0.073035 0.091708 0.070773 0.076098 0.097470 0.071781 0.091539 0.068248 0.098289 0.058511 0.070548 0.070044 0.061956 
0.008157 0.006355 0.010097 0.007886 0.008314 0.009106 0.006761 0.007285 0.007272 0.008919 0.089276 0.007580 0.822991 
Document 46
0.021338 0.018523 0.208368 0.017169 0.018308 0.022740 0.392445 0.021329 0.207960 0.017667 0.018532 0.018092 0.017528 
0.011383 0.496663 0.011030 0.011860 0.015191 0.011187 0.014267 0.010637 0.256503 0.009119 0.131588 0.010917 0.009656 
0.078328 0.061024 0.096950 0.075723 0.079834 0.087440 0.064920 0.069951 0.069829 0.085642 0.075227 0.072780 0.082353 
Document 47
0.033796 0.029337 0.038108 0.027193 0.028997 0.619832 0.037744 0.033781 0.037462 0.027981 0.029351 0.028655 0.027762 
0.017835 0.022395 0.017283 0.018583 0.023802 0.017529 0.022354 0.016666 0.024002 0.770089 0.017228 0.017105 0.015129 
0.015953 0.330962 0.019745 0.015422 0.016259 0.017808 0.013222 0.014247 0.492023 0.017442 0.015321 0.014823 0.016772 
Document 48
0.047728 0.041431 0.053818 0.450648 0.040950 0.050864 0.053304 0.047708 0.052906 0.039517 0.041451 0.040468 0.039206 
0.067172 0.130031 0.005614 0.006036 0.007732 0.005694 0.743801 0.005414 0.007797 0.004641 0.005596 0.005556 0.004915 
0.010795 0.008410 0.013361 0.010436 0.011002 0.012051 0.116720 0.009640 0.009624 0.550668 0.010367 0.225576 0.011350 
Document 49
0.355867 0.109074 0.004593 0.003277 0.003495 0.426493 0.004549 0.004071 0.004515 0.003372 0.073896 0.003453 0.003346 
0.150073 0.016253 0.012543 0.150616 0.154403 0.012721 0.016223 0.286353 0.017419 0.010370 0.149632 0.012414 0.010980 
0.005480 0.004269 0.006783 0.005298 0.005585 0.006117 0.551625 0.387852 0.004885 0.005991 0.005263 0.005092 0.005761 
Document 50
0.015591 0.013534 0.017581 0.820545 0.013377 0.016615 0.017413 0.015584 0.017283 0.012909 0.013541 0.013219 0.012807 
0.073035 0.091708 0.070773 0.076098 0.097470 0.071781 0.091539 0.068248 0.098289 0.058511 0.070548 0.070044 0.061956 
0.023409 0.018238 0.028975 0.022631 0.023860 0.026133 0.720539 0.020906 0.020869 0.025595 0.022482 0.021751 0.024612 
Document 51
0.047728 0.041431 0.466064 0.038403 0.040950 0.050864 0.053304 0.047708 0.052906 0.039517 0.041451 0.040468 0.039206 
0.041175 0.051703 0.039900 0.479127 0.054951 0.040468 0.051607 0.038477 0.055413 0.032987 0.039774 0.039489 0.034929 
0.015953 0.012428 0.497546 0.015422 0.016259 0.017808 0.013222 0.014247 0.014222 0.335976 0.015321 0.014823 0.016772 
Document 52
0.033796 0.029337 0.038108 0.611008 0.028997 0.036016 0.037744 0.033781 0.037462 0.027981 0.029351 0.028655 0.027762 
0.017835 0.022395 0.773084 0.018583 0.023802 0.017529 0.022354 0.016666 0.024002 0.014288 0.017228 0.017105 0.015129 
0.078328 0.061024 0.096950 0.075723 0.079834 0.087440 0.064920 0.069951 0.069829 0.085642 0.075227 0.072780 0.082353 
Document 53
0.007505 0.589956 0.202943 0.006039 0.006440 0.007998 0.073209 0.007502 0.008320 0.006214 0.006518 0.071190 0.006165 
0.015001 0.495602 0.014536 0.015630 0.337863 0.014743 0.018801 0.014017 0.020188 0.012018 0.014490 0.014386 0.012725 
0.015953 0.012428 0.019745 0.652490 0.016259 0.017808 0.013222 0.173514 0.014222 0.017442 0.015321 0.014823 0.016772 
Document 54
0.704013 0.022708 0.029498 0.021048 0.022445 0.027878 0.029216 0.026148 0.028998 0.021659 0.022719 0.022180 0.021489 
0.073035 0.091708 0.070773 0.076098 0.097470 0.071781 0.091539 0.068248 0.098289 0.058511 0.070548 0.070044 0.061956 
0.006556 0.005107 0.073565 0.006338 0.006682 0.007318 0.005433 0.005855 0.463997 0.007168 0.006296 0.006091 0.399594 
Document 55
0.003093 0.002685 0.003488 0.002489 0.002654 0.003297 0.003455 0.243568 0.484382 0.002561 0.002687 0.136221 0.109419 
0.017835 0.022395 0.017283 0.018583 0.023802 0.017529 0.211304 0.016666 0.212952 0.392189 0.017228 0.017105 0.015129 
0.007015 0.005465 0.008683 0.076816 0.427354 0.007831 0.005814 0.006265 0.006254 0.007670 0.006737 0.006518 0.427580 
Document 56
0.791158 0.003953 0.005135 0.160985 0.003907 0.004853 0.005085 0.004552 0.005048 0.003770 0.003955 0.003861 0.003740 
0.015001 0.018836 0.014536 0.015630 0.020019 0.014743 0.018801 0.331861 0.020188 0.488783 0.014490 0.014386 0.012725 
0.078328 0.061024 0.096950 0.075723 0.079834 0.087440 0.064920 0.069951 0.069829 0.085642 0.075227 0.072780 0.082353 
Document 57
0.386187 0.222542 0.007085 0.005056 0.005391 0.060968 0.115561 0.060553 0.006965 0.005202 0.059729 0.059599 0.005161 
0.007101 0.008917 0.383036 0.007399 0.009477 0.082210 0.460286 0.006636 0.009556 0.005689 0.006859 0.006810 0.006024 
0.004496 0.003503 0.050451 0.004346 0.004582 0.005019 0.003726 0.093787 0.093780 0.364002 0.004318 0.004177 0.363813 
Document 58
0.004381 0.079487 0.194150 0.003525 0.003759 0.042511 0.004893 0.269273 0.383275 0.003627 0.003805 0.003715 0.003599 
0.015001 0.018836 0.332380 0.015630 0.020019 0.014743 0.018801 0.014017 0.020188 0.488783 0.014490 0.014386 0.012725 
0.015953 0.012428 0.179012 0.015422 0.016259 0.017808 0.013222 0.332781 0.014222 0.335976 0.015321 0.014823 0.016772 
Document 59
0.018018 0.015641 0.020317 0.014497 0.015459 0.019201 0.020122 0.018010 0.486845 0.014918 0.015648 0.326525 0.014800 
0.041175 0.051703 0.039900 0.042902 0.054951 0.040468 0.051607 0.038477 0.055413 0.032987 0.039774 0.039489 0.471154 
0.002119 0.001651 0.002622 0.086653 0.277124 0.002365 0.022907 0.001892 0.044191 0.002316 0.086639 0.150027 0.319495 
Document 60
0.010133 0.008796 0.011426 0.095675 0.008694 0.185842 0.273882 0.010129 0.098754 0.270955 0.008800 0.008592 0.008324 
0.073035 0.091708 0.070773 0.076098 0.097470 0.071781 0.091539 0.068248 0.098289 0.058511 0.070548 0.070044 0.061956 
0.030549 0.023800 0.037812 0.029533 0.031137 0.034103 0.025320 0.027282 0.027234 0.033402 0.639325 0.028385 0.032119 
Document 61
0.033796 0.029337 0.038108 0.027193 0.028997 0.036016 0.037744 0.617597 0.037462 0.027981 0.029351 0.028655 0.027762 
0.073035 0.091708 0.070773 0.076098 0.097470 0.071781 0.091539 0.068248 0.098289 0.058511 0.070548 0.070044 0.061956 
0.004939 0.003848 0.006114 0.004775 0.005034 0.005514 0.004094 0.004411 0.004403 0.054713 0.004744 0.004589 0.892821 
Document 62
0.005668 0.004920 0.055349 0.004561 0.004863 0.446661 0.055288 0.005666 0.104199 0.004693 0.004923 0.298553 0.004656 
0.009171 0.108675 0.008887 0.009555 0.789512 0.009013 0.011494 0.008570 0.012342 0.007347 0.008859 0.008795 0.007780 
0.010795 0.008410 0.121134 0.010436 0.011002 0.658688 0.008947 0.009640 0.009624 0.119576 0.010367 0.010030 0.011350 
Document 63
0.368842 0.477672 0.004760 0.003397 0.003622 0.004499 0.004715 0.004220 0.004679 0.003495 0.003666 0.112966 0.003468 
0.073035 0.091708 0.070773 0.076098 0.097470 0.071781 0.091539 0.068248 0.098289 0.058511 0.070548 0.070044 0.061956 
0.013761 0.010721 0.017033 0.013303 0.014026 0.015362 0.560949 0.012289 0.012268 0.015046 0.013216 0.012786 0.289240 
Document 64
0.007505 0.395475 0.008463 0.006039 0.071266 0.007998 0.008382 0.007502 0.073146 0.395174 0.006518 0.006364 0.006165 
0.041175 0.051703 0.039900 0.042902 0.054951 0.040468 0.051607 0.038477 0.491637 0.032987 0.039774 0.039489 0.034929 
0.078328 0.061024 0.096950 0.075723 0.079834 0.087440 0.064920 0.069951 0.069829 0.085642 0.075227 0.072780 0.082353 
Document 65
0.004381 0.268696 0.307675 0.003525 0.003759 0.004669 0.004893 0.004379 0.004857 0.003627 0.003805 0.382134 0.003599 
0.011383 0.014293 0.011030 0.011860 0.015191 0.252372 0.496636 0.010637 0.015319 0.009119 0.131588 0.010917 0.009656 
0.006153 0.004794 0.069046 0.558816 0.251990 0.006869 0.005100 0.005495 0.005485 0.006728 0.005909 0.005717 0.067899 
Document 66
0.097655 0.096318 0.011426 0.008153 0.271259 0.010799 0.011317 0.010129 0.011232 0.008390 0.008800 0.446200 0.008324 
0.028669 0.035999 0.027781 0.029871 0.038261 0.331907 0.035933 0.026790 0.038582 0.022968 0.331423 0.027495 0.024320 
0.043955 0.034244 0.054405 0.042493 0.044800 0.487903 0.036431 0.039254 0.039186 0.048059 0.042215 0.040841 0.046213 
Document 67
0.490687 0.009640 0.012522 0.008935 0.009528 0.107751 0.012402 0.298849 0.012310 0.009194 0.009644 0.009416 0.009122 
0.015001 0.018836 0.014536 0.015630 0.020019 0.014743 0.018801 0.014017 0.020188 0.012018 0.014490 0.332230 0.489491 
0.009745 0.007592 0.012061 0.009421 0.204508 0.010878 0.008077 0.008703 0.008687 0.010655 0.009359 0.009054 0.691261 
Document 68
0.081204 0.070491 0.091566 0.065338 0.069673 0.086539 0.090691 0.081169 0.090014 0.067233 0.070525 0.068852 0.066705 
0.017835 0.022395 0.017283 0.018583 0.212752 0.017529 0.589204 0.016666 0.024002 0.014288 0.017228 0.017105 0.015129 
0.008881 0.006919 0.010992 0.008585 0.186376 0.009914 0.007360 0.007931 0.007917 0.009710 0.008529 0.008252 0.718635 
Document 69
0.194610 0.003198 0.067796 0.002964 0.003161 0.226673 0.004115 0.003683 0.322294 0.003050 0.003200 0.162229 0.003026 
0.073035 0.091708 0.070773 0.076098 0.097470 0.071781 0.091539 0.068248 0.098289 0.058511 0.070548 0.070044 0.061956 
0.002314 0.001803 0.095289 0.348828 0.256525 0.279856 0.001918 0.002067 0.002063 0.002530 0.002223 0.002150 0.002433 
Document 70
0.466166 0.003099 0.004026 0.002873 0.003063 0.003805 0.096507 0.003569 0.003958 0.187994 0.033941 0.188066 0.002933 
0.004893 0.006144 0.004741 0.005098 0.110197 0.004809 0.057966 0.004572 0.213920 0.003920 0.004726 0.574865 0.004150 
0.001953 0.001522 0.314438 0.021390 0.079996 0.002181 0.001619 0.001744 0.001741 0.002136 0.001876 0.001815 0.567590 
Document 71
0.026160 0.022708 0.707350 0.021048 0.022445 0.027878 0.029216 0.026148 0.028998 0.021659 0.022719 0.022180 0.021489 
0.073035 0.091708 0.070773 0.076098 0.097470 0.071781 0.091539 0.068248 0.098289 0.058511 0.070548 0.070044 0.061956 
0.018975 0.014783 0.023486 0.018344 0.019340 0.021182 0.015727 0.016945 0.774669 0.020746 0.018223 0.017631 0.019950 
Document 72
0.081204 0.070491 0.091566 0.065338 0.069673 0.086539 0.090691 0.081169 0.090014 0.067233 0.070525 0.068852 0.066705 
0.011383 0.014293 0.011030 0.011860 0.015191 0.011187 0.858413 0.010637 0.015319 0.009119 0.010995 0.010917 0.009656 
0.030549 0.023800 0.037812 0.029533 0.031137 0.034103 0.025320 0.027282 0.637220 0.033402 0.029339 0.028385 0.032119 
Document 73
0.081204 0.070491 0.091566 0.065338 0.069673 0.086539 0.090691 0.081169 0.090014 0.067233 0.070525 0.068852 0.066705 
0.009171 0.011516 0.203205 0.009555 0.498035 0.203332 0.011494 0.008570 0.012342 0.007347 0.008859 0.008795 0.007780 
0.030549 0.633786 0.037812 0.029533 0.031137 0.034103 0.025320 0.027282 0.027234 0.033402 0.029339 0.028385 0.032119 
Document 74
0.015591 0.013534 0.017581 0.281878 0.013377 0.016615 0.017413 0.015584 0.286616 0.012909 0.282874 0.013219 0.012807 
0.071564 0.007750 0.005981 0.006431 0.008237 0.006066 0.007736 0.528904 0.008307 0.004945 0.005962 0.005920 0.332196 
0.114896 0.058977 0.006783 0.224131 0.552668 0.006117 0.004542 0.004894 0.004885 0.005991 0.005263 0.005092 0.005761 
Document 75
0.007505 0.006515 0.008463 0.330173 0.006440 0.007998 0.008382 0.072329 0.397280 0.006214 0.136172 0.006364 0.006165 
0.015001 0.018836 0.014536 0.015630 0.020019 0.014743 0.018801 0.808627 0.020188 0.012018 0.014490 0.014386 0.012725 
0.212678 0.004048 0.006431 0.160634 0.420260 0.005800 0.004306 0.004640 0.004632 0.005681 0.056860 0.108569 0.005462 
Document 76
0.081204 0.070491 0.091566 0.065338 0.069673 0.086539 0.090691 0.081169 0.090014 0.067233 0.070525 0.068852 0.066705 
0.073035 0.091708 0.070773 0.076098 0.097470 0.071781 0.091539 0.068248 0.098289 0.058511 0.070548 0.070044 0.061956 
0.005797 0.004516 0.007175 0.005604 0.005908 0.006471 0.352052 0.005177 0.526038 0.006338 0.005567 0.005386 0.063969 
Document 77
0.252111 0.022708 0.481400 0.021048 0.022445 0.027878 0.029216 0.026148 0.028998 0.021659 0.022719 0.022180 0.021489 
0.011383 0.014293 0.613992 0.011860 0.015191 0.252372 0.014267 0.010637 0.015319 0.009119 0.010995 0.010917 0.009656 
0.005196 0.004048 0.369525 0.108764 0.005295 0.005800 0.004306 0.004640 0.004632 0.213163 0.004990 0.004827 0.264815 
Document 78
0.008026 0.006967 0.009050 0.006458 0.006886 0.008553 0.008963 0.562586 0.008896 0.006645 0.214932 0.006805 0.145234 
0.041175 0.051703 0.039900 0.042902 0.054951 0.476693 0.051607 0.038477 0.055413 0.032987 0.039774 0.039489 0.034929 
0.023409 0.018238 0.028975 0.022631 0.023860 0.026133 0.019402 0.020906 0.020869 0.726732 0.022482 0.021751 0.024612 
Document 79
0.081204 0.070491 0.091566 0.065338 0.069673 0.086539 0.090691 0.081169 0.090014 0.067233 0.070525 0.068852 0.066705 
0.041175 0.051703 0.476125 0.042902 0.054951 0.040468 0.051607 0.038477 0.055413 0.032987 0.039774 0.039489 0.034929 
0.008157 0.006355 0.010097 0.007886 0.008314 0.009106 0.006761 0.007285 0.007272 0.334685 0.577924 0.007580 0.008577 
Document 80
0.018018 0.015641 0.020317 0.014497 0.015459 0.019201 0.020122 0.640506 0.019972 0.014918 0.171272 0.015277 0.014800 
0.005793 0.007275 0.373884 0.006036 0.191867 0.005694 0.191396 0.005414 0.007797 0.188776 0.005596 0.005556 0.004915 
0.003962 0.398676 0.123581 0.003831 0.004039 0.004423 0.121961 0.003539 0.003532 0.162568 0.003805 0.082799 0.083284 
Document 81
0.033796 0.613153 0.038108 0.027193 0.028997 0.036016 0.037744 0.033781 0.037462 0.027981 0.029351 0.028655 0.027762 
0.028669 0.035999 0.027781 0.029871 0.038261 0.331907 0.035933 0.026790 0.038582 0.022968 0.027693 0.027495 0.328050 
0.012099 0.009426 0.014975 0.011696 0.012331 0.013506 0.010028 0.010805 0.856323 0.013229 0.011620 0.011242 0.012720 
Document 82
0.047728 0.041431 0.466064 0.038403 0.040950 0.050864 0.053304 0.047708 0.052906 0.039517 0.041451 0.040468 0.039206 
0.397807 0.011516 0.008887 0.009555 0.012239 0.494809 0.011494 0.008570 0.012342 0.007347 0.008859 0.008795 0.007780 
0.078328 0.061024 0.096950 0.075723 0.079834 0.087440 0.064920 0.069951 0.069829 0.085642 0.075227 0.072780 0.082353 
Document 83
0.005668 0.102836 0.006391 0.053519 0.004863 0.006041 0.104246 0.005666 0.006283 0.690103 0.004923 0.004806 0.004656 
0.041175 0.051703 0.039900 0.042902 0.054951 0.040468 0.051607 0.474701 0.055413 0.032987 0.039774 0.039489 0.034929 
0.015953 0.490229 0.019745 0.015422 0.016259 0.017808 0.013222 0.014247 0.014222 0.017442 0.174588 0.014823 0.176039 
Document 84
0.081204 0.070491 0.091566 0.065338 0.069673 0.086539 0.090691 0.081169 0.090014 0.067233 0.070525 0.068852 0.066705 
0.007101 0.685995 0.006881 0.007399 0.009477 0.006979 0.084131 0.006636 0.009556 0.156151 0.006859 0.006810 0.006024 
0.018975 0.014783 0.023486 0.018344 0.019340 0.589497 0.015727 0.016945 0.016916 0.020746 0.018223 0.017631 0.209388 
Document 85
0.047728 0.041431 0.053818 0.038403 0.040950 0.050864 0.053304 0.047708 0.052906 0.039517 0.041451 0.040468 0.451452 
0.082332 0.008917 0.006881 0.007399 0.009477 0.006979 0.836441 0.006636 0.009556 0.005689 0.006859 0.006810 0.006024 
0.030549 0.633786 0.037812 0.029533 0.031137 0.034103 0.025320 0.027282 0.027234 0.033402 0.029339 0.028385 0.032119 
Document 86
0.284925 0.013534 0.017581 0.012545 0.417377 0.151282 0.017413 0.015584 0.017283 0.012909 0.013541 0.013219 0.012807 
0.004052 0.005088 0.003927 0.004222 0.005408 0.218645 0.691998 0.003787 0.005454 0.003247 0.003914 0.046819 0.003438 
0.030549 0.023800 0.037812 0.029533 0.031137 0.034103 0.025320 0.027282 0.027234 0.643387 0.029339 0.028385 0.032119 
Document 87
0.021338 0.018523 0.024061 0.017169 0.755535 0.022740 0.023831 0.021329 0.023653 0.017667 0.018532 0.018092 0.017528 
0.015001 0.018836 0.491302 0.015630 0.020019 0.014743 0.018801 0.014017 0.338031 0.012018 0.014490 0.014386 0.012725 
0.078328 0.061024 0.096950 0.075723 0.079834 0.087440 0.064920 0.069951 0.069829 0.085642 0.075227 0.072780 0.082353 
Document 88
0.005404 0.284728 0.006093 0.004348 0.004636 0.005759 0.006035 0.005401 0.332700 0.004474 0.004693 0.004582 0.331149 
0.073035 0.091708 0.070773 0.076098 0.097470 0.071781 0.091539 0.068248 0.098289 0.058511 0.070548 0.070044 0.061956 
0.010795 0.008410 0.013361 0.010436 0.765413 0.012051 0.116720 0.009640 0.009624 0.011803 0.010367 0.010030 0.011350 
Document 89
0.114827 0.005454 0.007085 0.005056 0.005391 0.440871 0.007017 0.114824 0.278325 0.005202 0.005457 0.005328 0.005161 
0.005793 0.007275 0.066992 0.006036 0.007732 0.005694 0.007261 0.435062 0.069175 0.004641 0.373866 0.005556 0.004915 
0.007543 0.005877 0.762419 0.007292 0.007688 0.008421 0.006252 0.157353 0.006725 0.008247 0.007244 0.007009 0.007931 
Document 90
0.015591 0.013534 0.017581 0.012545 0.013377 0.689949 0.017413 0.015584 0.017283 0.147575 0.013541 0.013219 0.012807 
0.073035 0.091708 0.070773 0.076098 0.097470 0.071781 0.091539 0.068248 0.098289 0.058511 0.070548 0.070044 0.061956 
0.078328 0.061024 0.096950 0.075723 0.079834 0.087440 0.064920 0.069951 0.069829 0.085642 0.075227 0.072780 0.082353 
Document 91
0.012283 0.435032 0.013850 0.009883 0.010539 0.013090 0.013718 0.012278 0.013616 0.116262 0.010668 0.116507 0.222275 
0.073035 0.091708 0.070773 0.076098 0.097470 0.071781 0.091539 0.068248 0.098289 0.058511 0.070548 0.070044 0.061956 
0.006556 0.005107 0.073565 0.071788 0.006682 0.007318 0.005433 0.202206 0.005844 0.072618 0.006296 0.006091 0.530495 
Document 92
0.013741 0.367980 0.015494 0.011056 0.011789 0.014643 0.015346 0.132419 0.371283 0.011377 0.011934 0.011651 0.011287 
0.073035 0.091708 0.070773 0.076098 0.097470 0.071781 0.091539 0.068248 0.098289 0.058511 0.070548 0.070044 0.061956 
0.015953 0.012428 0.019745 0.174689 0.175526 0.017808 0.013222 0.014247 0.014222 0.495243 0.015321 0.014823 0.016772 
Document 93
0.015591 0.686868 0.017581 0.012545 0.013377 0.016615 0.017413 0.150251 0.017283 0.012909 0.013541 0.013219 0.012807 
0.028669 0.035999 0.027781 0.029871 0.038261 0.028177 0.035933 0.026790 0.038582 0.022968 0.635153 0.027495 0.024320 
0.030549 0.023800 0.037812 0.029533 0.031137 0.034103 0.025320 0.027282 0.637220 0.033402 0.029339 0.028385 0.032119 
Document 94
0.010133 0.884013 0.011426 0.008153 0.008694 0.010799 0.011317 0.010129 0.011232 0.008390 0.008800 0.008592 0.008324 
0.021990 0.493552 0.021309 0.255882 0.029347 0.021613 0.027561 0.020549 0.029594 0.017617 0.021241 0.021090 0.018654 
0.010795 0.008410 0.013361 0.010436 0.118775 0.227597 0.008947 0.225186 0.009624 0.011803 0.010367 0.010030 0.334668 
Document 95
0.704013 0.022708 0.029498 0.021048 0.022445 0.027878 0.029216 0.026148 0.028998 0.021659 0.022719 0.022180 0.021489 
0.028669 0.035999 0.027781 0.029871 0.645721 0.028177 0.035933 0.026790 0.038582 0.022968 0.027693 0.027495 0.024320 
0.018975 0.014783 0.023486 0.018344 0.398216 0.021182 0.015727 0.016945 0.016916 0.020746 0.018223 0.017631 0.398826 
Document 96
0.004554 0.003953 0.005135 0.003664 0.082567 0.004853 0.280397 0.515844 0.083708 0.003770 0.003955 0.003861 0.003740 
0.073035 0.091708 0.070773 0.076098 0.097470 0.071781 0.091539 0.068248 0.098289 0.058511 0.070548 0.070044 0.061956 
0.002550 0.001987 0.003156 0.002465 0.333567 0.130142 0.002114 0.002277 0.104110 0.002788 0.002449 0.002369 0.410026 
Document 97
0.006644 0.005767 0.523969 0.005346 0.005700 0.294012 0.007420 0.006641 0.007365 0.005501 0.005770 0.063020 0.062844 
0.002039 0.002560 0.001976 0.239745 0.024323 0.110013 0.412990 0.088313 0.002744 0.023235 0.001970 0.088363 0.001730 
0.043955 0.034244 0.054405 0.042493 0.044800 0.487903 0.036431 0.039254 0.039186 0.048059 0.042215 0.040841 0.046213 
Document 98
0.081204 0.070491 0.091566 0.065338 0.069673 0.086539 0.090691 0.081169 0.090014 0.067233 0.070525 0.068852 0.066705 
0.008359 0.010496 0.008100 0.008709 0.542486 0.008215 0.364697 0.007811 0.011249 0.006697 0.008074 0.008016 0.007091 
0.078328 0.061024 0.096950 0.075723 0.079834 0.087440 0.064920 0.069951 0.069829 0.085642 0.075227 0.072780 0.082353 
Document 99
0.008026 0.006967 0.009050 0.006458 0.006886 0.008553 0.008963 0.008022 0.771422 0.006645 0.006970 0.145446 0.006593 
0.021990 0.027612 0.021309 0.022912 0.029347 0.487553 0.027561 0.020549 0.029594 0.017617 0.254211 0.021090 0.018654 
0.012099 0.009426 0.014975 0.494860 0.133122 0.013506 0.010028 0.010805 0.010786 0.013229 0.011620 0.011242 0.254302 
Document 100
0.097655 0.008796 0.799121 0.008153 0.008694 0.010799 0.011317 0.010129 0.011232 0.008390 0.008800 0.008592 0.008324 
0.073035 0.091708 0.070773 0.076098 0.097470 0.071781 0.091539 0.068248 0.098289 0.058511 0.070548 0.070044 0.061956 
0.010795 0.008410 0.013361 0.010436 0.442094 0.012051 0.224493 0.009640 0.009624 0.011803 0.225913 0.010030 0.011350 
Document 101
0.447741 0.008796 0.011426 0.008153 0.008694 0.010799 0.011317 0.010129 0.011232 0.008390 0.008800 0.008592 0.445932 
0.073035 0.091708 0.070773 0.076098 0.097470 0.071781 0.091539 0.068248 0.098289 0.058511 0.070548 0.070044 0.061956 
0.078328 0.061024 0.096950 0.075723 0.079834 0.087440 0.064920 0.069951 0.069829 0.085642 0.075227 0.072780 0.082353 
Document 102
0.013741 0.130612 0.015494 0.011056 0.011789 0.014643 0.015346 0.013735 0.371283 0.011377 0.130618 0.011651 0.248655 
0.007101 0.008917 0.006881 0.007399 0.009477 0.006979 0.159362 0.006636 0.084787 0.607537 0.006859 0.082041 0.006024 
0.078328 0.061024 0.096950 0.075723 0.079834 0.087440 0.064920 0.069951 0.069829 0.085642 0.075227 0.072780 0.082353 
Document 103
0.008623 0.305421 0.009724 0.006939 0.007399 0.009190 0.009631 0.530006 0.084043 0.007140 0.007489 0.007312 0.007084 
0.017835 0.022395 0.017283 0.018583 0.401703 0.017529 0.400254 0.016666 0.024002 0.014288 0.017228 0.017105 0.015129 
0.012099 0.009426 0.014975 0.011696 0.012331 0.013506 0.010028 0.010805 0.010786 0.013229 0.857157 0.011242 0.012720 
Document 104
0.047728 0.041431 0.053818 0.038403 0.453196 0.050864 0.053304 0.047708 0.052906 0.039517 0.041451 0.040468 0.039206 
0.005458 0.006854 0.005289 0.005687 0.007285 0.005365 0.527301 0.005101 0.180833 0.004373 0.005273 0.236550 0.004630 
0.018975 0.014783 0.023486 0.018344 0.587654 0.021182 0.015727 0.016945 0.206354 0.020746 0.018223 0.017631 0.019950 
Document 105
0.186532 0.003665 0.004760 0.003397 0.185932 0.259733 0.004715 0.150068 0.004679 0.003495 0.003666 0.003579 0.185778 
0.073035 0.091708 0.070773 0.076098 0.097470 0.071781 0.091539 0.068248 0.098289 0.058511 0.070548 0.070044 0.061956 
0.043955 0.034244 0.054405 0.042493 0.044800 0.049068 0.036431 0.478089 0.039186 0.048059 0.042215 0.040841 0.046213 
Document 106
0.047728 0.041431 0.053818 0.038403 0.040950 0.050864 0.053304 0.047708 0.052906 0.039517 0.041451 0.452713 0.039206 
0.041175 0.051703 0.476125 0.042902 0.054951 0.040468 0.051607 0.038477 0.055413 0.032987 0.039774 0.039489 0.034929 
0.015953 0.171695 0.019745 0.015422 0.016259 0.654876 0.013222 0.014247 0.014222 0.017442 0.015321 0.014823 0.016772 
Document 107
0.047728 0.041431 0.053818 0.038403 0.040950 0.050864 0.053304 0.047708 0.052906 0.451762 0.041451 0.040468 0.039206 
0.073035 0.091708 0.070773 0.076098 0.097470 0.071781 0.091539 0.068248 0.098289 0.058511 0.070548 0.070044 0.061956 
0.012099 0.009426 0.014975 0.132487 0.012331 0.013506 0.010028 0.010805 0.010786 0.013229 0.011620 0.011242 0.737466 
Document 108
0.081204 0.070491 0.091566 0.065338 0.069673 0.086539 0.090691 0.081169 0.090014 0.067233 0.070525 0.068852 0.066705 
0.128550 0.007275 0.312506 0.006036 0.007732 0.067072 0.007261 0.005414 0.253310 0.188776 0.005596 0.005556 0.004915 
0.078328 0.061024 0.096950 0.075723 0.079834 0.087440 0.064920 0.069951 0.069829 0.085642 0.075227 0.072780 0.082353 
Document 109
