Document 0
0.681791 0.029745 0.022719 0.029087 0.017357 0.025557 0.019932 0.027384 0.033882 0.022366 0.023503 0.027556 0.039121 
0.021658 0.024012 0.019385 0.018718 0.017139 0.013691 0.774261 0.019835 0.016220 0.013995 0.028705 0.022818 0.009564 
0.109028 0.065392 0.048416 0.068179 0.084600 0.092700 0.067902 0.114790 0.106348 0.059050 0.054287 0.063993 0.065313 
Document 1
0.022491 0.029745 0.022719 0.193912 0.017357 0.025557 0.019932 0.027384 0.198707 0.022366 0.023503 0.357205 0.039121 
0.337151 0.070060 0.056559 0.054613 0.050006 0.039946 0.067402 0.057872 0.047325 0.040834 0.083753 0.066575 0.027904 
0.728907 0.012472 0.009234 0.114163 0.016136 0.017681 0.012951 0.021894 0.020284 0.011262 0.010354 0.012205 0.012457 
Document 2
0.321836 0.219251 0.007229 0.009255 0.005523 0.008132 0.006342 0.008713 0.010781 0.007117 0.007479 0.375894 0.012448 
0.087038 0.096495 0.077900 0.075220 0.068875 0.055019 0.092835 0.079709 0.065182 0.056242 0.115356 0.091696 0.038434 
0.661945 0.011326 0.008386 0.011809 0.106519 0.016056 0.011761 0.111748 0.018420 0.010228 0.009403 0.011084 0.011313 
Document 3
0.033551 0.044372 0.033892 0.043390 0.271772 0.038124 0.029734 0.040850 0.296423 0.033365 0.035061 0.041106 0.058359 
0.087038 0.096495 0.077900 0.075220 0.068875 0.055019 0.092835 0.079709 0.065182 0.056242 0.115356 0.091696 0.038434 
0.386348 0.011326 0.008386 0.011809 0.014653 0.291654 0.103627 0.019883 0.018420 0.010228 0.009403 0.102950 0.011313 
Document 4
0.013555 0.216594 0.013692 0.315532 0.010461 0.015402 0.012012 0.016503 0.020419 0.311481 0.014165 0.016607 0.023577 
0.016898 0.091994 0.015124 0.014604 0.013372 0.010682 0.164542 0.015476 0.159173 0.010919 0.022396 0.457357 0.007462 
0.660149 0.015636 0.011577 0.143118 0.020228 0.022165 0.016236 0.027447 0.025428 0.014119 0.012980 0.015301 0.015617 
Document 5
0.033551 0.044372 0.033892 0.289269 0.025893 0.038124 0.029734 0.040850 0.050544 0.033365 0.035061 0.286985 0.058359 
0.087038 0.096495 0.077900 0.075220 0.068875 0.055019 0.092835 0.079709 0.065182 0.056242 0.115356 0.091696 0.038434 
0.603395 0.005634 0.004171 0.005874 0.007288 0.236449 0.005850 0.009889 0.009162 0.005087 0.004677 0.096898 0.005627 
Document 6
0.044491 0.058840 0.044942 0.057538 0.034335 0.050555 0.039429 0.054168 0.393070 0.044243 0.046493 0.054509 0.077387 
0.337151 0.070060 0.056559 0.054613 0.050006 0.039946 0.067402 0.057872 0.047325 0.040834 0.083753 0.066575 0.027904 
0.594737 0.005162 0.003822 0.089115 0.006678 0.216650 0.005360 0.009061 0.050261 0.004661 0.004285 0.005051 0.005156 
Document 7
0.022491 0.359395 0.022719 0.029087 0.017357 0.025557 0.019932 0.027384 0.198707 0.022366 0.023503 0.192381 0.039121 
0.142533 0.016340 0.013192 0.140532 0.011663 0.009317 0.590793 0.013498 0.011038 0.009524 0.019534 0.015528 0.006508 
0.109028 0.065392 0.048416 0.068179 0.084600 0.092700 0.067902 0.114790 0.106348 0.059050 0.054287 0.063993 0.065313 
Document 8
0.163499 0.013811 0.087077 0.013505 0.008059 0.011866 0.009255 0.089243 0.015731 0.010385 0.087441 0.471965 0.018164 
0.185057 0.038455 0.031044 0.180348 0.027447 0.021926 0.036996 0.182137 0.025976 0.022413 0.045971 0.186914 0.015316 
0.042077 0.025237 0.018685 0.026312 0.032650 0.240466 0.230895 0.044301 0.041043 0.022789 0.020951 0.024697 0.229896 
Document 9
0.016915 0.022371 0.017087 0.517720 0.013054 0.143182 0.138952 0.020595 0.025482 0.016821 0.017676 0.020724 0.029422 
0.087038 0.096495 0.077900 0.075220 0.068875 0.055019 0.092835 0.079709 0.065182 0.056242 0.115356 0.091696 0.038434 
0.109028 0.065392 0.048416 0.068179 0.084600 0.092700 0.067902 0.114790 0.106348 0.059050 0.054287 0.063993 0.065313 
Document 10
0.066014 0.087306 0.066684 0.085374 0.050946 0.075012 0.058504 0.080374 0.099448 0.065647 0.068985 0.080879 0.114826 
0.491134 0.024012 0.019385 0.018718 0.017139 0.013691 0.023101 0.019835 0.016220 0.013995 0.028705 0.304503 0.009564 
0.109028 0.065392 0.048416 0.068179 0.084600 0.092700 0.067902 0.114790 0.106348 0.059050 0.054287 0.063993 0.065313 
Document 11
0.009056 0.078347 0.274628 0.078082 0.006989 0.076661 0.008026 0.011027 0.279123 0.141746 0.009464 0.011096 0.015753 
0.011739 0.013014 0.163177 0.010145 0.467300 0.058310 0.012521 0.010750 0.212351 0.007585 0.015558 0.012367 0.005183 
0.402245 0.005387 0.003989 0.005617 0.443929 0.051333 0.005594 0.009457 0.052458 0.004865 0.004473 0.005272 0.005381 
Document 12
0.026930 0.035615 0.027203 0.034827 0.020783 0.030600 0.023866 0.624849 0.040569 0.026780 0.028142 0.032994 0.046842 
0.422299 0.033428 0.026986 0.026058 0.023860 0.019060 0.032160 0.158329 0.022580 0.150199 0.039962 0.031766 0.013314 
0.029855 0.017906 0.013258 0.018670 0.023166 0.751554 0.018594 0.031433 0.029121 0.016170 0.014866 0.017523 0.017885 
Document 13
0.019309 0.025536 0.019504 0.024971 0.014901 0.021940 0.017112 0.023509 0.595095 0.160703 0.020178 0.023656 0.033585 
0.034686 0.038455 0.031044 0.029976 0.027447 0.021926 0.036996 0.031765 0.176348 0.022413 0.497086 0.036542 0.015316 
0.101432 0.094510 0.007680 0.010816 0.013421 0.351252 0.263181 0.018210 0.016871 0.009367 0.008612 0.094288 0.010361 
Document 14
0.007157 0.009465 0.007229 0.009255 0.005523 0.008132 0.058789 0.008713 0.063228 0.007117 0.217265 0.008768 0.589360 
0.087038 0.096495 0.077900 0.075220 0.068875 0.055019 0.092835 0.079709 0.065182 0.056242 0.115356 0.091696 0.038434 
0.162468 0.004763 0.273949 0.004966 0.006162 0.006752 0.004946 0.240152 0.046378 0.120196 0.003954 0.120556 0.004757 
Document 15
0.066014 0.087306 0.066684 0.085374 0.050946 0.075012 0.058504 0.080374 0.099448 0.065647 0.068985 0.080879 0.114826 
0.087038 0.096495 0.077900 0.075220 0.068875 0.055019 0.092835 0.079709 0.065182 0.056242 0.115356 0.091696 0.038434 
0.175089 0.017906 0.013258 0.018670 0.023166 0.606320 0.018594 0.031433 0.029121 0.016170 0.014866 0.017523 0.017885 
Document 16
0.066014 0.087306 0.066684 0.085374 0.050946 0.075012 0.058504 0.080374 0.099448 0.065647 0.068985 0.080879 0.114826 
0.337151 0.070060 0.056559 0.054613 0.050006 0.039946 0.067402 0.057872 0.047325 0.040834 0.083753 0.066575 0.027904 
0.026069 0.015636 0.011577 0.016302 0.020228 0.783061 0.016236 0.027447 0.025428 0.014119 0.012980 0.015301 0.015617 
Document 17
0.026930 0.035615 0.027203 0.034827 0.020783 0.030600 0.023866 0.032788 0.237923 0.421488 0.028142 0.032994 0.046842 
0.729686 0.020216 0.095370 0.015758 0.014429 0.011526 0.019449 0.016699 0.013656 0.011783 0.024167 0.019210 0.008052 
0.020795 0.012472 0.009234 0.013004 0.420771 0.219998 0.012951 0.021894 0.121443 0.112421 0.010354 0.012205 0.012457 
Document 18
0.066014 0.087306 0.066684 0.085374 0.050946 0.075012 0.058504 0.080374 0.099448 0.065647 0.068985 0.080879 0.114826 
0.357037 0.153973 0.014092 0.013607 0.012459 0.009953 0.016794 0.014419 0.011791 0.351466 0.020868 0.016588 0.006953 
0.026069 0.015636 0.138392 0.016302 0.147044 0.022165 0.016236 0.027447 0.279060 0.014119 0.012980 0.015301 0.269249 
Document 19
0.066014 0.087306 0.066684 0.085374 0.050946 0.075012 0.058504 0.080374 0.099448 0.065647 0.068985 0.080879 0.114826 
0.049604 0.485083 0.044396 0.042868 0.039252 0.031356 0.052908 0.045427 0.037148 0.032053 0.065742 0.052259 0.021904 
0.663623 0.066524 0.005406 0.007613 0.009447 0.188019 0.007582 0.012818 0.011875 0.006594 0.006062 0.007146 0.007293 
Document 20
0.066014 0.087306 0.066684 0.085374 0.050946 0.075012 0.058504 0.080374 0.099448 0.065647 0.068985 0.080879 0.114826 
0.674507 0.015359 0.012399 0.011973 0.010963 0.008757 0.014776 0.072747 0.130494 0.008952 0.018361 0.014595 0.006117 
0.052907 0.289103 0.023494 0.033084 0.298424 0.044984 0.032950 0.055703 0.051606 0.028654 0.026343 0.031053 0.031694 
Document 21
0.066014 0.087306 0.066684 0.085374 0.050946 0.075012 0.058504 0.080374 0.099448 0.065647 0.068985 0.080879 0.114826 
0.014739 0.080237 0.013192 0.204429 0.139457 0.009317 0.462999 0.013498 0.011038 0.009524 0.019534 0.015528 0.006508 
0.310278 0.031732 0.023494 0.290455 0.041053 0.044984 0.032950 0.055703 0.051606 0.028654 0.026343 0.031053 0.031694 
Document 22
0.026930 0.430323 0.027203 0.034827 0.218137 0.030600 0.023866 0.032788 0.040569 0.026780 0.028142 0.032994 0.046842 
0.034686 0.038455 0.031044 0.029976 0.027447 0.021926 0.488111 0.031765 0.176348 0.022413 0.045971 0.036542 0.015316 
0.052907 0.031732 0.023494 0.033084 0.041053 0.044984 0.032950 0.055703 0.566348 0.028654 0.026343 0.031053 0.031694 
Document 23
0.026930 0.430323 0.027203 0.232181 0.020783 0.030600 0.023866 0.032788 0.040569 0.026780 0.028142 0.032994 0.046842 
0.026666 0.029564 0.139471 0.138650 0.252310 0.248065 0.028442 0.024421 0.019970 0.017231 0.035342 0.028093 0.011775 
0.015953 0.009568 0.705547 0.009976 0.012379 0.013564 0.009936 0.016797 0.170775 0.008640 0.007944 0.009364 0.009557 
Document 24
0.616396 0.009989 0.007629 0.009768 0.005829 0.008582 0.006693 0.009196 0.011378 0.007511 0.007893 0.286000 0.013137 
0.009753 0.010813 0.008729 0.008429 0.007718 0.006165 0.221818 0.347196 0.261002 0.006302 0.097492 0.010275 0.004307 
0.152885 0.015636 0.392024 0.016302 0.147044 0.022165 0.016236 0.027447 0.025428 0.014119 0.012980 0.142117 0.015617 
Document 25
0.016915 0.022371 0.141048 0.021876 0.013054 0.019221 0.014991 0.516439 0.025482 0.016821 0.017676 0.144685 0.029422 
0.087038 0.096495 0.077900 0.075220 0.068875 0.055019 0.092835 0.079709 0.065182 0.056242 0.115356 0.091696 0.038434 
0.011494 0.006893 0.676041 0.007187 0.120741 0.009772 0.007158 0.012101 0.011211 0.118048 0.005723 0.006746 0.006885 
Document 26
0.026930 0.232969 0.027203 0.034827 0.020783 0.030600 0.023866 0.032788 0.040569 0.026780 0.028142 0.427701 0.046842 
0.185057 0.038455 0.181416 0.029976 0.027447 0.021926 0.036996 0.031765 0.025976 0.022413 0.045971 0.337285 0.015316 
0.020795 0.012472 0.616187 0.013004 0.016136 0.017681 0.012951 0.123053 0.020284 0.011262 0.010354 0.012205 0.113616 
Document 27
0.019309 0.167038 0.019504 0.024971 0.014901 0.587948 0.017112 0.023509 0.029088 0.019201 0.020178 0.023656 0.033585 
0.040825 0.045261 0.036539 0.035281 0.032305 0.025806 0.220529 0.037387 0.030573 0.026380 0.054107 0.396980 0.018027 
0.052907 0.031732 0.280865 0.290455 0.041053 0.044984 0.032950 0.055703 0.051606 0.028654 0.026343 0.031053 0.031694 
Document 28
0.012330 0.377740 0.012455 0.015946 0.009515 0.104369 0.282002 0.015012 0.018574 0.102620 0.012885 0.015106 0.021447 
0.049604 0.054994 0.044396 0.042868 0.039252 0.031356 0.267952 0.045427 0.037148 0.247098 0.065742 0.052259 0.021904 
0.010338 0.006200 0.004591 0.107040 0.561190 0.260230 0.006438 0.010884 0.010083 0.005599 0.005147 0.006068 0.006193 
Document 29
0.005670 0.007498 0.130379 0.007332 0.004376 0.006443 0.005025 0.006903 0.756452 0.005638 0.005925 0.006946 0.051413 
0.018234 0.099266 0.016320 0.015758 0.014429 0.011526 0.256599 0.016699 0.013656 0.011783 0.261317 0.256361 0.008052 
0.042077 0.025237 0.018685 0.026312 0.032650 0.035776 0.026206 0.044301 0.655112 0.022789 0.020951 0.024697 0.025206 
Document 30
0.044491 0.058840 0.044942 0.057538 0.034335 0.050555 0.039429 0.380216 0.067023 0.044243 0.046493 0.054509 0.077387 
0.049604 0.054994 0.044396 0.042868 0.039252 0.031356 0.267952 0.045427 0.037148 0.032053 0.065742 0.052259 0.236949 
0.029855 0.163140 0.013258 0.018670 0.023166 0.606320 0.018594 0.031433 0.029121 0.016170 0.014866 0.017523 0.017885 
Document 31
0.418142 0.010574 0.066669 0.010340 0.006170 0.302047 0.007086 0.009734 0.070637 0.066543 0.008355 0.009796 0.013907 
0.023903 0.026500 0.021393 0.227907 0.018915 0.015110 0.025495 0.125515 0.017901 0.015445 0.135305 0.232432 0.114180 
0.052907 0.031732 0.280865 0.033084 0.041053 0.044984 0.032950 0.055703 0.051606 0.028654 0.026343 0.288424 0.031694 
Document 32
0.300958 0.010574 0.125261 0.010340 0.006170 0.009085 0.007086 0.302697 0.012044 0.125136 0.008355 0.068388 0.013907 
0.015745 0.017456 0.014092 0.081866 0.012459 0.009953 0.016794 0.355712 0.011791 0.010174 0.020868 0.426139 0.006953 
0.416888 0.008283 0.006133 0.008636 0.212255 0.280461 0.008601 0.014540 0.013470 0.007479 0.006876 0.008106 0.008273 
Document 33
0.044491 0.058840 0.370989 0.057538 0.034335 0.050555 0.039429 0.054168 0.067023 0.044243 0.046493 0.054509 0.077387 
0.518733 0.150379 0.009536 0.009208 0.008431 0.006735 0.011364 0.009757 0.054168 0.006885 0.198877 0.011225 0.004705 
0.175089 0.017906 0.013258 0.018670 0.023166 0.170618 0.018594 0.031433 0.029121 0.016170 0.014866 0.017523 0.453586 
Document 34
0.019309 0.025536 0.019504 0.024971 0.297905 0.021940 0.017112 0.023509 0.029088 0.019201 0.020178 0.023656 0.458091 
0.008993 0.048956 0.008049 0.007772 0.046102 0.005685 0.009592 0.164180 0.006735 0.005811 0.323807 0.360349 0.003971 
0.018885 0.011326 0.008386 0.011809 0.473982 0.016056 0.011761 0.019883 0.018420 0.010228 0.009403 0.378547 0.011313 
Document 35
0.009700 0.012829 0.080887 0.012545 0.007486 0.011022 0.008597 0.011810 0.441142 0.151823 0.010137 0.225149 0.016873 
0.009358 0.334915 0.130078 0.008087 0.007405 0.087050 0.009981 0.130273 0.047575 0.006047 0.012402 0.212697 0.004132 
0.109028 0.065392 0.048416 0.068179 0.084600 0.092700 0.067902 0.114790 0.106348 0.059050 0.054287 0.063993 0.065313 
Document 36
0.044491 0.058840 0.044942 0.057538 0.034335 0.050555 0.039429 0.054168 0.067023 0.370290 0.046493 0.054509 0.077387 
0.264649 0.054994 0.044396 0.042868 0.039252 0.031356 0.052908 0.045427 0.037148 0.247098 0.065742 0.052259 0.021904 
0.042077 0.025237 0.018685 0.026312 0.032650 0.445155 0.026206 0.044301 0.041043 0.022789 0.020951 0.024697 0.229896 
Document 37
0.011308 0.014955 0.011423 0.180365 0.008727 0.012849 0.010021 0.013768 0.182776 0.011245 0.011817 0.511076 0.019669 
0.023903 0.026500 0.021393 0.020657 0.018915 0.015110 0.025495 0.332765 0.121526 0.015445 0.238929 0.128807 0.010555 
0.109028 0.065392 0.048416 0.068179 0.084600 0.092700 0.067902 0.114790 0.106348 0.059050 0.054287 0.063993 0.065313 
Document 38
0.066014 0.087306 0.066684 0.085374 0.050946 0.075012 0.058504 0.080374 0.099448 0.065647 0.068985 0.080879 0.114826 
0.012368 0.281806 0.011070 0.010689 0.009787 0.007818 0.227667 0.011327 0.009262 0.007992 0.391723 0.013030 0.005461 
0.052907 0.031732 0.023494 0.290455 0.041053 0.044984 0.032950 0.055703 0.051606 0.028654 0.026343 0.031053 0.289065 
Document 39
0.012330 0.016306 0.283530 0.015946 0.190232 0.014010 0.010927 0.376445 0.018574 0.012261 0.012885 0.015106 0.021447 
0.013069 0.297772 0.011697 0.067951 0.010342 0.064918 0.013939 0.011968 0.009787 0.008445 0.470574 0.013768 0.005771 
0.109028 0.065392 0.048416 0.068179 0.084600 0.092700 0.067902 0.114790 0.106348 0.059050 0.054287 0.063993 0.065313 
Document 40
0.008493 0.011232 0.008579 0.010983 0.006554 0.009650 0.007527 0.010340 0.075033 0.008446 0.008875 0.757276 0.077012 
0.013854 0.015359 0.012399 0.312269 0.010963 0.008757 0.134895 0.012687 0.010375 0.008952 0.438777 0.014595 0.006117 
0.109028 0.065392 0.048416 0.068179 0.084600 0.092700 0.067902 0.114790 0.106348 0.059050 0.054287 0.063993 0.065313 
Document 41
0.009056 0.078347 0.274628 0.277192 0.006989 0.010291 0.008026 0.011027 0.212753 0.009006 0.009464 0.077466 0.015753 
0.013854 0.195537 0.012399 0.011973 0.010963 0.008757 0.014776 0.192865 0.010375 0.129071 0.138480 0.014595 0.246355 
0.109028 0.065392 0.048416 0.068179 0.084600 0.092700 0.067902 0.114790 0.106348 0.059050 0.054287 0.063993 0.065313 
Document 42
0.066014 0.087306 0.066684 0.085374 0.050946 0.075012 0.058504 0.080374 0.099448 0.065647 0.068985 0.080879 0.114826 
0.014739 0.080237 0.204883 0.012738 0.011663 0.009317 0.143515 0.013498 0.011038 0.009524 0.339019 0.143322 0.006508 
0.042077 0.434616 0.018685 0.026312 0.032650 0.035776 0.026206 0.248991 0.041043 0.022789 0.020951 0.024697 0.025206 
Document 43
0.066014 0.087306 0.066684 0.085374 0.050946 0.075012 0.058504 0.080374 0.099448 0.065647 0.068985 0.080879 0.114826 
0.009358 0.050942 0.170646 0.008087 0.169675 0.005915 0.050549 0.211408 0.007008 0.168317 0.012402 0.131561 0.004132 
0.109028 0.065392 0.048416 0.068179 0.084600 0.092700 0.067902 0.114790 0.106348 0.059050 0.054287 0.063993 0.065313 
Document 44
0.066014 0.087306 0.066684 0.085374 0.050946 0.075012 0.058504 0.080374 0.099448 0.065647 0.068985 0.080879 0.114826 
0.026666 0.029564 0.139471 0.023045 0.021101 0.016856 0.144047 0.140025 0.251179 0.017231 0.035342 0.028093 0.127379 
0.071243 0.042729 0.031637 0.044550 0.055281 0.407141 0.044370 0.075008 0.069491 0.038585 0.035473 0.041815 0.042678 
Document 45
0.026930 0.035615 0.027203 0.034827 0.020783 0.030600 0.023866 0.032788 0.040569 0.026780 0.028142 0.625055 0.046842 
0.008051 0.113637 0.007206 0.006958 0.006371 0.005089 0.008587 0.321507 0.006029 0.005202 0.464420 0.008482 0.038459 
0.109028 0.065392 0.048416 0.068179 0.084600 0.092700 0.067902 0.114790 0.106348 0.059050 0.054287 0.063993 0.065313 
Document 46
0.044491 0.058840 0.044942 0.057538 0.360382 0.050555 0.039429 0.054168 0.067023 0.044243 0.046493 0.054509 0.077387 
0.018234 0.020216 0.016320 0.015758 0.251580 0.011526 0.019449 0.332900 0.013656 0.011783 0.024167 0.019210 0.245202 
0.109028 0.065392 0.048416 0.068179 0.084600 0.092700 0.067902 0.114790 0.106348 0.059050 0.054287 0.063993 0.065313 
Document 47
0.026930 0.035615 0.027203 0.429535 0.218137 0.030600 0.023866 0.032788 0.040569 0.026780 0.028142 0.032994 0.046842 
0.087038 0.096495 0.077900 0.075220 0.068875 0.055019 0.092835 0.079709 0.065182 0.056242 0.115356 0.091696 0.038434 
0.526589 0.012472 0.009234 0.013004 0.016136 0.321157 0.012951 0.021894 0.020284 0.011262 0.010354 0.012205 0.012457 
Document 48
0.066014 0.087306 0.066684 0.085374 0.050946 0.075012 0.058504 0.080374 0.099448 0.065647 0.068985 0.080879 0.114826 
0.105635 0.021951 0.103556 0.102946 0.015668 0.012516 0.536131 0.018132 0.014828 0.012794 0.026241 0.020859 0.008743 
0.189842 0.007302 0.005406 0.007613 0.009447 0.010351 0.185250 0.368153 0.189543 0.006594 0.006062 0.007146 0.007293 
Document 49
0.006477 0.008566 0.006543 0.150779 0.004999 0.007360 0.005740 0.007886 0.769238 0.006441 0.006769 0.007936 0.011266 
0.008342 0.045415 0.115965 0.007210 0.042768 0.113772 0.189729 0.007640 0.150912 0.005391 0.119555 0.117287 0.076016 
0.026069 0.269267 0.011577 0.016302 0.020228 0.275797 0.016236 0.027447 0.025428 0.014119 0.266612 0.015301 0.015617 
Document 50
0.033551 0.044372 0.033892 0.043390 0.025893 0.529882 0.029734 0.040850 0.050544 0.033365 0.035061 0.041106 0.058359 
0.127528 0.026500 0.021393 0.020657 0.018915 0.015110 0.543619 0.021890 0.121526 0.015445 0.031680 0.025182 0.010555 
0.109028 0.065392 0.048416 0.068179 0.084600 0.092700 0.067902 0.114790 0.106348 0.059050 0.054287 0.063993 0.065313 
Document 51
0.066014 0.087306 0.066684 0.085374 0.050946 0.075012 0.058504 0.080374 0.099448 0.065647 0.068985 0.080879 0.114826 
0.257875 0.029564 0.023867 0.023045 0.021101 0.016856 0.375255 0.024421 0.135574 0.017231 0.035342 0.028093 0.011775 
0.071243 0.042729 0.031637 0.044550 0.055281 0.060574 0.044370 0.421575 0.069491 0.038585 0.035473 0.041815 0.042678 
Document 52
0.033551 0.044372 0.033892 0.535148 0.025893 0.038124 0.029734 0.040850 0.050544 0.033365 0.035061 0.041106 0.058359 
0.087038 0.096495 0.077900 0.075220 0.068875 0.055019 0.092835 0.079709 0.065182 0.056242 0.115356 0.091696 0.038434 
0.374749 0.020949 0.015510 0.021842 0.197013 0.199608 0.021753 0.036774 0.034069 0.018917 0.017391 0.020501 0.020924 
Document 53
0.086971 0.013811 0.010549 0.013505 0.008059 0.777150 0.009255 0.012714 0.015731 0.010385 0.010913 0.012794 0.018164 
0.014739 0.080237 0.140986 0.076635 0.011663 0.009317 0.015721 0.269086 0.074935 0.009524 0.211225 0.079425 0.006508 
0.109028 0.065392 0.048416 0.068179 0.084600 0.092700 0.067902 0.114790 0.106348 0.059050 0.054287 0.063993 0.065313 
Document 54
0.019309 0.025536 0.019504 0.024971 0.014901 0.021940 0.017112 0.023509 0.029088 0.019201 0.020178 0.731166 0.033585 
0.026666 0.376377 0.023867 0.023045 0.021101 0.016856 0.028442 0.024421 0.019970 0.017231 0.150946 0.259302 0.011775 
0.026069 0.015636 0.011577 0.016302 0.020228 0.783061 0.016236 0.027447 0.025428 0.014119 0.012980 0.015301 0.015617 
Document 55
0.009700 0.012829 0.009799 0.012545 0.007486 0.011022 0.008597 0.082899 0.085701 0.009646 0.081225 0.651678 0.016873 
0.197614 0.006140 0.197033 0.004786 0.004382 0.003501 0.005907 0.005072 0.004148 0.003579 0.511539 0.053854 0.002446 
0.310278 0.031732 0.023494 0.033084 0.298424 0.044984 0.032950 0.055703 0.051606 0.028654 0.026343 0.031053 0.031694 
Document 56
0.009056 0.011977 0.540109 0.078082 0.006989 0.010291 0.008026 0.011027 0.013643 0.009006 0.009464 0.276576 0.015753 
0.016898 0.018735 0.088383 0.014604 0.013372 0.010682 0.530837 0.088735 0.012655 0.084178 0.022396 0.091062 0.007462 
0.029855 0.017906 0.013258 0.018670 0.023166 0.751554 0.018594 0.031433 0.029121 0.016170 0.014866 0.017523 0.017885 
Document 57
0.309379 0.007823 0.266087 0.007650 0.004565 0.353537 0.005243 0.007202 0.008912 0.005883 0.006182 0.007248 0.010290 
0.010654 0.150379 0.009536 0.009208 0.008431 0.052924 0.011364 0.009757 0.007979 0.376396 0.337443 0.011225 0.004705 
0.437978 0.010373 0.091817 0.010816 0.013421 0.014706 0.010772 0.018210 0.353417 0.009367 0.008612 0.010151 0.010361 
Document 58
0.022491 0.029745 0.022719 0.029087 0.017357 0.025557 0.019932 0.027384 0.033882 0.187191 0.517978 0.027556 0.039121 
0.040152 0.008344 0.006736 0.006504 0.005955 0.037383 0.040653 0.431033 0.038262 0.004863 0.009974 0.334191 0.035949 
0.042077 0.025237 0.018685 0.026312 0.032650 0.035776 0.230895 0.453680 0.041043 0.022789 0.020951 0.024697 0.025206 
Document 59
0.011308 0.512177 0.011423 0.014624 0.091597 0.012849 0.010021 0.013768 0.017035 0.011245 0.177558 0.096725 0.019669 
0.005968 0.006617 0.160580 0.134523 0.004723 0.003773 0.006366 0.160704 0.004469 0.003856 0.421879 0.032161 0.054382 
0.026069 0.015636 0.011577 0.016302 0.020228 0.022165 0.523499 0.027447 0.025428 0.267751 0.012980 0.015301 0.015617 
Document 60
0.370538 0.058840 0.044942 0.057538 0.034335 0.050555 0.039429 0.054168 0.067023 0.044243 0.046493 0.054509 0.077387 
0.087038 0.096495 0.077900 0.075220 0.068875 0.055019 0.092835 0.079709 0.065182 0.056242 0.115356 0.091696 0.038434 
0.015953 0.009568 0.007084 0.009976 0.012379 0.168778 0.009936 0.560045 0.170775 0.008640 0.007944 0.009364 0.009557 
Document 61
0.066014 0.087306 0.066684 0.085374 0.050946 0.075012 0.058504 0.080374 0.099448 0.065647 0.068985 0.080879 0.114826 
0.013854 0.015359 0.012399 0.011973 0.010963 0.008757 0.014776 0.673340 0.010375 0.008952 0.078420 0.134714 0.006117 
0.023135 0.013876 0.010274 0.014467 0.355583 0.019671 0.014408 0.024358 0.022567 0.012530 0.011519 0.126123 0.351490 
Document 62
0.059603 0.009465 0.007229 0.009255 0.005523 0.008132 0.006342 0.008713 0.535246 0.269349 0.007479 0.061215 0.012448 
0.021658 0.493487 0.019385 0.018718 0.111034 0.013691 0.023101 0.207625 0.016220 0.013995 0.028705 0.022818 0.009564 
0.015953 0.242389 0.007084 0.009976 0.400414 0.091171 0.087543 0.016797 0.015561 0.008640 0.085550 0.009364 0.009557 
Document 63
0.022491 0.029745 0.022719 0.029087 0.017357 0.025557 0.514407 0.192208 0.033882 0.022366 0.023503 0.027556 0.039121 
0.007526 0.073596 0.104614 0.006504 0.005955 0.004757 0.301663 0.365781 0.103515 0.004863 0.009974 0.007929 0.003323 
0.109028 0.065392 0.048416 0.068179 0.084600 0.092700 0.067902 0.114790 0.106348 0.059050 0.054287 0.063993 0.065313 
Document 64
0.022491 0.029745 0.022719 0.029087 0.017357 0.025557 0.019932 0.027384 0.198707 0.022366 0.023503 0.027556 0.533596 
0.650636 0.178316 0.016320 0.015758 0.014429 0.011526 0.019449 0.016699 0.013656 0.011783 0.024167 0.019210 0.008052 
0.071243 0.042729 0.031637 0.044550 0.055281 0.407141 0.044370 0.075008 0.069491 0.038585 0.035473 0.041815 0.042678 
Document 65
0.009700 0.083917 0.080887 0.012545 0.291839 0.011022 0.008597 0.011810 0.085701 0.009646 0.010137 0.011885 0.372314 
0.252086 0.007832 0.006323 0.006106 0.005591 0.004466 0.007535 0.037098 0.066546 0.004565 0.438151 0.129954 0.033747 
0.465557 0.163140 0.013258 0.018670 0.023166 0.025384 0.018594 0.031433 0.174355 0.016170 0.014866 0.017523 0.017885 
Document 66
0.066014 0.087306 0.066684 0.085374 0.050946 0.075012 0.058504 0.080374 0.099448 0.065647 0.068985 0.080879 0.114826 
0.016898 0.018735 0.015124 0.087863 0.013372 0.010682 0.018024 0.528289 0.012655 0.010919 0.168914 0.091062 0.007462 
0.567648 0.031732 0.023494 0.033084 0.041053 0.044984 0.032950 0.055703 0.051606 0.028654 0.026343 0.031053 0.031694 
Document 67
0.345918 0.019903 0.015202 0.240042 0.011614 0.017101 0.013337 0.018323 0.022672 0.014966 0.015727 0.239017 0.026177 
0.012368 0.013712 0.011070 0.010689 0.009787 0.007818 0.013192 0.011327 0.009262 0.007992 0.767055 0.120268 0.005461 
0.109028 0.065392 0.048416 0.068179 0.084600 0.092700 0.067902 0.114790 0.106348 0.059050 0.054287 0.063993 0.065313 
Document 68
0.015049 0.240482 0.015202 0.019463 0.011614 0.127390 0.013337 0.018323 0.022672 0.014966 0.015727 0.459596 0.026177 
0.023903 0.026500 0.021393 0.020657 0.018915 0.015110 0.025495 0.021890 0.017901 0.015445 0.757054 0.025182 0.010555 
0.109028 0.065392 0.048416 0.068179 0.084600 0.092700 0.067902 0.114790 0.106348 0.059050 0.054287 0.063993 0.065313 
Document 69
0.309379 0.224583 0.005976 0.007650 0.004565 0.050074 0.005243 0.007202 0.008912 0.352698 0.006182 0.007248 0.010290 
0.004466 0.256644 0.003997 0.003860 0.022895 0.022184 0.004763 0.004090 0.003345 0.041608 0.625471 0.004705 0.001972 
0.052907 0.031732 0.023494 0.033084 0.041053 0.044984 0.290321 0.055703 0.308977 0.028654 0.026343 0.031053 0.031694 
Document 70
0.005041 0.006667 0.337600 0.006520 0.003891 0.005729 0.004468 0.006138 0.007595 0.115849 0.005268 0.338684 0.156550 
0.004381 0.156803 0.041908 0.003786 0.098433 0.002769 0.232592 0.004012 0.022274 0.002831 0.423659 0.004616 0.001935 
0.355627 0.043395 0.235317 0.159493 0.006162 0.161279 0.004946 0.008361 0.007746 0.004301 0.003954 0.004661 0.004757 
Document 71
0.066014 0.087306 0.066684 0.085374 0.050946 0.075012 0.058504 0.080374 0.099448 0.065647 0.068985 0.080879 0.114826 
0.087038 0.096495 0.077900 0.075220 0.068875 0.055019 0.092835 0.079709 0.065182 0.056242 0.115356 0.091696 0.038434 
0.023135 0.013876 0.010274 0.127011 0.017952 0.019671 0.239496 0.024358 0.022567 0.237617 0.124063 0.126123 0.013859 
Document 72
0.066014 0.087306 0.066684 0.085374 0.050946 0.075012 0.058504 0.080374 0.099448 0.065647 0.068985 0.080879 0.114826 
0.087038 0.096495 0.077900 0.075220 0.068875 0.055019 0.092835 0.079709 0.065182 0.056242 0.115356 0.091696 0.038434 
0.478213 0.011326 0.008386 0.011809 0.014653 0.383520 0.011761 0.019883 0.018420 0.010228 0.009403 0.011084 0.011313 
Document 73
0.026930 0.430323 0.027203 0.034827 0.020783 0.030600 0.023866 0.230142 0.040569 0.026780 0.028142 0.032994 0.046842 
0.087038 0.096495 0.077900 0.075220 0.068875 0.055019 0.092835 0.079709 0.065182 0.056242 0.115356 0.091696 0.038434 
0.020795 0.012472 0.009234 0.013004 0.016136 0.725792 0.114110 0.021894 0.020284 0.011262 0.010354 0.012205 0.012457 
Document 74
0.066014 0.087306 0.066684 0.085374 0.050946 0.075012 0.058504 0.080374 0.099448 0.065647 0.068985 0.080879 0.114826 
0.007288 0.166057 0.006523 0.069489 0.005767 0.004607 0.007773 0.006674 0.163435 0.004709 0.199231 0.070869 0.287577 
0.121954 0.619425 0.009234 0.013004 0.117295 0.017681 0.012951 0.021894 0.020284 0.011262 0.010354 0.012205 0.012457 
Document 75
0.033551 0.044372 0.033892 0.043390 0.271772 0.038124 0.029734 0.040850 0.050544 0.033365 0.280940 0.041106 0.058359 
0.008655 0.234735 0.007747 0.007480 0.006849 0.005471 0.084278 0.007927 0.006482 0.005593 0.311657 0.046642 0.266484 
0.015953 0.552817 0.007084 0.165190 0.089986 0.013564 0.009936 0.016797 0.015561 0.008640 0.007944 0.009364 0.087164 
Document 76
0.044491 0.058840 0.044942 0.057538 0.034335 0.050555 0.039429 0.054168 0.067023 0.044243 0.046493 0.380556 0.077387 
0.049604 0.054994 0.044396 0.042868 0.254297 0.031356 0.052908 0.045427 0.037148 0.247098 0.065742 0.052259 0.021904 
0.013810 0.008283 0.006133 0.142995 0.010716 0.213281 0.344499 0.014540 0.013470 0.209019 0.006876 0.008106 0.008273 
Document 77
0.066014 0.087306 0.066684 0.085374 0.050946 0.075012 0.058504 0.080374 0.099448 0.065647 0.068985 0.080879 0.114826 
0.013854 0.015359 0.012399 0.011973 0.010963 0.008757 0.255014 0.012687 0.010375 0.008952 0.618955 0.014595 0.006117 
0.012941 0.007761 0.005747 0.008092 0.450696 0.388707 0.008059 0.076575 0.012622 0.007009 0.006443 0.007595 0.007752 
Document 78
0.013555 0.017926 0.212360 0.116864 0.010461 0.412738 0.012012 0.115837 0.020419 0.013479 0.014165 0.016607 0.023577 
0.030152 0.033428 0.026986 0.026058 0.023860 0.019060 0.162876 0.419760 0.022580 0.019483 0.039962 0.162481 0.013314 
0.204839 0.190860 0.015510 0.021842 0.027102 0.029697 0.021753 0.036774 0.373891 0.018917 0.017391 0.020501 0.020924 
Document 79
0.033551 0.044372 0.033892 0.043390 0.025893 0.038124 0.029734 0.040850 0.296423 0.033365 0.035061 0.286985 0.058359 
0.063193 0.070060 0.056559 0.054613 0.050006 0.039946 0.067402 0.057872 0.321283 0.040834 0.083753 0.066575 0.027904 
0.018885 0.011326 0.008386 0.011809 0.473982 0.016056 0.379224 0.019883 0.018420 0.010228 0.009403 0.011084 0.011313 
Document 80
0.007157 0.376590 0.007229 0.009255 0.005523 0.008132 0.006342 0.113606 0.325460 0.112010 0.007479 0.008768 0.012448 
0.010184 0.011290 0.362313 0.008801 0.008059 0.006437 0.364060 0.141776 0.007627 0.050730 0.013497 0.010729 0.004497 
0.248222 0.013876 0.010274 0.014467 0.017952 0.019671 0.014408 0.024358 0.022567 0.350161 0.236607 0.013579 0.013859 
Document 81
0.013555 0.017926 0.013692 0.812202 0.010461 0.015402 0.012012 0.016503 0.020419 0.013479 0.014165 0.016607 0.023577 
0.049604 0.054994 0.044396 0.042868 0.039252 0.031356 0.052908 0.475517 0.037148 0.032053 0.065742 0.052259 0.021904 
0.071243 0.042729 0.031637 0.044550 0.055281 0.060574 0.390937 0.075008 0.069491 0.038585 0.035473 0.041815 0.042678 
Document 82
0.016915 0.766138 0.017087 0.021876 0.013054 0.019221 0.014991 0.020595 0.025482 0.016821 0.017676 0.020724 0.029422 
0.049604 0.054994 0.044396 0.042868 0.039252 0.031356 0.267952 0.045427 0.037148 0.032053 0.065742 0.052259 0.236949 
0.052907 0.031732 0.023494 0.033084 0.041053 0.044984 0.032950 0.313074 0.051606 0.286025 0.026343 0.031053 0.031694 
Document 83
0.008493 0.322428 0.195297 0.010983 0.006554 0.009650 0.318723 0.010340 0.012794 0.008446 0.008875 0.010405 0.077012 
0.456453 0.091994 0.088383 0.014604 0.013372 0.010682 0.091283 0.015476 0.012655 0.010919 0.022396 0.164321 0.007462 
0.109028 0.065392 0.048416 0.068179 0.084600 0.092700 0.067902 0.114790 0.106348 0.059050 0.054287 0.063993 0.065313 
Document 84
0.066014 0.087306 0.066684 0.085374 0.050946 0.075012 0.058504 0.080374 0.099448 0.065647 0.068985 0.080879 0.114826 
0.019799 0.021951 0.275227 0.188782 0.015668 0.012516 0.278625 0.103968 0.014828 0.012794 0.026241 0.020859 0.008743 
0.135679 0.013876 0.010274 0.014467 0.130495 0.019671 0.352039 0.249445 0.022567 0.012530 0.011519 0.013579 0.013859 
Document 85
0.009056 0.277458 0.009148 0.011712 0.006989 0.010291 0.008026 0.011027 0.411863 0.009006 0.009464 0.210206 0.015753 
0.087038 0.096495 0.077900 0.075220 0.068875 0.055019 0.092835 0.079709 0.065182 0.056242 0.115356 0.091696 0.038434 
0.310278 0.031732 0.023494 0.033084 0.041053 0.044984 0.032950 0.055703 0.051606 0.028654 0.026343 0.288424 0.031694 
Document 86
0.316556 0.549510 0.010549 0.013505 0.008059 0.011866 0.009255 0.012714 0.015731 0.010385 0.010913 0.012794 0.018164 
0.049604 0.054994 0.259441 0.257913 0.039252 0.031356 0.052908 0.045427 0.037148 0.032053 0.065742 0.052259 0.021904 
0.381541 0.112430 0.004834 0.006807 0.008446 0.221058 0.218582 0.011460 0.010617 0.005895 0.005420 0.006389 0.006521 
Document 87
0.044491 0.058840 0.044942 0.383585 0.034335 0.050555 0.039429 0.054168 0.067023 0.044243 0.046493 0.054509 0.077387 
0.087038 0.096495 0.077900 0.075220 0.068875 0.055019 0.092835 0.079709 0.065182 0.056242 0.115356 0.091696 0.038434 
0.020795 0.012472 0.009234 0.013004 0.117295 0.017681 0.619904 0.123053 0.020284 0.011262 0.010354 0.012205 0.012457 
Document 88
0.033551 0.044372 0.033892 0.043390 0.025893 0.038124 0.029734 0.286729 0.050544 0.033365 0.035061 0.286985 0.058359 
0.010184 0.232039 0.009115 0.097101 0.008059 0.006437 0.010862 0.274225 0.051776 0.006581 0.013497 0.231478 0.048647 
0.026069 0.015636 0.011577 0.016302 0.020228 0.022165 0.143052 0.027447 0.659508 0.014119 0.012980 0.015301 0.015617 
Document 89
0.283405 0.016306 0.464247 0.015946 0.009515 0.014010 0.010927 0.015012 0.018574 0.012261 0.012885 0.105465 0.021447 
0.064377 0.267119 0.034818 0.005753 0.005268 0.004208 0.151400 0.006096 0.004985 0.004302 0.008823 0.180173 0.262678 
0.042077 0.025237 0.018685 0.026312 0.032650 0.035776 0.640274 0.044301 0.041043 0.022789 0.020951 0.024697 0.025206 
Document 90
0.033551 0.044372 0.033892 0.043390 0.025893 0.038124 0.029734 0.040850 0.296423 0.033365 0.035061 0.286985 0.058359 
0.049604 0.054994 0.474486 0.042868 0.039252 0.031356 0.052908 0.045427 0.037148 0.032053 0.065742 0.052259 0.021904 
0.052907 0.289103 0.023494 0.033084 0.041053 0.044984 0.032950 0.055703 0.051606 0.286025 0.026343 0.031053 0.031694 
Document 91
0.019309 0.025536 0.019504 0.590979 0.014901 0.021940 0.017112 0.023509 0.029088 0.019201 0.020178 0.165158 0.033585 
0.065987 0.013712 0.332782 0.064307 0.009787 0.007818 0.013192 0.279420 0.009262 0.007992 0.177248 0.013030 0.005461 
0.071243 0.042729 0.031637 0.044550 0.055281 0.407141 0.044370 0.075008 0.069491 0.038585 0.035473 0.041815 0.042678 
Document 92
0.013555 0.017926 0.013692 0.017530 0.010461 0.015402 0.111346 0.115837 0.020419 0.013479 0.014165 0.612611 0.023577 
0.034686 0.489569 0.181416 0.029976 0.027447 0.021926 0.036996 0.031765 0.025976 0.022413 0.045971 0.036542 0.015316 
0.109028 0.065392 0.048416 0.068179 0.084600 0.092700 0.067902 0.114790 0.106348 0.059050 0.054287 0.063993 0.065313 
Document 93
0.015049 0.019903 0.015202 0.019463 0.011614 0.017101 0.013337 0.018323 0.022672 0.014966 0.015727 0.790465 0.026177 
0.087038 0.096495 0.077900 0.075220 0.068875 0.055019 0.092835 0.079709 0.065182 0.056242 0.115356 0.091696 0.038434 
0.042077 0.025237 0.018685 0.026312 0.032650 0.035776 0.230895 0.453680 0.041043 0.022789 0.020951 0.024697 0.025206 
Document 94
0.011308 0.014955 0.011423 0.014624 0.008727 0.012849 0.010021 0.013768 0.017035 0.011245 0.011817 0.842558 0.019669 
0.090157 0.018735 0.015124 0.014604 0.013372 0.010682 0.018024 0.308512 0.012655 0.010919 0.388692 0.091062 0.007462 
0.109028 0.065392 0.048416 0.068179 0.084600 0.092700 0.067902 0.114790 0.106348 0.059050 0.054287 0.063993 0.065313 
Document 95
0.022491 0.029745 0.022719 0.029087 0.017357 0.025557 0.019932 0.027384 0.528357 0.022366 0.023503 0.192381 0.039121 
0.040825 0.045261 0.036539 0.035281 0.032305 0.025806 0.043544 0.037387 0.030573 0.026380 0.585062 0.043010 0.018027 
0.052907 0.031732 0.023494 0.033084 0.041053 0.044984 0.032950 0.055703 0.308977 0.028654 0.283714 0.031053 0.031694 
Document 96
0.007995 0.010574 0.008076 0.010340 0.006170 0.009085 0.007086 0.009734 0.480784 0.007951 0.008355 0.302758 0.131092 
0.104075 0.006291 0.005079 0.004904 0.004490 0.003587 0.006052 0.078997 0.028850 0.003667 0.007521 0.743982 0.002506 
0.018885 0.103192 0.008386 0.011809 0.382117 0.016056 0.011761 0.295480 0.018420 0.010228 0.009403 0.102950 0.011313 
Document 97
0.006800 0.158492 0.305867 0.008794 0.005248 0.007727 0.006026 0.008279 0.159743 0.006762 0.007106 0.157830 0.161327 
0.010184 0.011290 0.097414 0.008801 0.008059 0.094737 0.319910 0.009326 0.272525 0.006581 0.145946 0.010729 0.004497 
0.626049 0.004763 0.003527 0.043598 0.006162 0.006752 0.004946 0.008361 0.200905 0.004301 0.003954 0.043293 0.043389 
Document 98
0.012330 0.287382 0.012455 0.015946 0.009515 0.014010 0.010927 0.015012 0.470366 0.012261 0.103243 0.015106 0.021447 
0.087038 0.096495 0.077900 0.075220 0.068875 0.055019 0.092835 0.079709 0.065182 0.056242 0.115356 0.091696 0.038434 
0.071243 0.042729 0.031637 0.044550 0.055281 0.060574 0.044370 0.075008 0.416058 0.038585 0.035473 0.041815 0.042678 
Document 99
0.013555 0.117260 0.311694 0.017530 0.109795 0.015402 0.012012 0.016503 0.119754 0.013479 0.014165 0.215275 0.023577 
0.013069 0.014489 0.011697 0.067951 0.010342 0.008261 0.013939 0.011968 0.009787 0.008445 0.187291 0.410365 0.232397 
0.109028 0.065392 0.048416 0.068179 0.084600 0.092700 0.067902 0.114790 0.106348 0.059050 0.054287 0.063993 0.065313 
Document 100
0.044491 0.058840 0.044942 0.057538 0.034335 0.050555 0.039429 0.054168 0.067023 0.370290 0.046493 0.054509 0.077387 
0.013069 0.014489 0.011697 0.011294 0.010342 0.008261 0.013939 0.465221 0.123100 0.008445 0.017321 0.297051 0.005771 
0.052907 0.289103 0.023494 0.033084 0.041053 0.302354 0.032950 0.055703 0.051606 0.028654 0.026343 0.031053 0.031694 
Document 101
0.012330 0.016306 0.825680 0.015946 0.009515 0.014010 0.010927 0.015012 0.018574 0.012261 0.012885 0.015106 0.021447 
0.087038 0.096495 0.077900 0.075220 0.068875 0.055019 0.092835 0.079709 0.065182 0.056242 0.115356 0.091696 0.038434 
0.071243 0.042729 0.031637 0.044550 0.055281 0.060574 0.044370 0.421575 0.069491 0.038585 0.035473 0.041815 0.042678 
Document 102
0.026930 0.035615 0.619264 0.034827 0.020783 0.030600 0.023866 0.032788 0.040569 0.026780 0.028142 0.032994 0.046842 
0.604688 0.029564 0.023867 0.023045 0.021101 0.016856 0.028442 0.024421 0.019970 0.017231 0.035342 0.143698 0.011775 
0.101432 0.010373 0.007680 0.010816 0.013421 0.014706 0.431454 0.186483 0.185144 0.009367 0.008612 0.010151 0.010361 
Document 103
0.066014 0.087306 0.066684 0.085374 0.050946 0.075012 0.058504 0.080374 0.099448 0.065647 0.068985 0.080879 0.114826 
0.063193 0.070060 0.056559 0.054613 0.050006 0.039946 0.067402 0.331830 0.047325 0.040834 0.083753 0.066575 0.027904 
0.092339 0.005162 0.003822 0.340314 0.216011 0.300383 0.005360 0.009061 0.008395 0.004661 0.004285 0.005051 0.005156 
Document 104
0.022491 0.689045 0.022719 0.029087 0.017357 0.025557 0.019932 0.027384 0.033882 0.022366 0.023503 0.027556 0.039121 
0.019799 0.021951 0.017721 0.017111 0.101503 0.012516 0.021118 0.018132 0.014828 0.699478 0.026241 0.020859 0.008743 
0.020795 0.113631 0.009234 0.013004 0.016136 0.624634 0.012951 0.021894 0.020284 0.011262 0.111513 0.012205 0.012457 
Document 105
0.005041 0.006667 0.005092 0.080410 0.003891 0.264346 0.004468 0.116974 0.007595 0.005013 0.005268 0.486465 0.008769 
0.063193 0.070060 0.056559 0.054613 0.323964 0.039946 0.067402 0.057872 0.047325 0.040834 0.083753 0.066575 0.027904 
0.071243 0.389296 0.031637 0.044550 0.055281 0.060574 0.044370 0.075008 0.069491 0.038585 0.035473 0.041815 0.042678 
Document 106
0.022491 0.029745 0.022719 0.358737 0.017357 0.025557 0.019932 0.027384 0.033882 0.022366 0.023503 0.357205 0.039121 
0.063193 0.070060 0.330517 0.054613 0.050006 0.039946 0.067402 0.057872 0.047325 0.040834 0.083753 0.066575 0.027904 
0.052907 0.031732 0.280865 0.033084 0.041053 0.044984 0.290321 0.055703 0.051606 0.028654 0.026343 0.031053 0.031694 
Document 107
0.066014 0.087306 0.066684 0.085374 0.050946 0.075012 0.058504 0.080374 0.099448 0.065647 0.068985 0.080879 0.114826 
0.491134 0.024012 0.019385 0.018718 0.017139 0.201481 0.023101 0.019835 0.016220 0.013995 0.122600 0.022818 0.009564 
0.109028 0.065392 0.048416 0.068179 0.084600 0.092700 0.067902 0.114790 0.106348 0.059050 0.054287 0.063993 0.065313 
Document 108
0.066014 0.087306 0.066684 0.085374 0.050946 0.075012 0.058504 0.080374 0.099448 0.065647 0.068985 0.080879 0.114826 
0.087038 0.096495 0.077900 0.075220 0.068875 0.055019 0.092835 0.079709 0.065182 0.056242 0.115356 0.091696 0.038434 
0.545178 0.007302 0.005406 0.007613 0.009447 0.010351 0.007582 0.012818 0.011875 0.006594 0.006062 0.007146 0.362629 
Document 109
