Document 0
0.252098 0.018600 0.013130 0.017374 0.009537 0.411679 0.010838 0.016446 0.099522 0.013030 0.014191 0.096820 0.026735 
0.060224 0.065139 0.046641 0.050044 0.041451 0.034416 0.235050 0.055552 0.214946 0.033906 0.078710 0.064578 0.019344 
0.111264 0.065425 0.038176 0.064335 0.083737 0.095391 0.068641 0.120299 0.114083 0.055481 0.055203 0.063333 0.064632 
Document 1
0.068194 0.090010 0.063538 0.084077 0.046149 0.072598 0.052445 0.079587 0.097686 0.063055 0.068675 0.084610 0.129376 
0.299995 0.048520 0.034741 0.164844 0.030875 0.025635 0.047512 0.168947 0.032537 0.025255 0.058628 0.048102 0.014409 
0.464781 0.013367 0.007800 0.013145 0.017109 0.284718 0.014024 0.112988 0.023309 0.011336 0.011279 0.012940 0.013205 
Document 2
0.273822 0.020203 0.014261 0.018871 0.010358 0.016295 0.011771 0.017864 0.021926 0.014153 0.015414 0.536022 0.029039 
0.586002 0.035091 0.025125 0.026959 0.022330 0.018540 0.034361 0.122186 0.023532 0.018265 0.042401 0.034788 0.010421 
0.427028 0.012281 0.332079 0.093305 0.015719 0.017906 0.012885 0.022582 0.021415 0.010415 0.010362 0.011889 0.012132 
Document 3
0.015306 0.451062 0.014261 0.018871 0.010358 0.102467 0.097943 0.017864 0.021926 0.014153 0.187758 0.018991 0.029039 
0.091599 0.099075 0.070939 0.076116 0.063046 0.052345 0.097017 0.084493 0.066439 0.051570 0.119716 0.098222 0.029422 
0.059645 0.035072 0.020465 0.034488 0.044889 0.515067 0.036796 0.064489 0.061156 0.029742 0.029592 0.033951 0.034647 
Document 4
0.013056 0.017233 0.159173 0.089601 0.008836 0.307915 0.010041 0.015237 0.092207 0.012072 0.013148 0.089703 0.171778 
0.072670 0.078601 0.056279 0.060386 0.050017 0.041528 0.076967 0.273689 0.052709 0.040913 0.094976 0.077924 0.023342 
0.016794 0.009875 0.005762 0.009711 0.012639 0.014398 0.271611 0.018158 0.343782 0.008374 0.008332 0.270810 0.009755 
Document 5
0.031692 0.041831 0.029528 0.039073 0.021447 0.033739 0.381216 0.036987 0.045398 0.029304 0.031916 0.039321 0.238547 
0.060224 0.236403 0.046641 0.050044 0.041451 0.034416 0.063786 0.055552 0.043682 0.205170 0.078710 0.064578 0.019344 
0.427587 0.007829 0.004569 0.007699 0.010021 0.322120 0.008214 0.014396 0.013653 0.110208 0.006606 0.007579 0.059519 
Document 6
0.068194 0.090010 0.063538 0.084077 0.046149 0.072598 0.052445 0.079587 0.097686 0.063055 0.068675 0.084610 0.129376 
0.493743 0.035091 0.117385 0.026959 0.022330 0.018540 0.034361 0.122186 0.023532 0.018265 0.042401 0.034788 0.010421 
0.738291 0.007829 0.004569 0.007699 0.010021 0.063200 0.008214 0.014396 0.065436 0.006640 0.058390 0.007579 0.007735 
Document 7
0.255744 0.050915 0.253110 0.047559 0.026105 0.041066 0.029666 0.045019 0.055257 0.035668 0.038847 0.047861 0.073183 
0.032443 0.035091 0.025125 0.119219 0.022330 0.018540 0.034361 0.029926 0.577091 0.018265 0.042401 0.034788 0.010421 
0.412873 0.111647 0.008556 0.014419 0.018768 0.312332 0.015384 0.026962 0.025569 0.012435 0.012372 0.014195 0.014486 
Document 8
0.009547 0.012602 0.008895 0.226770 0.006461 0.010164 0.007342 0.011142 0.174926 0.008828 0.063365 0.388094 0.071863 
0.231488 0.065139 0.046641 0.050044 0.041451 0.034416 0.063786 0.055552 0.043682 0.033906 0.249974 0.064578 0.019344 
0.111264 0.065425 0.038176 0.064335 0.083737 0.095391 0.068641 0.120299 0.114083 0.055481 0.055203 0.063333 0.064632 
Document 9
0.038575 0.050915 0.253110 0.047559 0.026105 0.041066 0.246835 0.045019 0.055257 0.035668 0.038847 0.047861 0.073183 
0.051418 0.201836 0.039821 0.042727 0.035390 0.029383 0.054459 0.047429 0.183516 0.028948 0.213422 0.055135 0.016516 
0.077660 0.045665 0.026646 0.044905 0.058447 0.066580 0.349934 0.083966 0.079627 0.038725 0.038530 0.044205 0.045111 
Document 10
0.068194 0.090010 0.063538 0.084077 0.046149 0.072598 0.052445 0.079587 0.097686 0.063055 0.068675 0.084610 0.129376 
0.678262 0.035091 0.025125 0.026959 0.022330 0.018540 0.034361 0.029926 0.023532 0.018265 0.042401 0.034788 0.010421 
0.077660 0.045665 0.026646 0.044905 0.058447 0.066580 0.349934 0.083966 0.079627 0.038725 0.038530 0.044205 0.045111 
Document 11
0.049276 0.065040 0.045911 0.338167 0.033347 0.052458 0.037896 0.057508 0.070586 0.045563 0.049624 0.061138 0.093485 
0.010093 0.010917 0.122631 0.008387 0.207872 0.063175 0.240318 0.009310 0.036025 0.005683 0.128006 0.010823 0.146760 
0.293611 0.007095 0.004140 0.053901 0.196777 0.057268 0.007443 0.013045 0.246992 0.052941 0.005986 0.053792 0.007009 
Document 12
0.154855 0.030830 0.021763 0.028797 0.015807 0.024866 0.017963 0.027260 0.559448 0.021597 0.023522 0.028980 0.044313 
0.493743 0.035091 0.025125 0.026959 0.022330 0.110800 0.034361 0.029926 0.023532 0.018265 0.042401 0.127048 0.010421 
0.077660 0.045665 0.026646 0.044905 0.058447 0.066580 0.047910 0.083966 0.381652 0.038725 0.038530 0.044205 0.045111 
Document 13
0.026894 0.035497 0.025058 0.033157 0.623828 0.028631 0.020683 0.031387 0.038525 0.024867 0.027084 0.033368 0.051022 
0.027389 0.029624 0.021211 0.022759 0.018851 0.015652 0.029009 0.103152 0.097754 0.015420 0.581012 0.029369 0.008797 
0.151261 0.018192 0.010616 0.017889 0.023284 0.026525 0.259732 0.394419 0.031722 0.015427 0.015350 0.017611 0.017972 
Document 14
0.006000 0.007919 0.005590 0.041176 0.004060 0.209058 0.038393 0.007002 0.042373 0.005548 0.276269 0.041223 0.315389 
0.060224 0.236403 0.046641 0.050044 0.212715 0.034416 0.063786 0.055552 0.043682 0.033906 0.078710 0.064578 0.019344 
0.367349 0.010565 0.006165 0.010389 0.013522 0.015404 0.080961 0.229055 0.088299 0.008959 0.008914 0.149980 0.010437 
Document 15
0.068194 0.090010 0.063538 0.084077 0.046149 0.072598 0.052445 0.079587 0.097686 0.063055 0.068675 0.084610 0.129376 
0.091599 0.099075 0.070939 0.076116 0.063046 0.052345 0.097017 0.084493 0.066439 0.051570 0.119716 0.098222 0.029422 
0.035170 0.020681 0.012067 0.020336 0.026469 0.714055 0.021697 0.038026 0.036061 0.017538 0.017449 0.020019 0.020430 
Document 16
0.020643 0.027247 0.019233 0.025451 0.013970 0.138191 0.015875 0.024092 0.378216 0.019087 0.020788 0.258043 0.039163 
0.091599 0.099075 0.070939 0.076116 0.063046 0.052345 0.097017 0.084493 0.066439 0.051570 0.119716 0.098222 0.029422 
0.379684 0.045665 0.026646 0.044905 0.058447 0.066580 0.047910 0.083966 0.079627 0.038725 0.038530 0.044205 0.045111 
Document 17
0.023357 0.030830 0.021763 0.028797 0.015807 0.287861 0.017963 0.027260 0.033459 0.416089 0.023522 0.028980 0.044313 
0.603489 0.027484 0.019679 0.021115 0.017489 0.014521 0.026913 0.023438 0.018430 0.014306 0.033209 0.171767 0.008162 
0.151261 0.018192 0.010616 0.017889 0.263930 0.026525 0.019087 0.033451 0.031722 0.015427 0.015350 0.017611 0.378940 
Document 18
0.031692 0.398673 0.029528 0.039073 0.021447 0.033739 0.024373 0.036987 0.045398 0.029304 0.031916 0.039321 0.238547 
0.428039 0.093022 0.018352 0.019692 0.016311 0.080932 0.025099 0.021859 0.017188 0.148122 0.030971 0.092801 0.007612 
0.040743 0.023957 0.013980 0.023559 0.347571 0.034931 0.025135 0.044052 0.041775 0.020316 0.020214 0.023192 0.340575 
Document 19
0.049276 0.065040 0.045911 0.060752 0.310761 0.052458 0.037896 0.057508 0.070586 0.045563 0.049624 0.061138 0.093485 
0.022201 0.339691 0.017194 0.018448 0.078416 0.075823 0.339192 0.020479 0.016103 0.012499 0.029016 0.023806 0.007131 
0.357651 0.023957 0.013980 0.023559 0.030663 0.193384 0.183589 0.044052 0.041775 0.020316 0.020214 0.023192 0.023667 
Document 20
0.049276 0.065040 0.323326 0.060752 0.033347 0.052458 0.037896 0.057508 0.070586 0.045563 0.049624 0.061138 0.093485 
0.655644 0.020189 0.014456 0.015511 0.012847 0.010667 0.072851 0.017218 0.119702 0.010509 0.024395 0.020015 0.005996 
0.111264 0.065425 0.038176 0.064335 0.083737 0.095391 0.068641 0.120299 0.114083 0.055481 0.055203 0.063333 0.064632 
Document 21
0.038575 0.050915 0.035941 0.264728 0.026105 0.041066 0.029666 0.045019 0.055257 0.035668 0.038847 0.265030 0.073183 
0.023697 0.025631 0.018352 0.019692 0.151091 0.148323 0.496831 0.021859 0.017188 0.013342 0.030971 0.025411 0.007612 
0.059645 0.035072 0.020465 0.034488 0.044889 0.051136 0.036796 0.064489 0.293122 0.261707 0.029592 0.033951 0.034647 
Document 22
0.026894 0.338312 0.025058 0.033157 0.018200 0.180038 0.020683 0.031387 0.038525 0.176274 0.027084 0.033368 0.051022 
0.044859 0.048520 0.034741 0.037276 0.286012 0.025635 0.047512 0.041378 0.287674 0.025255 0.058628 0.048102 0.014409 
0.379684 0.045665 0.026646 0.044905 0.058447 0.066580 0.047910 0.083966 0.079627 0.038725 0.038530 0.044205 0.045111 
Document 23
0.015306 0.364891 0.014261 0.363559 0.096530 0.016295 0.011771 0.017864 0.021926 0.014153 0.015414 0.018991 0.029039 
0.032443 0.035091 0.025125 0.026959 0.022330 0.387580 0.126621 0.029926 0.023532 0.110525 0.134661 0.034788 0.010421 
0.040743 0.023957 0.013980 0.182012 0.030663 0.351838 0.025135 0.202506 0.041775 0.020316 0.020214 0.023192 0.023667 
Document 24
0.239653 0.010852 0.285377 0.010136 0.005564 0.147611 0.052609 0.009595 0.196922 0.007602 0.008280 0.010201 0.015598 
0.107681 0.017416 0.012470 0.013380 0.011083 0.009201 0.062844 0.014852 0.652736 0.009065 0.066834 0.017266 0.005172 
0.030939 0.018192 0.251261 0.017889 0.023284 0.267170 0.019087 0.153774 0.031722 0.135750 0.015350 0.017611 0.017972 
Document 25
0.026894 0.035497 0.025058 0.184564 0.169607 0.028631 0.020683 0.182794 0.038525 0.176274 0.027084 0.033368 0.051022 
0.091599 0.099075 0.070939 0.076116 0.063046 0.052345 0.097017 0.084493 0.066439 0.051570 0.119716 0.098222 0.029422 
0.012660 0.007444 0.447454 0.007320 0.107997 0.010854 0.106279 0.112157 0.111449 0.055547 0.006281 0.007206 0.007354 
Document 26
0.031692 0.041831 0.029528 0.039073 0.021447 0.033739 0.202794 0.215408 0.045398 0.029304 0.210337 0.039321 0.060126 
0.279327 0.078601 0.056279 0.060386 0.050017 0.041528 0.076967 0.067032 0.052709 0.040913 0.094976 0.077924 0.023342 
0.094443 0.086485 0.457383 0.161421 0.014538 0.016561 0.011917 0.096012 0.019806 0.009632 0.009584 0.010996 0.011221 
Document 27
0.068194 0.090010 0.063538 0.084077 0.046149 0.072598 0.052445 0.079587 0.097686 0.063055 0.068675 0.084610 0.129376 
0.025410 0.027484 0.019679 0.021115 0.017489 0.014521 0.315952 0.023438 0.018430 0.014306 0.177729 0.316286 0.008162 
0.111264 0.065425 0.038176 0.064335 0.083737 0.095391 0.068641 0.120299 0.114083 0.055481 0.055203 0.063333 0.064632 
Document 28
0.329708 0.338312 0.025058 0.033157 0.018200 0.028631 0.020683 0.031387 0.038525 0.024867 0.027084 0.033368 0.051022 
0.022201 0.150284 0.017194 0.018448 0.141552 0.012687 0.212921 0.083614 0.016103 0.138770 0.029016 0.150077 0.007131 
0.016794 0.009875 0.005762 0.009711 0.600452 0.275648 0.010360 0.018158 0.017219 0.008374 0.008332 0.009559 0.009755 
Document 29
0.068194 0.090010 0.063538 0.084077 0.046149 0.072598 0.052445 0.079587 0.097686 0.063055 0.068675 0.084610 0.129376 
0.013102 0.014171 0.010147 0.010887 0.046277 0.007487 0.088395 0.012086 0.046763 0.007376 0.389717 0.349383 0.004208 
0.017967 0.010565 0.006165 0.010389 0.013522 0.015404 0.080961 0.019426 0.787063 0.008959 0.008914 0.010227 0.010437 
Document 30
0.068194 0.090010 0.063538 0.084077 0.046149 0.072598 0.052445 0.079587 0.097686 0.063055 0.068675 0.084610 0.129376 
0.029702 0.032127 0.023003 0.024682 0.020444 0.016974 0.453794 0.111865 0.106011 0.016722 0.123286 0.031850 0.009540 
0.111264 0.065425 0.038176 0.064335 0.083737 0.095391 0.068641 0.120299 0.114083 0.055481 0.055203 0.063333 0.064632 
Document 31
0.170797 0.012602 0.008895 0.065521 0.060211 0.493912 0.007342 0.118642 0.013676 0.008828 0.009615 0.011846 0.018113 
0.039784 0.043031 0.030810 0.146195 0.027382 0.135870 0.042136 0.376104 0.028856 0.022398 0.051995 0.042660 0.012779 
0.048415 0.028468 0.204901 0.027994 0.036437 0.041508 0.029868 0.240635 0.049641 0.024142 0.024020 0.215847 0.028123 
Document 32
0.026894 0.035497 0.479279 0.033157 0.018200 0.028631 0.020683 0.031387 0.038525 0.024867 0.027084 0.184775 0.051022 
0.015397 0.016653 0.011924 0.012794 0.054382 0.008799 0.016307 0.276911 0.011168 0.008668 0.020123 0.541928 0.004945 
0.375803 0.007829 0.004569 0.007699 0.010021 0.166768 0.215350 0.066180 0.013653 0.006640 0.110174 0.007579 0.007735 
Document 33
0.068194 0.090010 0.063538 0.084077 0.046149 0.072598 0.052445 0.079587 0.097686 0.063055 0.068675 0.084610 0.129376 
0.458969 0.027484 0.019679 0.021115 0.017489 0.014521 0.026913 0.023438 0.018430 0.014306 0.249989 0.027247 0.080422 
0.419221 0.008734 0.005096 0.239656 0.011179 0.070501 0.009163 0.016060 0.072997 0.122940 0.007369 0.008455 0.008628 
Document 34
0.049276 0.065040 0.323326 0.060752 0.033347 0.052458 0.037896 0.057508 0.070586 0.045563 0.049624 0.061138 0.093485 
0.011403 0.044760 0.073684 0.009475 0.007848 0.006516 0.012077 0.010518 0.008271 0.071273 0.306741 0.433772 0.003663 
0.022733 0.013367 0.007800 0.013145 0.459157 0.019490 0.014024 0.112988 0.023309 0.011336 0.011279 0.278169 0.013205 
Document 35
0.020643 0.027247 0.019233 0.025451 0.013970 0.021976 0.364522 0.140307 0.029570 0.251518 0.020788 0.025612 0.039163 
0.264078 0.229188 0.081624 0.010496 0.008694 0.043139 0.013378 0.011651 0.045083 0.007111 0.160192 0.121307 0.004057 
0.199197 0.023957 0.013980 0.023559 0.347571 0.034931 0.025135 0.044052 0.041775 0.020316 0.020214 0.181645 0.023667 
Document 36
0.038575 0.050915 0.035941 0.264728 0.026105 0.258235 0.029666 0.045019 0.055257 0.035668 0.038847 0.047861 0.073183 
0.091599 0.099075 0.070939 0.076116 0.063046 0.052345 0.097017 0.084493 0.066439 0.051570 0.119716 0.098222 0.029422 
0.040743 0.023957 0.013980 0.023559 0.189117 0.351838 0.025135 0.044052 0.041775 0.020316 0.178668 0.023192 0.023667 
Document 37
0.031692 0.041831 0.029528 0.039073 0.021447 0.033739 0.024373 0.036987 0.045398 0.029304 0.031916 0.574585 0.060126 
0.020883 0.022587 0.016173 0.136125 0.014373 0.011934 0.081504 0.316193 0.015147 0.071143 0.264837 0.022393 0.006708 
0.077660 0.045665 0.026646 0.346929 0.058447 0.066580 0.047910 0.083966 0.079627 0.038725 0.038530 0.044205 0.045111 
Document 38
0.326690 0.065040 0.045911 0.060752 0.033347 0.052458 0.037896 0.057508 0.070586 0.045563 0.049624 0.061138 0.093485 
0.019712 0.133435 0.127380 0.016380 0.013568 0.067322 0.357221 0.186354 0.014298 0.011098 0.025763 0.021137 0.006332 
0.048415 0.028468 0.393190 0.027994 0.036437 0.041508 0.029868 0.052346 0.049641 0.024142 0.024020 0.215847 0.028123 
Document 39
0.049276 0.065040 0.045911 0.060752 0.033347 0.052458 0.037896 0.057508 0.348001 0.045563 0.049624 0.061138 0.093485 
0.013609 0.324330 0.010540 0.011309 0.164172 0.007777 0.014414 0.012553 0.009871 0.007662 0.404799 0.014593 0.004371 
0.077660 0.045665 0.026646 0.044905 0.058447 0.066580 0.047910 0.083966 0.079627 0.038725 0.038530 0.346230 0.045111 
Document 40
0.066893 0.013317 0.009401 0.012440 0.006828 0.010741 0.007760 0.011775 0.014453 0.236541 0.123767 0.466942 0.019142 
0.020883 0.081973 0.016173 0.076739 0.014373 0.011934 0.378435 0.019263 0.015147 0.011757 0.324224 0.022393 0.006708 
0.111264 0.065425 0.038176 0.064335 0.083737 0.095391 0.068641 0.120299 0.114083 0.055481 0.055203 0.063333 0.064632 
Document 41
0.026894 0.035497 0.025058 0.184564 0.018200 0.028631 0.020683 0.031387 0.038525 0.024867 0.178491 0.033368 0.353836 
0.050361 0.163209 0.010147 0.010887 0.046277 0.007487 0.051136 0.123863 0.046763 0.007376 0.166161 0.237605 0.078727 
0.111264 0.065425 0.038176 0.064335 0.083737 0.095391 0.068641 0.120299 0.114083 0.055481 0.055203 0.063333 0.064632 
Document 42
0.068194 0.090010 0.063538 0.084077 0.046149 0.072598 0.052445 0.079587 0.097686 0.063055 0.068675 0.084610 0.129376 
0.020883 0.022587 0.016173 0.017353 0.014373 0.011934 0.259662 0.019263 0.133919 0.011757 0.383610 0.081779 0.006708 
0.236704 0.405046 0.016612 0.027994 0.036437 0.041508 0.029868 0.052346 0.049641 0.024142 0.024020 0.027558 0.028123 
Document 43
0.068194 0.090010 0.063538 0.084077 0.046149 0.072598 0.052445 0.079587 0.097686 0.063055 0.068675 0.084610 0.129376 
0.245051 0.063206 0.195629 0.059170 0.102662 0.009201 0.108634 0.014852 0.011679 0.054855 0.112624 0.017266 0.005172 
0.040743 0.023957 0.013980 0.023559 0.347571 0.034931 0.025135 0.202506 0.041775 0.020316 0.178668 0.023192 0.023667 
Document 44
0.049276 0.065040 0.045911 0.338167 0.033347 0.052458 0.037896 0.057508 0.070586 0.045563 0.049624 0.061138 0.093485 
0.035740 0.038657 0.129316 0.029699 0.126236 0.020424 0.037854 0.134604 0.330834 0.020122 0.046710 0.038324 0.011480 
0.111264 0.065425 0.038176 0.064335 0.083737 0.095391 0.068641 0.120299 0.114083 0.055481 0.055203 0.063333 0.064632 
Document 45
0.068194 0.090010 0.063538 0.084077 0.046149 0.072598 0.052445 0.079587 0.097686 0.063055 0.068675 0.084610 0.129376 
0.013609 0.401733 0.087942 0.011309 0.009367 0.007777 0.014414 0.089956 0.048572 0.007662 0.172591 0.053294 0.081774 
0.027616 0.016238 0.009475 0.552968 0.020784 0.023676 0.124437 0.137258 0.028315 0.013771 0.013701 0.015719 0.016042 
Document 46
0.038575 0.050915 0.035941 0.047559 0.026105 0.475404 0.029666 0.045019 0.055257 0.035668 0.038847 0.047861 0.073183 
0.027389 0.029624 0.021211 0.100647 0.408292 0.015652 0.029009 0.258928 0.019866 0.015420 0.035796 0.029369 0.008797 
0.111264 0.065425 0.038176 0.064335 0.083737 0.095391 0.068641 0.120299 0.114083 0.055481 0.055203 0.063333 0.064632 
Document 47
0.329708 0.186904 0.025058 0.033157 0.169607 0.028631 0.020683 0.031387 0.038525 0.024867 0.027084 0.033368 0.051022 
0.645562 0.038657 0.027679 0.029699 0.024599 0.020424 0.037854 0.032967 0.025923 0.020122 0.046710 0.038324 0.011480 
0.379684 0.045665 0.026646 0.044905 0.058447 0.066580 0.047910 0.083966 0.079627 0.038725 0.038530 0.044205 0.045111 
Document 48
0.031692 0.041831 0.029528 0.395916 0.021447 0.033739 0.024373 0.215408 0.045398 0.029304 0.031916 0.039321 0.060126 
0.051418 0.055614 0.039821 0.042727 0.181612 0.029383 0.200680 0.193650 0.037295 0.028948 0.067201 0.055135 0.016516 
0.357301 0.007444 0.004344 0.007320 0.009528 0.207791 0.007810 0.358329 0.012980 0.006313 0.006281 0.007206 0.007354 
Document 49
0.011383 0.015024 0.074689 0.078117 0.007703 0.012118 0.008754 0.013285 0.657138 0.074608 0.011463 0.014123 0.021595 
0.010392 0.129447 0.008048 0.008635 0.007152 0.094594 0.217869 0.009585 0.125744 0.035402 0.072685 0.218005 0.062441 
0.135016 0.016238 0.009475 0.123368 0.020784 0.023676 0.017037 0.029858 0.135715 0.013771 0.335901 0.015719 0.123442 
Document 50
0.068194 0.090010 0.063538 0.084077 0.046149 0.072598 0.052445 0.079587 0.097686 0.063055 0.068675 0.084610 0.129376 
0.039784 0.043031 0.030810 0.033059 0.027382 0.022735 0.494679 0.036697 0.141992 0.022398 0.051995 0.042660 0.012779 
0.040743 0.023957 0.013980 0.023559 0.030663 0.034931 0.500497 0.202506 0.041775 0.020316 0.020214 0.023192 0.023667 
Document 51
0.068194 0.090010 0.063538 0.084077 0.046149 0.072598 0.052445 0.079587 0.097686 0.063055 0.068675 0.084610 0.129376 
0.039784 0.043031 0.030810 0.033059 0.027382 0.022735 0.607815 0.036697 0.028856 0.022398 0.051995 0.042660 0.012779 
0.291611 0.035072 0.020465 0.034488 0.044889 0.051136 0.036796 0.064489 0.293122 0.029742 0.029592 0.033951 0.034647 
Document 52
0.068194 0.090010 0.063538 0.084077 0.046149 0.072598 0.052445 0.079587 0.097686 0.063055 0.068675 0.084610 0.129376 
0.044859 0.048520 0.034741 0.037276 0.030875 0.153203 0.175080 0.168947 0.160105 0.025255 0.058628 0.048102 0.014409 
0.059645 0.035072 0.020465 0.034488 0.044889 0.051136 0.036796 0.064489 0.061156 0.493673 0.029592 0.033951 0.034647 
Document 53
0.031692 0.398673 0.029528 0.039073 0.021447 0.033739 0.024373 0.036987 0.223819 0.029304 0.031916 0.039321 0.060126 
0.317814 0.081973 0.016173 0.017353 0.014373 0.011934 0.081504 0.316193 0.015147 0.011757 0.027293 0.081779 0.006708 
0.121921 0.014664 0.008556 0.402355 0.018768 0.021380 0.112368 0.026962 0.025569 0.012435 0.012372 0.014195 0.208454 
Document 54
0.049276 0.065040 0.045911 0.060752 0.033347 0.329873 0.037896 0.057508 0.070586 0.045563 0.049624 0.061138 0.093485 
0.032443 0.404130 0.025125 0.026959 0.022330 0.018540 0.034361 0.122186 0.023532 0.018265 0.226921 0.034788 0.010421 
0.022733 0.013367 0.007800 0.013145 0.017109 0.549947 0.014024 0.024579 0.288537 0.011336 0.011279 0.012940 0.013205 
Document 55
0.016750 0.022108 0.015606 0.020651 0.011335 0.112129 0.012881 0.019548 0.118291 0.015488 0.016868 0.586568 0.031777 
0.130053 0.007788 0.128429 0.005983 0.004956 0.045065 0.007626 0.006641 0.025698 0.004054 0.562248 0.028196 0.043264 
0.111264 0.065425 0.038176 0.064335 0.083737 0.095391 0.068641 0.120299 0.114083 0.055481 0.055203 0.063333 0.064632 
Document 56
0.023357 0.030830 0.284757 0.028797 0.015807 0.024866 0.017963 0.027260 0.033459 0.021597 0.023522 0.423472 0.044313 
0.168414 0.014720 0.204046 0.011309 0.009367 0.007777 0.285323 0.051255 0.125975 0.007662 0.056488 0.014593 0.043073 
0.059645 0.035072 0.020465 0.034488 0.044889 0.051136 0.036796 0.064489 0.061156 0.029742 0.493523 0.033951 0.034647 
Document 57
0.553712 0.009157 0.084574 0.008553 0.004695 0.085496 0.005335 0.008096 0.166159 0.006414 0.006986 0.047663 0.013161 
0.175194 0.015312 0.010964 0.132542 0.090263 0.008090 0.014994 0.013059 0.131047 0.007970 0.340577 0.015181 0.044807 
0.632552 0.018192 0.010616 0.017889 0.143607 0.026525 0.019087 0.033451 0.031722 0.015427 0.015350 0.017611 0.017972 
Document 58
0.031692 0.041831 0.029528 0.039073 0.199868 0.212160 0.024373 0.036987 0.045398 0.029304 0.031916 0.039321 0.238547 
0.048552 0.049583 0.009782 0.046417 0.008694 0.007218 0.013378 0.083493 0.009162 0.007111 0.375718 0.336833 0.004057 
0.024937 0.111647 0.008556 0.014419 0.018768 0.409316 0.112368 0.123946 0.025569 0.012435 0.012372 0.111179 0.014486 
Document 59
0.011383 0.207274 0.202855 0.014034 0.007703 0.012118 0.008754 0.013285 0.016306 0.010525 0.011463 0.270456 0.213845 
0.009812 0.010613 0.091307 0.119764 0.006753 0.005607 0.010392 0.148564 0.007117 0.005524 0.515071 0.010521 0.058957 
0.457216 0.016238 0.009475 0.015968 0.020784 0.131076 0.017037 0.029858 0.028315 0.228571 0.013701 0.015719 0.016042 
Document 60
0.068194 0.090010 0.063538 0.084077 0.046149 0.072598 0.052445 0.079587 0.097686 0.063055 0.068675 0.084610 0.129376 
0.231488 0.065139 0.046641 0.050044 0.041451 0.034416 0.063786 0.055552 0.043682 0.205170 0.078710 0.064578 0.019344 
0.102114 0.012281 0.007166 0.012077 0.015719 0.017906 0.012885 0.753637 0.021415 0.010415 0.010362 0.011889 0.012132 
Document 61
0.038575 0.268084 0.035941 0.047559 0.026105 0.041066 0.029666 0.045019 0.272426 0.035668 0.038847 0.047861 0.073183 
0.059182 0.016653 0.011924 0.056579 0.010597 0.140153 0.016307 0.408266 0.011168 0.008668 0.020123 0.191649 0.048730 
0.111264 0.065425 0.038176 0.064335 0.083737 0.095391 0.068641 0.120299 0.114083 0.055481 0.055203 0.063333 0.064632 
Document 62
0.006937 0.009157 0.006464 0.047608 0.004695 0.007385 0.005335 0.125262 0.322380 0.279802 0.046041 0.125773 0.013161 
0.035740 0.038657 0.027679 0.029699 0.024599 0.020424 0.037854 0.134604 0.025923 0.020122 0.554895 0.038324 0.011480 
0.027616 0.016238 0.009475 0.015968 0.020784 0.238476 0.017037 0.029858 0.565315 0.013771 0.013701 0.015719 0.016042 
Document 63
0.068194 0.090010 0.063538 0.084077 0.046149 0.072598 0.052445 0.079587 0.097686 0.063055 0.068675 0.084610 0.129376 
0.009812 0.150126 0.007599 0.008153 0.034656 0.005607 0.317321 0.232271 0.007117 0.005524 0.208142 0.010521 0.003152 
0.111264 0.065425 0.038176 0.064335 0.083737 0.095391 0.068641 0.120299 0.114083 0.055481 0.055203 0.063333 0.064632 
Document 64
0.068194 0.090010 0.063538 0.084077 0.046149 0.072598 0.052445 0.079587 0.097686 0.063055 0.068675 0.084610 0.129376 
0.443318 0.126352 0.014456 0.015511 0.225174 0.010667 0.019770 0.017218 0.013539 0.010509 0.024395 0.020015 0.059077 
0.111264 0.065425 0.038176 0.064335 0.083737 0.095391 0.068641 0.120299 0.114083 0.055481 0.055203 0.063333 0.064632 
Document 65
0.023357 0.030830 0.021763 0.028797 0.147304 0.024866 0.017963 0.027260 0.559448 0.021597 0.023522 0.028980 0.044313 
0.119353 0.097691 0.095282 0.006517 0.050002 0.004482 0.030608 0.029536 0.027990 0.004415 0.367082 0.164524 0.002519 
0.077660 0.045665 0.026646 0.044905 0.058447 0.066580 0.047910 0.385991 0.079627 0.038725 0.038530 0.044205 0.045111 
Document 66
0.068194 0.090010 0.063538 0.084077 0.046149 0.072598 0.052445 0.079587 0.097686 0.063055 0.068675 0.084610 0.129376 
0.027389 0.029624 0.021211 0.022759 0.018851 0.015652 0.029009 0.336816 0.019866 0.015420 0.269460 0.185145 0.008797 
0.357651 0.023957 0.172433 0.023559 0.189117 0.034931 0.025135 0.044052 0.041775 0.020316 0.020214 0.023192 0.023667 
Document 67
0.417849 0.030830 0.021763 0.291792 0.015807 0.024866 0.017963 0.027260 0.033459 0.021597 0.023522 0.028980 0.044313 
0.080269 0.081973 0.016173 0.017353 0.014373 0.011934 0.022118 0.078649 0.015147 0.011757 0.502382 0.141165 0.006708 
0.171951 0.020681 0.559189 0.020336 0.026469 0.030153 0.021697 0.038026 0.036061 0.017538 0.017449 0.020019 0.020430 
Document 68
0.038575 0.485253 0.035941 0.047559 0.026105 0.041066 0.029666 0.045019 0.055257 0.035668 0.038847 0.047861 0.073183 
0.148472 0.024013 0.017194 0.018448 0.015281 0.012687 0.086650 0.399292 0.016103 0.012499 0.218423 0.023806 0.007131 
0.111264 0.065425 0.038176 0.064335 0.083737 0.095391 0.068641 0.120299 0.114083 0.055481 0.055203 0.063333 0.064632 
Document 69
0.319380 0.126322 0.084574 0.008553 0.004695 0.007385 0.005335 0.125262 0.009937 0.279802 0.006986 0.008607 0.013161 
0.007351 0.237889 0.026596 0.006108 0.005059 0.004201 0.007785 0.006780 0.026235 0.004138 0.657615 0.007882 0.002361 
0.035170 0.020681 0.012067 0.020336 0.436811 0.303714 0.021697 0.038026 0.036061 0.017538 0.017449 0.020019 0.020430 
Document 70
0.010090 0.013317 0.066204 0.012440 0.177237 0.124347 0.121365 0.011775 0.014453 0.009329 0.010161 0.410139 0.019142 
0.036837 0.099944 0.004266 0.020242 0.066449 0.003148 0.162478 0.052074 0.019660 0.018766 0.477132 0.037235 0.001769 
0.275821 0.119767 0.345416 0.005651 0.007355 0.008379 0.006029 0.200601 0.010020 0.004873 0.004849 0.005563 0.005677 
Document 71
0.049276 0.065040 0.045911 0.060752 0.033347 0.052458 0.037896 0.057508 0.070586 0.045563 0.049624 0.338553 0.093485 
0.091599 0.099075 0.070939 0.076116 0.063046 0.052345 0.097017 0.084493 0.066439 0.051570 0.119716 0.098222 0.029422 
0.030939 0.018192 0.010616 0.017889 0.023284 0.026525 0.380055 0.033451 0.031722 0.135750 0.015350 0.258256 0.017972 
Document 72
0.068194 0.090010 0.063538 0.084077 0.046149 0.072598 0.052445 0.079587 0.097686 0.063055 0.068675 0.084610 0.129376 
0.072670 0.078601 0.056279 0.060386 0.050017 0.041528 0.076967 0.067032 0.052709 0.040913 0.301632 0.077924 0.023342 
0.121921 0.014664 0.008556 0.014419 0.018768 0.603283 0.015384 0.026962 0.025569 0.012435 0.012372 0.014195 0.111470 
Document 73
0.038575 0.485253 0.035941 0.047559 0.026105 0.041066 0.029666 0.045019 0.055257 0.035668 0.038847 0.047861 0.073183 
0.091599 0.099075 0.070939 0.076116 0.063046 0.052345 0.097017 0.084493 0.066439 0.051570 0.119716 0.098222 0.029422 
0.022733 0.013367 0.007800 0.013145 0.017109 0.461538 0.014024 0.024579 0.376947 0.011336 0.011279 0.012940 0.013205 
Document 74
0.068194 0.090010 0.063538 0.084077 0.046149 0.072598 0.052445 0.079587 0.097686 0.063055 0.068675 0.084610 0.129376 
0.009054 0.190024 0.007012 0.007523 0.083474 0.005174 0.061084 0.137088 0.006567 0.005097 0.269307 0.035456 0.183140 
0.059645 0.035072 0.020465 0.034488 0.508820 0.051136 0.036796 0.064489 0.061156 0.029742 0.029592 0.033951 0.034647 
Document 75
0.049276 0.342455 0.045911 0.060752 0.033347 0.052458 0.037896 0.057508 0.070586 0.045563 0.049624 0.061138 0.093485 
0.010392 0.099895 0.008048 0.008635 0.007152 0.005938 0.011006 0.068689 0.214400 0.005851 0.309099 0.011143 0.239752 
0.030939 0.740128 0.010616 0.017889 0.023284 0.026525 0.019087 0.033451 0.031722 0.015427 0.015350 0.017611 0.017972 
Document 76
0.023357 0.162327 0.021763 0.028797 0.015807 0.156363 0.017963 0.027260 0.033459 0.021597 0.155019 0.291975 0.044313 
0.091599 0.099075 0.070939 0.076116 0.063046 0.052345 0.097017 0.084493 0.066439 0.051570 0.119716 0.098222 0.029422 
0.019317 0.086485 0.006628 0.011170 0.014538 0.392191 0.162169 0.020886 0.019806 0.235010 0.009584 0.010996 0.011221 
Document 77
0.068194 0.090010 0.063538 0.084077 0.046149 0.072598 0.052445 0.079587 0.097686 0.063055 0.068675 0.084610 0.129376 
0.016874 0.018252 0.013068 0.014022 0.011614 0.009643 0.257808 0.015565 0.012239 0.009500 0.597899 0.018094 0.005420 
0.019317 0.011359 0.006628 0.011170 0.315042 0.317065 0.011917 0.020886 0.170058 0.009632 0.009584 0.086121 0.011221 
Document 78
0.009547 0.012602 0.062645 0.011771 0.006461 0.493912 0.114842 0.064892 0.013676 0.116328 0.009615 0.065595 0.018113 
0.072670 0.078601 0.056279 0.060386 0.050017 0.041528 0.283624 0.067032 0.052709 0.040913 0.094976 0.077924 0.023342 
0.111264 0.065425 0.038176 0.064335 0.083737 0.095391 0.068641 0.120299 0.114083 0.055481 0.055203 0.063333 0.064632 
Document 79
0.049276 0.065040 0.045911 0.060752 0.033347 0.052458 0.037896 0.334923 0.070586 0.045563 0.049624 0.061138 0.093485 
0.091599 0.099075 0.070939 0.076116 0.063046 0.052345 0.097017 0.084493 0.066439 0.051570 0.119716 0.098222 0.029422 
0.094443 0.011359 0.006628 0.011170 0.315042 0.016561 0.312421 0.020886 0.019806 0.084758 0.084710 0.010996 0.011221 
Document 80
0.008621 0.351107 0.008032 0.010628 0.005834 0.009177 0.006630 0.010061 0.109414 0.347699 0.008681 0.107761 0.016355 
0.013609 0.014720 0.281449 0.011309 0.048068 0.007777 0.324024 0.167358 0.009871 0.085064 0.017786 0.014593 0.004371 
0.516105 0.023957 0.013980 0.023559 0.030663 0.034931 0.025135 0.044052 0.041775 0.178770 0.020214 0.023192 0.023667 
Document 81
0.016750 0.022108 0.015606 0.680735 0.011335 0.017831 0.012881 0.019548 0.023993 0.015488 0.016868 0.115080 0.031777 
0.051418 0.055614 0.039821 0.042727 0.035390 0.029383 0.054459 0.339872 0.037295 0.028948 0.067201 0.201357 0.016516 
0.111264 0.065425 0.038176 0.064335 0.083737 0.095391 0.068641 0.120299 0.114083 0.055481 0.055203 0.063333 0.064632 
Document 82
0.023357 0.556819 0.021763 0.028797 0.015807 0.024866 0.017963 0.027260 0.164956 0.021597 0.023522 0.028980 0.044313 
0.091599 0.099075 0.070939 0.076116 0.063046 0.052345 0.097017 0.084493 0.066439 0.051570 0.119716 0.098222 0.029422 
0.035170 0.020681 0.012067 0.020336 0.026469 0.030153 0.295258 0.038026 0.036061 0.427879 0.017449 0.020019 0.020430 
Document 83
0.111047 0.399299 0.015606 0.020651 0.011335 0.017831 0.012881 0.019548 0.023993 0.015488 0.016868 0.020782 0.314670 
0.352784 0.114226 0.013068 0.109996 0.155576 0.009643 0.017872 0.015565 0.012239 0.153461 0.022054 0.018094 0.005420 
0.111264 0.065425 0.038176 0.064335 0.083737 0.095391 0.068641 0.120299 0.114083 0.055481 0.055203 0.063333 0.064632 
Document 84
0.068194 0.090010 0.063538 0.084077 0.046149 0.072598 0.052445 0.079587 0.097686 0.063055 0.068675 0.084610 0.129376 
0.051418 0.201836 0.186042 0.042727 0.035390 0.175605 0.054459 0.047429 0.037295 0.028948 0.067201 0.055135 0.016516 
0.278044 0.009875 0.201700 0.009711 0.012639 0.079711 0.010360 0.279408 0.082532 0.008374 0.008332 0.009559 0.009755 
Document 85
0.016750 0.116406 0.015606 0.020651 0.011335 0.112129 0.012881 0.019548 0.589780 0.015488 0.016868 0.020782 0.031777 
0.091599 0.099075 0.070939 0.076116 0.063046 0.052345 0.097017 0.084493 0.066439 0.051570 0.119716 0.098222 0.029422 
0.672016 0.016238 0.009475 0.123368 0.020784 0.023676 0.017037 0.029858 0.028315 0.013771 0.013701 0.015719 0.016042 
Document 86
0.233568 0.458257 0.012165 0.016097 0.008836 0.013899 0.010041 0.015237 0.018703 0.012072 0.013148 0.163207 0.024770 
0.091599 0.099075 0.070939 0.076116 0.063046 0.052345 0.097017 0.084493 0.066439 0.051570 0.119716 0.098222 0.029422 
0.669004 0.054019 0.004140 0.006977 0.009081 0.151117 0.054368 0.013045 0.012371 0.006016 0.005986 0.006868 0.007009 
Document 87
0.049276 0.065040 0.045911 0.060752 0.033347 0.052458 0.037896 0.057508 0.070586 0.322977 0.049624 0.061138 0.093485 
0.091599 0.099075 0.070939 0.076116 0.063046 0.052345 0.097017 0.084493 0.066439 0.051570 0.119716 0.098222 0.029422 
0.121921 0.014664 0.008556 0.014419 0.018768 0.506299 0.015384 0.026962 0.025569 0.012435 0.012372 0.208163 0.014486 
Document 88
0.026894 0.035497 0.025058 0.033157 0.472421 0.028631 0.020683 0.031387 0.038525 0.024867 0.027084 0.033368 0.202429 
0.012631 0.193267 0.045703 0.010496 0.008694 0.007218 0.049299 0.155335 0.081004 0.114874 0.052429 0.193149 0.075899 
0.111264 0.065425 0.038176 0.064335 0.083737 0.095391 0.068641 0.120299 0.114083 0.055481 0.055203 0.063333 0.064632 
Document 89
0.068194 0.090010 0.063538 0.084077 0.046149 0.072598 0.052445 0.079587 0.097686 0.063055 0.068675 0.084610 0.129376 
0.007351 0.175178 0.214727 0.006108 0.109577 0.004201 0.112303 0.027684 0.005332 0.025042 0.093221 0.133303 0.085975 
0.111264 0.065425 0.038176 0.064335 0.083737 0.095391 0.068641 0.120299 0.114083 0.055481 0.055203 0.063333 0.064632 
Document 90
0.031692 0.041831 0.029528 0.039073 0.021447 0.569003 0.024373 0.036987 0.045398 0.029304 0.031916 0.039321 0.060126 
0.091599 0.099075 0.070939 0.076116 0.063046 0.052345 0.097017 0.084493 0.066439 0.051570 0.119716 0.098222 0.029422 
0.048415 0.028468 0.016612 0.027994 0.036437 0.041508 0.594735 0.052346 0.049641 0.024142 0.024020 0.027558 0.028123 
Document 91
0.031692 0.041831 0.029528 0.395916 0.021447 0.033739 0.024373 0.036987 0.223819 0.029304 0.031916 0.039321 0.060126 
0.016102 0.063206 0.104050 0.013380 0.056872 0.009201 0.062844 0.335381 0.011679 0.146435 0.158413 0.017266 0.005172 
0.077660 0.045665 0.026646 0.044905 0.058447 0.066580 0.047910 0.083966 0.079627 0.038725 0.038530 0.044205 0.347136 
Document 92
0.068194 0.090010 0.063538 0.084077 0.046149 0.072598 0.052445 0.079587 0.097686 0.063055 0.068675 0.084610 0.129376 
0.023697 0.025631 0.287914 0.019692 0.016311 0.080932 0.159879 0.156639 0.151969 0.013342 0.030971 0.025411 0.007612 
0.077660 0.045665 0.026646 0.044905 0.058447 0.066580 0.047910 0.083966 0.381652 0.038725 0.038530 0.044205 0.045111 
Document 93
0.023357 0.030830 0.021763 0.028797 0.015807 0.024866 0.017963 0.027260 0.033459 0.021597 0.023522 0.554970 0.175810 
0.044859 0.048520 0.162309 0.037276 0.030875 0.025635 0.047512 0.424083 0.032537 0.025255 0.058628 0.048102 0.014409 
0.077660 0.045665 0.026646 0.044905 0.058447 0.368605 0.047910 0.083966 0.079627 0.038725 0.038530 0.044205 0.045111 
Document 94
0.068194 0.090010 0.063538 0.084077 0.046149 0.072598 0.052445 0.079587 0.097686 0.063055 0.068675 0.084610 0.129376 
0.140595 0.267644 0.053372 0.012257 0.010153 0.008430 0.057571 0.223347 0.010699 0.050253 0.145123 0.015817 0.004738 
0.077660 0.045665 0.026646 0.044905 0.058447 0.066580 0.047910 0.083966 0.079627 0.038725 0.340555 0.044205 0.045111 
Document 95
0.038575 0.050915 0.035941 0.047559 0.026105 0.041066 0.029666 0.045019 0.055257 0.035668 0.038847 0.482198 0.073183 
0.051418 0.055614 0.039821 0.042727 0.035390 0.029383 0.054459 0.047429 0.037295 0.028948 0.213422 0.347578 0.016516 
0.040743 0.023957 0.013980 0.023559 0.030663 0.034931 0.025135 0.044052 0.675591 0.020316 0.020214 0.023192 0.023667 
Document 96
0.286352 0.162327 0.021763 0.028797 0.015807 0.024866 0.017963 0.158757 0.164956 0.021597 0.023522 0.028980 0.044313 
0.007351 0.007951 0.005693 0.027012 0.005059 0.046008 0.007785 0.153105 0.047139 0.004138 0.072317 0.614083 0.002361 
0.278044 0.009875 0.005762 0.009711 0.143264 0.014398 0.467548 0.018158 0.017219 0.008374 0.008332 0.009559 0.009755 
Document 97
0.008222 0.149710 0.053946 0.010136 0.005564 0.286470 0.006323 0.009595 0.058063 0.007602 0.008280 0.241632 0.154456 
0.022201 0.087149 0.269736 0.018448 0.078416 0.012687 0.086650 0.209885 0.016103 0.012499 0.029016 0.150077 0.007131 
0.458021 0.004539 0.002649 0.004463 0.035830 0.006618 0.004762 0.098406 0.338136 0.003849 0.033850 0.004394 0.004484 
Document 98
0.023357 0.030830 0.021763 0.028797 0.147304 0.287861 0.017963 0.158757 0.164956 0.021597 0.023522 0.028980 0.044313 
0.091599 0.099075 0.070939 0.076116 0.063046 0.052345 0.097017 0.084493 0.066439 0.051570 0.119716 0.098222 0.029422 
0.308731 0.020681 0.012067 0.020336 0.026469 0.030153 0.158478 0.038026 0.172842 0.017538 0.017449 0.156800 0.020430 
Document 99
0.111047 0.399299 0.015606 0.020651 0.105633 0.017831 0.012881 0.019548 0.118291 0.015488 0.016868 0.115080 0.031777 
0.018666 0.020189 0.014456 0.068592 0.012847 0.063748 0.019770 0.070299 0.013539 0.063590 0.236721 0.285423 0.112159 
0.111264 0.065425 0.038176 0.064335 0.083737 0.095391 0.068641 0.120299 0.114083 0.055481 0.055203 0.063333 0.064632 
Document 100
0.068194 0.090010 0.063538 0.084077 0.046149 0.072598 0.052445 0.079587 0.097686 0.063055 0.068675 0.084610 0.129376 
0.018666 0.020189 0.014456 0.068592 0.012847 0.010667 0.072851 0.229544 0.013539 0.010509 0.077477 0.444668 0.005996 
0.236704 0.028468 0.016612 0.027994 0.413015 0.041508 0.029868 0.052346 0.049641 0.024142 0.024020 0.027558 0.028123 
Document 101
0.205345 0.022108 0.487095 0.020651 0.105633 0.017831 0.012881 0.019548 0.023993 0.015488 0.016868 0.020782 0.031777 
0.231488 0.065139 0.217905 0.050044 0.041451 0.034416 0.063786 0.055552 0.043682 0.033906 0.078710 0.064578 0.019344 
0.111264 0.065425 0.038176 0.064335 0.083737 0.095391 0.068641 0.120299 0.114083 0.055481 0.055203 0.063333 0.064632 
Document 102
0.026894 0.035497 0.327872 0.033157 0.018200 0.028631 0.020683 0.182794 0.038525 0.024867 0.027084 0.033368 0.202429 
0.299995 0.048520 0.034741 0.037276 0.030875 0.025635 0.175080 0.041378 0.032537 0.025255 0.186196 0.048102 0.014409 
0.094443 0.011359 0.006628 0.086296 0.014538 0.016561 0.387547 0.321389 0.019806 0.009632 0.009584 0.010996 0.011221 
Document 103
0.068194 0.090010 0.063538 0.084077 0.046149 0.072598 0.052445 0.079587 0.097686 0.063055 0.068675 0.084610 0.129376 
0.027389 0.029624 0.021211 0.022759 0.018851 0.015652 0.029009 0.181040 0.019866 0.015420 0.347348 0.263033 0.008797 
0.015764 0.009270 0.005409 0.193040 0.318406 0.258749 0.009725 0.078353 0.077472 0.007861 0.007821 0.008973 0.009157 
Document 104
0.038575 0.485253 0.035941 0.047559 0.026105 0.041066 0.029666 0.045019 0.055257 0.035668 0.038847 0.047861 0.073183 
0.401483 0.035091 0.025125 0.026959 0.022330 0.018540 0.034361 0.122186 0.023532 0.202785 0.042401 0.034788 0.010421 
0.087844 0.010565 0.006165 0.010389 0.013522 0.574415 0.080961 0.159179 0.018422 0.008959 0.008914 0.010227 0.010437 
Document 105
0.006676 0.008812 0.006221 0.120993 0.042106 0.119870 0.005135 0.233316 0.009564 0.006173 0.006724 0.421744 0.012666 
0.060224 0.065139 0.046641 0.221308 0.041451 0.034416 0.063786 0.055552 0.043682 0.033906 0.078710 0.235842 0.019344 
0.077660 0.045665 0.026646 0.044905 0.058447 0.368605 0.047910 0.083966 0.079627 0.038725 0.038530 0.044205 0.045111 
Document 106
0.026894 0.186904 0.025058 0.033157 0.169607 0.028631 0.020683 0.031387 0.038525 0.024867 0.027084 0.336182 0.051022 
0.402752 0.065139 0.046641 0.050044 0.041451 0.034416 0.063786 0.055552 0.043682 0.033906 0.078710 0.064578 0.019344 
0.077660 0.045665 0.026646 0.044905 0.058447 0.066580 0.349934 0.083966 0.079627 0.038725 0.038530 0.044205 0.045111 
Document 107
0.038575 0.050915 0.035941 0.047559 0.026105 0.041066 0.029666 0.262188 0.272426 0.035668 0.038847 0.047861 0.073183 
0.299995 0.048520 0.034741 0.164844 0.030875 0.153203 0.047512 0.041378 0.032537 0.025255 0.058628 0.048102 0.014409 
0.059645 0.035072 0.020465 0.034488 0.044889 0.283102 0.268762 0.064489 0.061156 0.029742 0.029592 0.033951 0.034647 
Document 108
0.068194 0.090010 0.063538 0.084077 0.046149 0.072598 0.052445 0.079587 0.097686 0.063055 0.068675 0.084610 0.129376 
0.091599 0.099075 0.070939 0.076116 0.063046 0.052345 0.097017 0.084493 0.066439 0.051570 0.119716 0.098222 0.029422 
0.476988 0.008734 0.005096 0.008589 0.068946 0.012734 0.009163 0.362660 0.015230 0.007407 0.007369 0.008455 0.008628 
Document 109
