Document 0
0.039655 0.051733 0.033902 0.049833 0.025276 0.045752 0.028387 0.045765 0.263109 0.036634 0.040909 0.257378 0.081667 
0.097916 0.097415 0.021905 0.026196 0.020947 0.016350 0.504236 0.030482 0.021380 0.015531 0.037429 0.101937 0.008275 
0.110820 0.062656 0.033534 0.060026 0.083448 0.107818 0.069327 0.125414 0.119169 0.054490 0.047798 0.060834 0.064665 
Document 1
0.049966 0.065184 0.042717 0.062790 0.031849 0.057649 0.035768 0.057664 0.071505 0.046159 0.051546 0.324301 0.102901 
0.441670 0.056696 0.041533 0.049669 0.039716 0.031001 0.060004 0.057795 0.040538 0.029448 0.070968 0.065271 0.015690 
0.283607 0.014002 0.007494 0.099695 0.018649 0.282936 0.015493 0.200588 0.026631 0.012177 0.010682 0.013595 0.014451 
Document 2
0.189492 0.192966 0.009752 0.014335 0.007271 0.013161 0.008166 0.013165 0.016324 0.069900 0.011768 0.430207 0.023492 
0.638018 0.029902 0.021905 0.026196 0.020947 0.016350 0.031647 0.030482 0.021380 0.015531 0.037429 0.034425 0.075788 
0.498255 0.035356 0.018922 0.033871 0.047088 0.060839 0.039120 0.070769 0.067245 0.030748 0.026972 0.034327 0.036489 
Document 3
0.024492 0.414317 0.020939 0.030778 0.015612 0.028258 0.017533 0.028266 0.289960 0.022626 0.025267 0.031511 0.050440 
0.093587 0.092043 0.067426 0.080634 0.064477 0.050328 0.097413 0.093827 0.065810 0.047807 0.115212 0.105963 0.025472 
0.033415 0.135305 0.010111 0.018099 0.025161 0.498162 0.020904 0.037815 0.152345 0.016430 0.014412 0.018343 0.019498 
Document 4
0.215020 0.084245 0.078425 0.150983 0.008251 0.284369 0.009266 0.014938 0.018524 0.011958 0.013353 0.016653 0.094016 
0.041652 0.040965 0.122498 0.035887 0.028696 0.022399 0.043355 0.319228 0.029290 0.021277 0.143766 0.139650 0.011337 
0.029930 0.016922 0.009057 0.016212 0.126812 0.237668 0.227273 0.138146 0.032185 0.014717 0.012909 0.120704 0.017465 
Document 5
0.049966 0.065184 0.042717 0.062790 0.031849 0.057649 0.295785 0.057664 0.071505 0.046159 0.051546 0.064284 0.102901 
0.347357 0.034570 0.025324 0.030285 0.024217 0.018903 0.036587 0.191344 0.024717 0.017956 0.121324 0.117850 0.009567 
0.531558 0.010410 0.005571 0.009972 0.013864 0.146199 0.075661 0.020836 0.019798 0.009053 0.007941 0.138393 0.010743 
Document 6
0.032872 0.042883 0.028103 0.041308 0.020953 0.037926 0.023531 0.037936 0.218102 0.030367 0.204971 0.213351 0.067697 
0.134141 0.040965 0.030009 0.035887 0.028696 0.022399 0.043355 0.226738 0.029290 0.298746 0.051277 0.047160 0.011337 
0.812221 0.009226 0.004938 0.008839 0.012287 0.015876 0.010208 0.075317 0.017547 0.008023 0.007038 0.008958 0.009522 
Document 7
0.067524 0.088089 0.057727 0.084854 0.043040 0.077906 0.048336 0.077927 0.096630 0.062379 0.069658 0.086872 0.139059 
0.032605 0.032067 0.023491 0.100493 0.022463 0.017534 0.106339 0.032689 0.240130 0.016656 0.040139 0.326520 0.008874 
0.310388 0.015324 0.008202 0.109109 0.020409 0.404081 0.016956 0.030673 0.029146 0.013327 0.011690 0.014878 0.015816 
Document 8
0.012944 0.016886 0.011066 0.218342 0.008251 0.014934 0.009266 0.014938 0.085882 0.011958 0.013353 0.488164 0.094016 
0.226631 0.133455 0.030009 0.035887 0.028696 0.022399 0.043355 0.041759 0.121779 0.021277 0.143766 0.047160 0.103826 
0.110820 0.062656 0.033534 0.060026 0.083448 0.107818 0.069327 0.125414 0.119169 0.054490 0.047798 0.060834 0.064665 
Document 9
0.021724 0.028340 0.018572 0.592533 0.013847 0.138110 0.015551 0.025071 0.031088 0.020068 0.022410 0.027948 0.044738 
0.093587 0.092043 0.067426 0.080634 0.064477 0.050328 0.097413 0.093827 0.065810 0.047807 0.115212 0.105963 0.025472 
0.110820 0.062656 0.033534 0.060026 0.083448 0.107818 0.069327 0.125414 0.119169 0.054490 0.047798 0.060834 0.064665 
Document 10
0.049966 0.065184 0.042717 0.322807 0.031849 0.057649 0.035768 0.057664 0.071505 0.046159 0.051546 0.064284 0.102901 
0.630742 0.037497 0.027468 0.032849 0.026267 0.020503 0.039684 0.038224 0.026810 0.019476 0.046935 0.043168 0.010377 
0.110820 0.062656 0.033534 0.060026 0.083448 0.107818 0.069327 0.125414 0.119169 0.054490 0.047798 0.060834 0.064665 
Document 11
0.010768 0.014048 0.121276 0.125602 0.006864 0.012424 0.007708 0.180533 0.071445 0.290124 0.011108 0.013854 0.134246 
0.016192 0.015925 0.119533 0.013951 0.334757 0.008708 0.340455 0.052190 0.011386 0.008271 0.055890 0.018334 0.004407 
0.274985 0.010410 0.005571 0.074116 0.527010 0.017913 0.011518 0.020836 0.019798 0.009053 0.007941 0.010107 0.010743 
Document 12
0.309983 0.065184 0.042717 0.062790 0.031849 0.057649 0.035768 0.057664 0.071505 0.046159 0.051546 0.064284 0.102901 
0.269305 0.034570 0.025324 0.030285 0.024217 0.096954 0.036587 0.113292 0.024717 0.096007 0.121324 0.117850 0.009567 
0.043555 0.024626 0.013180 0.023592 0.032797 0.497605 0.027248 0.049291 0.198580 0.021416 0.018786 0.023909 0.025415 
Document 13
0.028070 0.036619 0.023998 0.327420 0.310038 0.032386 0.020094 0.032395 0.040170 0.025931 0.028958 0.036113 0.057808 
0.023939 0.023544 0.070405 0.020626 0.122808 0.012874 0.290705 0.024001 0.123149 0.012229 0.135786 0.133420 0.006516 
0.079952 0.045204 0.024193 0.043306 0.060204 0.077786 0.050017 0.090481 0.364520 0.039312 0.034484 0.043889 0.046653 
Document 14
0.010768 0.014048 0.009206 0.013532 0.006864 0.012424 0.063744 0.068462 0.015410 0.009948 0.235250 0.013854 0.526493 
0.207445 0.037497 0.112128 0.032849 0.195586 0.020503 0.039684 0.038224 0.026810 0.188795 0.046935 0.043168 0.010377 
0.198565 0.192787 0.004023 0.007201 0.010011 0.105570 0.008317 0.153998 0.060614 0.006537 0.005734 0.238886 0.007758 
Document 15
0.067524 0.088089 0.057727 0.084854 0.043040 0.077906 0.048336 0.077927 0.096630 0.062379 0.069658 0.086872 0.139059 
0.077484 0.248263 0.055825 0.066761 0.053383 0.041669 0.080652 0.077684 0.054487 0.039581 0.095389 0.087732 0.021090 
0.043555 0.024626 0.013180 0.023592 0.032797 0.649348 0.027248 0.049291 0.046837 0.021416 0.018786 0.023909 0.025415 
Document 16
0.067524 0.088089 0.057727 0.084854 0.043040 0.077906 0.048336 0.077927 0.096630 0.062379 0.069658 0.086872 0.139059 
0.093587 0.092043 0.067426 0.080634 0.064477 0.050328 0.097413 0.093827 0.065810 0.047807 0.115212 0.105963 0.025472 
0.238479 0.016922 0.009057 0.016212 0.022538 0.237668 0.331547 0.033872 0.032185 0.014717 0.012909 0.016430 0.017465 
Document 17
0.222648 0.025462 0.118251 0.024526 0.012440 0.022518 0.013971 0.022524 0.129496 0.322726 0.020134 0.025110 0.040194 
0.066110 0.065019 0.047630 0.056960 0.045546 0.329151 0.068813 0.066280 0.046488 0.033771 0.081386 0.074853 0.017994 
0.019673 0.011123 0.005953 0.010656 0.083354 0.567458 0.012307 0.090804 0.021155 0.078213 0.008485 0.010799 0.080019 
Document 18
0.039655 0.464453 0.033902 0.049833 0.025276 0.045752 0.028387 0.045765 0.056749 0.036634 0.040909 0.051018 0.081667 
0.471182 0.154497 0.020520 0.087782 0.019622 0.078559 0.029645 0.028554 0.020028 0.014549 0.035062 0.032247 0.007752 
0.037817 0.021381 0.011443 0.020483 0.160227 0.168543 0.023658 0.042797 0.040666 0.018595 0.016311 0.020759 0.417319 
Document 19
0.032872 0.042883 0.028103 0.041308 0.020953 0.380046 0.023531 0.037936 0.047042 0.030367 0.033911 0.042291 0.238757 
0.077484 0.076206 0.055825 0.066761 0.053383 0.041669 0.080652 0.077684 0.054487 0.039581 0.267446 0.087732 0.021090 
0.210841 0.010410 0.005571 0.009972 0.013864 0.659346 0.011518 0.020836 0.019798 0.009053 0.007941 0.010107 0.010743 
Document 20
0.049966 0.065184 0.042717 0.062790 0.031849 0.057649 0.035768 0.057664 0.071505 0.306176 0.051546 0.064284 0.102901 
0.577949 0.022356 0.016377 0.019585 0.015660 0.012224 0.074134 0.123738 0.066459 0.011611 0.027983 0.025737 0.006187 
0.110820 0.062656 0.033534 0.060026 0.083448 0.107818 0.069327 0.125414 0.119169 0.054490 0.047798 0.060834 0.064665 
Document 21
0.067524 0.088089 0.057727 0.084854 0.043040 0.077906 0.048336 0.077927 0.096630 0.062379 0.069658 0.086872 0.139059 
0.123679 0.072830 0.016377 0.070059 0.167084 0.012224 0.326506 0.022789 0.015984 0.062086 0.027983 0.076211 0.006187 
0.110820 0.062656 0.033534 0.060026 0.083448 0.107818 0.069327 0.125414 0.119169 0.054490 0.047798 0.060834 0.064665 
Document 22
0.032872 0.385003 0.028103 0.041308 0.020953 0.037926 0.194591 0.037936 0.047042 0.030367 0.033911 0.042291 0.067697 
0.051105 0.050262 0.036820 0.044032 0.035209 0.027483 0.166676 0.051237 0.376381 0.026106 0.062914 0.057864 0.013910 
0.280394 0.035356 0.018922 0.033871 0.047088 0.060839 0.039120 0.288629 0.067245 0.030748 0.026972 0.034327 0.036489 
Document 23
0.016222 0.358832 0.013869 0.104803 0.010340 0.187551 0.011613 0.018721 0.023215 0.014986 0.185570 0.020870 0.033408 
0.028481 0.028011 0.083763 0.024539 0.272594 0.205045 0.029645 0.091797 0.083271 0.014549 0.098305 0.032247 0.007752 
0.110820 0.062656 0.033534 0.060026 0.083448 0.107818 0.069327 0.125414 0.119169 0.054490 0.047798 0.060834 0.064665 
Document 24
0.362401 0.012632 0.260219 0.012168 0.006172 0.011172 0.006931 0.061563 0.064245 0.059333 0.009989 0.062846 0.070329 
0.018912 0.018600 0.013626 0.100286 0.013030 0.010171 0.019686 0.102952 0.601237 0.009661 0.065278 0.021413 0.005148 
0.029930 0.016922 0.426154 0.016212 0.022538 0.237668 0.018724 0.033872 0.032185 0.014717 0.117184 0.016430 0.017465 
Document 25
0.017718 0.391917 0.015147 0.022265 0.011293 0.020442 0.012683 0.297050 0.025355 0.108569 0.018278 0.022795 0.036488 
0.066110 0.065019 0.047630 0.203760 0.192346 0.035552 0.068813 0.066280 0.046488 0.033771 0.081386 0.074853 0.017994 
0.019673 0.011123 0.554271 0.010656 0.151893 0.087680 0.012307 0.022264 0.021155 0.078213 0.008485 0.010799 0.011480 
Document 26
0.067524 0.088089 0.057727 0.084854 0.043040 0.077906 0.048336 0.077927 0.096630 0.062379 0.069658 0.086872 0.139059 
0.185655 0.056696 0.041533 0.049669 0.039716 0.159009 0.060004 0.185803 0.040538 0.029448 0.070968 0.065271 0.015690 
0.019673 0.011123 0.554271 0.010656 0.014814 0.087680 0.012307 0.227883 0.021155 0.009673 0.008485 0.010799 0.011480 
Document 27
0.032872 0.213943 0.028103 0.041308 0.020953 0.037926 0.194591 0.037936 0.047042 0.030367 0.033911 0.042291 0.238757 
0.147813 0.045140 0.033067 0.039545 0.031621 0.024682 0.251605 0.046015 0.032275 0.023445 0.260334 0.051967 0.012492 
0.498255 0.035356 0.018922 0.033871 0.047088 0.060839 0.039120 0.070769 0.067245 0.030748 0.026972 0.034327 0.036489 
Document 28
0.019517 0.431722 0.016686 0.024526 0.012440 0.022518 0.115536 0.022524 0.027930 0.018030 0.020134 0.228240 0.040194 
0.077484 0.076206 0.227882 0.066761 0.053383 0.041669 0.080652 0.077684 0.054487 0.039581 0.095389 0.087732 0.021090 
0.012168 0.006879 0.003682 0.091372 0.560241 0.181401 0.007612 0.013770 0.055475 0.005983 0.005248 0.006679 0.049491 
Document 29
0.067524 0.088089 0.057727 0.084854 0.043040 0.077906 0.048336 0.077927 0.096630 0.062379 0.069658 0.086872 0.139059 
0.018150 0.017851 0.013077 0.015638 0.012505 0.009761 0.139801 0.018197 0.375491 0.009272 0.062647 0.302672 0.004940 
0.016318 0.009226 0.004938 0.008839 0.012287 0.072726 0.123909 0.018467 0.586049 0.008023 0.120739 0.008958 0.009522 
Document 30
0.067524 0.088089 0.057727 0.084854 0.043040 0.077906 0.048336 0.077927 0.096630 0.062379 0.069658 0.086872 0.139059 
0.035150 0.034570 0.025324 0.030285 0.024217 0.018903 0.192690 0.347447 0.024717 0.017956 0.043272 0.195902 0.009567 
0.110820 0.062656 0.033534 0.060026 0.083448 0.107818 0.069327 0.125414 0.119169 0.054490 0.047798 0.060834 0.064665 
Document 31
0.327666 0.015821 0.010368 0.015240 0.070838 0.329531 0.008681 0.140211 0.017355 0.011203 0.012511 0.015602 0.024975 
0.038126 0.037497 0.112128 0.117509 0.026267 0.020503 0.039684 0.207543 0.026810 0.188795 0.131595 0.043168 0.010377 
0.043555 0.024626 0.013180 0.327078 0.032797 0.042375 0.027248 0.049291 0.046837 0.021416 0.018786 0.327395 0.025415 
Document 32
0.067524 0.088089 0.057727 0.084854 0.043040 0.077906 0.048336 0.077927 0.096630 0.062379 0.069658 0.086872 0.139059 
0.052148 0.015925 0.047622 0.013951 0.011156 0.008708 0.124721 0.160057 0.083298 0.008271 0.019934 0.449802 0.004407 
0.320929 0.161423 0.004434 0.007936 0.011033 0.269486 0.111259 0.067628 0.015756 0.007204 0.006320 0.008043 0.008550 
Document 33
0.049966 0.065184 0.042717 0.062790 0.031849 0.057649 0.295785 0.057664 0.071505 0.046159 0.051546 0.064284 0.102901 
0.325577 0.325202 0.016377 0.019585 0.015660 0.012224 0.023660 0.174212 0.015984 0.011611 0.027983 0.025737 0.006187 
0.111046 0.014002 0.007494 0.013414 0.018649 0.024095 0.015493 0.373149 0.026631 0.012177 0.010682 0.013595 0.359574 
Document 34
0.067524 0.088089 0.057727 0.084854 0.043040 0.077906 0.048336 0.077927 0.096630 0.062379 0.069658 0.086872 0.139059 
0.012936 0.041449 0.009320 0.126049 0.037638 0.035683 0.013465 0.070421 0.037823 0.006608 0.245731 0.273179 0.089698 
0.029930 0.016922 0.009057 0.016212 0.335361 0.029119 0.018724 0.138146 0.240734 0.014717 0.012909 0.120704 0.017465 
Document 35
0.049966 0.065184 0.042717 0.062790 0.031849 0.057649 0.295785 0.057664 0.071505 0.046159 0.051546 0.064284 0.102901 
0.190771 0.072250 0.098322 0.100201 0.097902 0.066313 0.102589 0.042929 0.009366 0.006804 0.075547 0.133381 0.003625 
0.043555 0.024626 0.013180 0.023592 0.032797 0.345862 0.027248 0.201034 0.198580 0.021416 0.018786 0.023909 0.025415 
Document 36
0.049966 0.065184 0.042717 0.322807 0.031849 0.057649 0.035768 0.057664 0.071505 0.046159 0.051546 0.064284 0.102901 
0.051105 0.050262 0.036820 0.044032 0.035209 0.027483 0.166676 0.391681 0.035937 0.026106 0.062914 0.057864 0.013910 
0.079952 0.045204 0.024193 0.043306 0.060204 0.077786 0.328561 0.090481 0.085975 0.039312 0.034484 0.043889 0.046653 
Document 37
0.067524 0.088089 0.057727 0.084854 0.043040 0.077906 0.048336 0.077927 0.096630 0.062379 0.069658 0.086872 0.139059 
0.025283 0.024866 0.018216 0.021784 0.017419 0.013597 0.026317 0.362199 0.073921 0.012915 0.255693 0.140910 0.006882 
0.043555 0.024626 0.013180 0.023592 0.488027 0.042375 0.027248 0.049291 0.198580 0.021416 0.018786 0.023909 0.025415 
Document 38
0.049966 0.065184 0.042717 0.322807 0.031849 0.057649 0.035768 0.057664 0.071505 0.046159 0.051546 0.064284 0.102901 
0.021638 0.213478 0.015590 0.018644 0.014908 0.011637 0.214720 0.069743 0.015216 0.011054 0.362983 0.024500 0.005890 
0.079952 0.045204 0.024193 0.043306 0.060204 0.077786 0.050017 0.090481 0.085975 0.039312 0.034484 0.322433 0.046653 
Document 39
0.067524 0.088089 0.057727 0.084854 0.043040 0.077906 0.048336 0.077927 0.096630 0.062379 0.069658 0.086872 0.139059 
0.018912 0.144587 0.013626 0.016295 0.223008 0.010171 0.187668 0.018961 0.013299 0.009661 0.317252 0.021413 0.005148 
0.037817 0.021381 0.011443 0.020483 0.160227 0.036792 0.023658 0.042797 0.567669 0.018595 0.016311 0.020759 0.022067 
Document 40
0.052183 0.010973 0.138506 0.010570 0.005361 0.097248 0.006021 0.009707 0.012037 0.314171 0.008677 0.317222 0.017323 
0.038126 0.037497 0.027468 0.032849 0.026267 0.020503 0.462982 0.207543 0.026810 0.019476 0.046935 0.043168 0.010377 
0.079952 0.045204 0.024193 0.043306 0.338749 0.077786 0.050017 0.090481 0.085975 0.039312 0.034484 0.043889 0.046653 
Document 41
0.067524 0.088089 0.057727 0.084854 0.043040 0.077906 0.048336 0.077927 0.096630 0.062379 0.069658 0.086872 0.139059 
0.015106 0.149031 0.044427 0.013015 0.077494 0.008124 0.015724 0.182862 0.010623 0.041260 0.085684 0.184821 0.171829 
0.498255 0.035356 0.018922 0.033871 0.047088 0.060839 0.039120 0.070769 0.067245 0.030748 0.026972 0.034327 0.036489 
Document 42
0.067524 0.088089 0.057727 0.084854 0.043040 0.077906 0.048336 0.077927 0.096630 0.062379 0.069658 0.086872 0.139059 
0.026787 0.026345 0.019299 0.082561 0.018455 0.014405 0.265807 0.026856 0.018837 0.013683 0.330383 0.149292 0.007291 
0.195298 0.479855 0.013180 0.023592 0.032797 0.042375 0.027248 0.049291 0.046837 0.021416 0.018786 0.023909 0.025415 
Document 43
0.049966 0.065184 0.042717 0.062790 0.031849 0.057649 0.035768 0.057664 0.071505 0.046159 0.051546 0.064284 0.362919 
0.063578 0.019416 0.408752 0.060846 0.013601 0.054453 0.020548 0.107465 0.013882 0.053921 0.155813 0.022352 0.005373 
0.051347 0.029031 0.015537 0.027812 0.396441 0.228844 0.032122 0.058109 0.055215 0.025247 0.022147 0.028186 0.029962 
Document 44
0.067524 0.088089 0.057727 0.084854 0.043040 0.077906 0.048336 0.077927 0.096630 0.062379 0.069658 0.086872 0.139059 
0.038126 0.037497 0.196787 0.032849 0.026267 0.020503 0.124344 0.038224 0.280788 0.019476 0.046935 0.043168 0.095037 
0.110820 0.062656 0.033534 0.060026 0.083448 0.107818 0.069327 0.125414 0.119169 0.054490 0.047798 0.060834 0.064665 
Document 45
0.049966 0.065184 0.042717 0.062790 0.031849 0.057649 0.035768 0.057664 0.071505 0.046159 0.051546 0.064284 0.362919 
0.013725 0.104928 0.192748 0.011825 0.100886 0.007381 0.014286 0.349003 0.101081 0.007011 0.047373 0.015540 0.034212 
0.110820 0.062656 0.033534 0.060026 0.083448 0.107818 0.069327 0.125414 0.119169 0.054490 0.047798 0.060834 0.064665 
Document 46
0.039655 0.051733 0.033902 0.049833 0.231636 0.045752 0.028387 0.045765 0.056749 0.036634 0.040909 0.051018 0.288027 
0.032605 0.104468 0.023491 0.028093 0.239665 0.017534 0.033938 0.394692 0.022928 0.016656 0.040139 0.036917 0.008874 
0.110820 0.062656 0.033534 0.060026 0.083448 0.107818 0.069327 0.125414 0.119169 0.054490 0.047798 0.060834 0.064665 
Document 47
0.067524 0.088089 0.057727 0.084854 0.043040 0.077906 0.048336 0.077927 0.096630 0.062379 0.069658 0.086872 0.139059 
0.066110 0.065019 0.047630 0.056960 0.192346 0.035552 0.068813 0.213079 0.046488 0.033771 0.081386 0.074853 0.017994 
0.369888 0.014002 0.007494 0.013414 0.018649 0.455498 0.015493 0.028027 0.026631 0.012177 0.010682 0.013595 0.014451 
Document 48
0.067524 0.088089 0.057727 0.084854 0.043040 0.077906 0.048336 0.077927 0.096630 0.062379 0.069658 0.086872 0.139059 
0.077484 0.076206 0.055825 0.066761 0.053383 0.041669 0.252709 0.077684 0.054487 0.039581 0.095389 0.087732 0.021090 
0.323838 0.006342 0.003394 0.006075 0.008446 0.167223 0.007017 0.208082 0.129295 0.005515 0.122071 0.006157 0.006545 
Document 49
0.010768 0.014048 0.009206 0.013532 0.006864 0.404671 0.007708 0.012427 0.463692 0.009948 0.011108 0.013854 0.022176 
0.061548 0.036243 0.008150 0.034864 0.007793 0.131673 0.162482 0.086695 0.033072 0.081132 0.039044 0.238870 0.078433 
0.110820 0.062656 0.033534 0.060026 0.083448 0.107818 0.069327 0.125414 0.119169 0.054490 0.047798 0.060834 0.064665 
Document 50
0.039655 0.051733 0.033902 0.049833 0.025276 0.458472 0.028387 0.045765 0.056749 0.036634 0.040909 0.051018 0.081667 
0.045897 0.147056 0.033067 0.039545 0.031621 0.024682 0.353521 0.046015 0.134191 0.023445 0.056502 0.051967 0.012492 
0.498255 0.035356 0.018922 0.033871 0.047088 0.060839 0.039120 0.070769 0.067245 0.030748 0.026972 0.034327 0.036489 
Document 51
0.032872 0.042883 0.028103 0.041308 0.020953 0.380046 0.023531 0.037936 0.047042 0.030367 0.033911 0.213351 0.067697 
0.051105 0.050262 0.036820 0.044032 0.035209 0.027483 0.393639 0.051237 0.035937 0.026106 0.062914 0.171345 0.013910 
0.110820 0.062656 0.033534 0.060026 0.083448 0.107818 0.069327 0.125414 0.119169 0.054490 0.047798 0.060834 0.064665 
Document 52
0.049966 0.065184 0.042717 0.322807 0.031849 0.057649 0.035768 0.057664 0.071505 0.046159 0.051546 0.064284 0.102901 
0.077484 0.076206 0.055825 0.066761 0.053383 0.041669 0.252709 0.077684 0.054487 0.039581 0.095389 0.087732 0.021090 
0.195298 0.024626 0.013180 0.023592 0.032797 0.042375 0.027248 0.049291 0.046837 0.021416 0.018786 0.023909 0.480644 
Document 53
0.067524 0.088089 0.057727 0.084854 0.043040 0.077906 0.048336 0.077927 0.096630 0.062379 0.069658 0.086872 0.139059 
0.203280 0.016519 0.086695 0.014472 0.011572 0.009033 0.054780 0.315213 0.011811 0.008580 0.207161 0.056314 0.004572 
0.062533 0.035356 0.018922 0.033871 0.047088 0.060839 0.039120 0.070769 0.067245 0.030748 0.026972 0.034327 0.472211 
Document 54
0.049966 0.065184 0.042717 0.062790 0.031849 0.057649 0.035768 0.057664 0.071505 0.046159 0.051546 0.324301 0.102901 
0.028481 0.028011 0.020520 0.024539 0.019622 0.015316 0.029645 0.155040 0.273000 0.014549 0.351277 0.032247 0.007752 
0.037817 0.021381 0.011443 0.020483 0.028476 0.695546 0.023658 0.042797 0.040666 0.018595 0.016311 0.020759 0.022067 
Document 55
0.032872 0.042883 0.370223 0.041308 0.020953 0.037926 0.194591 0.037936 0.047042 0.030367 0.033911 0.042291 0.067697 
0.117681 0.062813 0.115384 0.007079 0.005660 0.004418 0.008552 0.026481 0.005778 0.040685 0.502707 0.100524 0.002236 
0.110820 0.062656 0.033534 0.060026 0.083448 0.107818 0.069327 0.125414 0.119169 0.054490 0.047798 0.060834 0.064665 
Document 56
0.138343 0.015821 0.136583 0.015240 0.070838 0.013992 0.008681 0.013996 0.080462 0.011203 0.012511 0.457357 0.024975 
0.025283 0.081008 0.186641 0.021784 0.017419 0.013597 0.531593 0.025348 0.017779 0.012915 0.031125 0.028627 0.006882 
0.230235 0.029031 0.015537 0.027812 0.217553 0.049956 0.032122 0.236997 0.055215 0.025247 0.022147 0.028186 0.029962 
Document 57
0.628908 0.025462 0.016686 0.024526 0.012440 0.022518 0.013971 0.022524 0.129496 0.018030 0.020134 0.025110 0.040194 
0.040499 0.068215 0.036984 0.010835 0.008664 0.034686 0.096860 0.012607 0.120537 0.090194 0.350564 0.125933 0.003423 
0.225292 0.011123 0.005953 0.010656 0.014814 0.361839 0.012307 0.022264 0.089695 0.009673 0.077025 0.147879 0.011480 
Document 58
0.039655 0.051733 0.033902 0.049833 0.025276 0.045752 0.234747 0.045765 0.056749 0.036634 0.247269 0.051018 0.081667 
0.015106 0.014857 0.010883 0.046559 0.010407 0.008124 0.015724 0.082232 0.010623 0.007717 0.219858 0.520256 0.037655 
0.499244 0.015324 0.008202 0.014681 0.114837 0.120798 0.016956 0.125101 0.029146 0.013327 0.011690 0.014878 0.015816 
Document 59
0.086102 0.162553 0.011865 0.017441 0.081070 0.016013 0.009935 0.016017 0.019862 0.085045 0.014318 0.451197 0.028582 
0.038357 0.170393 0.035027 0.142495 0.008205 0.006405 0.012397 0.064834 0.008375 0.006084 0.411361 0.013485 0.082582 
0.404816 0.015324 0.008202 0.014681 0.398121 0.026370 0.016956 0.030673 0.029146 0.013327 0.011690 0.014878 0.015816 
Document 60
0.067524 0.088089 0.057727 0.084854 0.043040 0.077906 0.048336 0.077927 0.096630 0.062379 0.069658 0.086872 0.139059 
0.249728 0.045140 0.033067 0.141461 0.133536 0.126598 0.047773 0.046015 0.032275 0.023445 0.056502 0.051967 0.012492 
0.029930 0.016922 0.009057 0.016212 0.022538 0.029119 0.018724 0.659518 0.032185 0.014717 0.012909 0.120704 0.017465 
Document 61
0.320216 0.036619 0.023998 0.035274 0.017892 0.032386 0.020094 0.032395 0.040170 0.025931 0.028958 0.328259 0.057808 
0.026787 0.026345 0.019299 0.023080 0.018455 0.014405 0.146844 0.324262 0.018837 0.013683 0.092458 0.268254 0.007291 
0.037817 0.021381 0.274945 0.020483 0.160227 0.036792 0.023658 0.306299 0.040666 0.018595 0.016311 0.020759 0.022067 
Document 62
0.179997 0.008691 0.040362 0.043039 0.004246 0.007686 0.004769 0.007688 0.425537 0.006154 0.145540 0.112572 0.013719 
0.185655 0.056696 0.041533 0.049669 0.167724 0.031001 0.060004 0.057795 0.040538 0.029448 0.198976 0.065271 0.015690 
0.238479 0.016922 0.009057 0.016212 0.126812 0.029119 0.018724 0.138146 0.345008 0.014717 0.012909 0.016430 0.017465 
Document 63
0.028070 0.036619 0.023998 0.035274 0.017892 0.032386 0.312239 0.032395 0.332316 0.025931 0.028958 0.036113 0.057808 
0.013725 0.226835 0.009888 0.011825 0.009456 0.007381 0.319052 0.166143 0.101081 0.007011 0.077850 0.046017 0.003736 
0.110820 0.062656 0.033534 0.060026 0.083448 0.107818 0.069327 0.125414 0.119169 0.054490 0.047798 0.060834 0.064665 
Document 64
0.067524 0.088089 0.057727 0.084854 0.043040 0.077906 0.048336 0.077927 0.096630 0.062379 0.069658 0.086872 0.139059 
0.344696 0.154497 0.020520 0.024539 0.209351 0.015316 0.029645 0.028554 0.020028 0.077792 0.035062 0.032247 0.007752 
0.347041 0.024626 0.013180 0.023592 0.032797 0.194119 0.178991 0.049291 0.046837 0.021416 0.018786 0.023909 0.025415 
Document 65
0.019517 0.025462 0.016686 0.024526 0.215571 0.022518 0.318667 0.022524 0.027930 0.221160 0.020134 0.025110 0.040194 
0.220740 0.033703 0.101010 0.032421 0.030605 0.005657 0.010949 0.033904 0.007397 0.028731 0.433392 0.058626 0.002863 
0.062533 0.035356 0.018922 0.251732 0.047088 0.060839 0.039120 0.070769 0.285105 0.030748 0.026972 0.034327 0.036489 
Document 66
0.067524 0.088089 0.057727 0.084854 0.043040 0.077906 0.048336 0.077927 0.096630 0.062379 0.069658 0.086872 0.139059 
0.038126 0.037497 0.027468 0.032849 0.026267 0.020503 0.039684 0.292202 0.111470 0.019476 0.300914 0.043168 0.010377 
0.266241 0.018892 0.010111 0.018099 0.141575 0.148923 0.020904 0.037815 0.268758 0.016430 0.014412 0.018343 0.019498 
Document 67
0.247817 0.028340 0.018572 0.253392 0.126893 0.138110 0.015551 0.025071 0.031088 0.020068 0.022410 0.027948 0.044738 
0.020646 0.111998 0.014875 0.017789 0.060071 0.011103 0.204876 0.020700 0.014519 0.010547 0.438034 0.069223 0.005620 
0.110820 0.062656 0.033534 0.060026 0.083448 0.107818 0.069327 0.125414 0.119169 0.054490 0.047798 0.060834 0.064665 
Document 68
0.067524 0.088089 0.057727 0.084854 0.043040 0.077906 0.048336 0.077927 0.096630 0.062379 0.069658 0.086872 0.139059 
0.137567 0.024866 0.018216 0.021784 0.017419 0.013597 0.026317 0.249915 0.017779 0.012915 0.424118 0.028627 0.006882 
0.358496 0.045204 0.024193 0.043306 0.060204 0.077786 0.050017 0.090481 0.085975 0.039312 0.034484 0.043889 0.046653 
Document 69
0.297045 0.012026 0.007881 0.011584 0.005876 0.106578 0.006599 0.154552 0.061163 0.296342 0.009510 0.011860 0.018984 
0.008216 0.117546 0.005919 0.007079 0.023905 0.004418 0.081529 0.008237 0.005778 0.004197 0.557440 0.173500 0.002236 
0.195298 0.176369 0.013180 0.023592 0.032797 0.345862 0.027248 0.049291 0.046837 0.021416 0.018786 0.023909 0.025415 
Document 70
0.248497 0.019515 0.168481 0.096644 0.009535 0.017259 0.010709 0.017264 0.021408 0.013819 0.015432 0.019246 0.342191 
0.020775 0.092289 0.061944 0.120151 0.076065 0.003469 0.178605 0.006467 0.033185 0.003295 0.380370 0.007304 0.016080 
0.311659 0.006103 0.304130 0.005847 0.008129 0.010502 0.044361 0.162648 0.124432 0.005308 0.004656 0.005926 0.006299 
Document 71
0.067524 0.088089 0.057727 0.084854 0.043040 0.077906 0.048336 0.077927 0.096630 0.062379 0.069658 0.086872 0.139059 
0.093587 0.092043 0.067426 0.080634 0.064477 0.050328 0.097413 0.093827 0.065810 0.047807 0.115212 0.105963 0.025472 
0.029930 0.016922 0.009057 0.120486 0.022538 0.029119 0.331547 0.033872 0.136460 0.223265 0.012909 0.016430 0.017465 
Document 72
0.320216 0.328765 0.023998 0.035274 0.017892 0.032386 0.020094 0.032395 0.040170 0.025931 0.028958 0.036113 0.057808 
0.093587 0.092043 0.067426 0.080634 0.064477 0.050328 0.097413 0.093827 0.065810 0.047807 0.115212 0.105963 0.025472 
0.037817 0.021381 0.011443 0.020483 0.028476 0.695546 0.023658 0.042797 0.040666 0.018595 0.016311 0.020759 0.022067 
Document 73
0.039655 0.464453 0.033902 0.049833 0.025276 0.045752 0.028387 0.045765 0.056749 0.036634 0.040909 0.051018 0.081667 
0.093587 0.092043 0.067426 0.080634 0.064477 0.050328 0.097413 0.093827 0.065810 0.047807 0.115212 0.105963 0.025472 
0.024765 0.014002 0.007494 0.013414 0.018649 0.714340 0.015493 0.028027 0.112912 0.012177 0.010682 0.013595 0.014451 
Document 74
0.067524 0.088089 0.057727 0.084854 0.043040 0.077906 0.048336 0.077927 0.096630 0.062379 0.069658 0.086872 0.139059 
0.012234 0.093527 0.008814 0.092036 0.008428 0.006579 0.067064 0.012265 0.225923 0.006249 0.286711 0.041016 0.139155 
0.037817 0.548384 0.011443 0.020483 0.028476 0.036792 0.155408 0.042797 0.040666 0.018595 0.016311 0.020759 0.022067 
Document 75
0.067524 0.088089 0.057727 0.084854 0.043040 0.077906 0.048336 0.077927 0.096630 0.062379 0.069658 0.086872 0.139059 
0.013319 0.072250 0.009596 0.041051 0.009176 0.007163 0.013863 0.072504 0.275543 0.006804 0.371300 0.015080 0.092351 
0.027104 0.487464 0.008202 0.014681 0.020409 0.026370 0.205812 0.030673 0.029146 0.013327 0.011690 0.109306 0.015816 
Document 76
0.012127 0.015821 0.010368 0.267671 0.007730 0.013992 0.071789 0.013996 0.017355 0.074311 0.138726 0.331141 0.024975 
0.093587 0.092043 0.067426 0.080634 0.064477 0.050328 0.097413 0.093827 0.065810 0.047807 0.115212 0.105963 0.025472 
0.230235 0.029031 0.015537 0.027812 0.038665 0.407732 0.032122 0.058109 0.055215 0.025247 0.022147 0.028186 0.029962 
Document 77
0.049966 0.325201 0.042717 0.062790 0.031849 0.057649 0.035768 0.057664 0.071505 0.046159 0.051546 0.064284 0.102901 
0.019741 0.019416 0.014223 0.017009 0.013601 0.010616 0.195895 0.019792 0.320738 0.010084 0.331159 0.022352 0.005373 
0.024765 0.014002 0.007494 0.013414 0.450052 0.369217 0.015493 0.028027 0.026631 0.012177 0.010682 0.013595 0.014451 
Document 78
0.009683 0.012632 0.008278 0.062556 0.006172 0.414278 0.006931 0.061563 0.265798 0.109722 0.009989 0.012457 0.019941 
0.093587 0.092043 0.067426 0.080634 0.064477 0.050328 0.097413 0.093827 0.065810 0.047807 0.115212 0.105963 0.025472 
0.110820 0.062656 0.033534 0.060026 0.083448 0.107818 0.069327 0.125414 0.119169 0.054490 0.047798 0.060834 0.064665 
Document 79
0.039655 0.051733 0.033902 0.049833 0.025276 0.045752 0.028387 0.045765 0.263109 0.036634 0.040909 0.257378 0.081667 
0.093587 0.092043 0.067426 0.080634 0.064477 0.050328 0.097413 0.093827 0.065810 0.047807 0.115212 0.105963 0.025472 
0.022798 0.171745 0.006899 0.012349 0.493733 0.181036 0.014262 0.025801 0.024516 0.011210 0.009833 0.012515 0.013303 
Document 80
0.010768 0.518365 0.009206 0.069567 0.006864 0.068459 0.007708 0.124498 0.015410 0.122018 0.011108 0.013854 0.022176 
0.016192 0.015925 0.191444 0.013951 0.011156 0.008708 0.268544 0.160057 0.083298 0.008271 0.019934 0.198112 0.004407 
0.149828 0.018892 0.010111 0.250925 0.025161 0.032509 0.020904 0.037815 0.035932 0.365670 0.014412 0.018343 0.019498 
Document 81
0.019517 0.025462 0.118251 0.633917 0.012440 0.022518 0.013971 0.022524 0.027930 0.018030 0.020134 0.025110 0.040194 
0.051105 0.050262 0.036820 0.157514 0.035209 0.140964 0.053195 0.278199 0.035937 0.026106 0.062914 0.057864 0.013910 
0.110820 0.062656 0.033534 0.060026 0.083448 0.107818 0.069327 0.125414 0.119169 0.054490 0.047798 0.060834 0.064665 
Document 82
0.024492 0.669227 0.020939 0.030778 0.015612 0.028258 0.017533 0.028266 0.035050 0.022626 0.025267 0.031511 0.050440 
0.066110 0.211819 0.047630 0.056960 0.045546 0.035552 0.068813 0.066280 0.193288 0.033771 0.081386 0.074853 0.017994 
0.051347 0.029031 0.015537 0.027812 0.038665 0.049956 0.211010 0.058109 0.055215 0.383023 0.022147 0.028186 0.029962 
Document 83
0.019517 0.330157 0.118251 0.024526 0.012440 0.022518 0.013971 0.022524 0.027930 0.018030 0.020134 0.025110 0.344890 
0.387417 0.066152 0.060721 0.017789 0.197609 0.011103 0.067337 0.020700 0.014519 0.102239 0.025417 0.023377 0.005620 
0.358496 0.045204 0.024193 0.043306 0.060204 0.077786 0.050017 0.090481 0.085975 0.039312 0.034484 0.043889 0.046653 
Document 84
0.067524 0.088089 0.057727 0.084854 0.043040 0.077906 0.048336 0.077927 0.096630 0.062379 0.069658 0.086872 0.139059 
0.035150 0.034570 0.337531 0.030285 0.024217 0.018903 0.036587 0.269395 0.102769 0.017956 0.043272 0.039798 0.009567 
0.027104 0.015324 0.102630 0.014681 0.020409 0.026370 0.111384 0.313957 0.029146 0.296611 0.011690 0.014878 0.015816 
Document 85
0.019517 0.127027 0.016686 0.024526 0.012440 0.530344 0.013971 0.022524 0.027930 0.018030 0.121699 0.025110 0.040194 
0.207445 0.206816 0.027468 0.032849 0.026267 0.020503 0.209003 0.038224 0.026810 0.019476 0.046935 0.127827 0.010377 
0.079952 0.045204 0.302738 0.043306 0.060204 0.077786 0.050017 0.090481 0.085975 0.039312 0.034484 0.043889 0.046653 
Document 86
0.147661 0.421038 0.011066 0.016266 0.008251 0.082293 0.009266 0.014938 0.085882 0.011958 0.013353 0.151370 0.026657 
0.066110 0.065019 0.047630 0.056960 0.339145 0.035552 0.068813 0.066280 0.046488 0.033771 0.081386 0.074853 0.017994 
0.391985 0.008730 0.004672 0.008363 0.011627 0.337775 0.171035 0.017474 0.016603 0.007592 0.006660 0.008476 0.009010 
Document 87
0.028070 0.182692 0.023998 0.035274 0.017892 0.032386 0.020094 0.178468 0.040170 0.025931 0.028958 0.328259 0.057808 
0.093587 0.092043 0.067426 0.080634 0.064477 0.050328 0.097413 0.093827 0.065810 0.047807 0.115212 0.105963 0.025472 
0.037817 0.021381 0.011443 0.020483 0.028476 0.300294 0.023658 0.042797 0.040666 0.413847 0.016311 0.020759 0.022067 
Document 88
0.067524 0.088089 0.057727 0.084854 0.043040 0.077906 0.048336 0.077927 0.096630 0.062379 0.069658 0.086872 0.139059 
0.014156 0.045357 0.010199 0.169370 0.009753 0.007613 0.014735 0.297105 0.041389 0.007231 0.048862 0.330375 0.003853 
0.079952 0.045204 0.024193 0.043306 0.060204 0.077786 0.050017 0.090481 0.364520 0.039312 0.034484 0.043889 0.046653 
Document 89
0.032872 0.042883 0.028103 0.041308 0.020953 0.037926 0.023531 0.037936 0.047042 0.030367 0.033911 0.042291 0.580877 
0.075315 0.031496 0.159881 0.008470 0.159571 0.005286 0.141202 0.097169 0.006913 0.005022 0.208557 0.054787 0.046332 
0.110820 0.062656 0.033534 0.060026 0.083448 0.107818 0.069327 0.125414 0.119169 0.054490 0.047798 0.060834 0.064665 
Document 90
0.028070 0.036619 0.023998 0.035274 0.017892 0.470604 0.020094 0.032395 0.040170 0.172004 0.028958 0.036113 0.057808 
0.066110 0.065019 0.047630 0.056960 0.045546 0.035552 0.068813 0.213079 0.046488 0.033771 0.081386 0.221652 0.017994 
0.110820 0.062656 0.033534 0.060026 0.083448 0.107818 0.069327 0.125414 0.119169 0.054490 0.047798 0.060834 0.064665 
Document 91
0.039655 0.051733 0.033902 0.462553 0.025276 0.045752 0.028387 0.045765 0.056749 0.036634 0.040909 0.051018 0.081667 
0.018150 0.179063 0.013077 0.176850 0.012505 0.009761 0.018892 0.380924 0.053066 0.009272 0.062647 0.060853 0.004940 
0.110820 0.062656 0.033534 0.060026 0.083448 0.107818 0.069327 0.125414 0.119169 0.054490 0.047798 0.060834 0.064665 
Document 92
0.049966 0.065184 0.042717 0.062790 0.031849 0.057649 0.035768 0.057664 0.071505 0.306176 0.051546 0.064284 0.102901 
0.035150 0.034570 0.259479 0.030285 0.024217 0.018903 0.192690 0.191344 0.024717 0.096007 0.043272 0.039798 0.009567 
0.230235 0.029031 0.015537 0.027812 0.038665 0.049956 0.032122 0.058109 0.412992 0.025247 0.022147 0.028186 0.029962 
Document 93
0.067524 0.088089 0.057727 0.084854 0.043040 0.077906 0.048336 0.077927 0.096630 0.062379 0.069658 0.086872 0.139059 
0.035150 0.268725 0.103376 0.030285 0.024217 0.018903 0.036587 0.347447 0.024717 0.017956 0.043272 0.039798 0.009567 
0.062533 0.253216 0.018922 0.033871 0.047088 0.278700 0.039120 0.070769 0.067245 0.030748 0.026972 0.034327 0.036489 
Document 94
0.067524 0.088089 0.057727 0.084854 0.043040 0.077906 0.048336 0.077927 0.096630 0.062379 0.069658 0.086872 0.139059 
0.094930 0.055901 0.051312 0.015032 0.012020 0.009383 0.095644 0.404908 0.012269 0.008912 0.137703 0.019754 0.082232 
0.110820 0.062656 0.033534 0.060026 0.083448 0.107818 0.069327 0.125414 0.119169 0.054490 0.047798 0.060834 0.064665 
Document 95
0.222648 0.025462 0.016686 0.024526 0.012440 0.022518 0.115536 0.022524 0.231061 0.018030 0.020134 0.228240 0.040194 
0.066110 0.065019 0.047630 0.056960 0.045546 0.035552 0.068813 0.066280 0.046488 0.033771 0.374984 0.074853 0.017994 
0.110820 0.062656 0.033534 0.060026 0.083448 0.107818 0.069327 0.125414 0.119169 0.054490 0.047798 0.060834 0.064665 
Document 96
0.028070 0.036619 0.023998 0.035274 0.017892 0.032386 0.020094 0.324540 0.332316 0.025931 0.028958 0.036113 0.057808 
0.009830 0.009668 0.007082 0.073955 0.006773 0.070771 0.010232 0.162654 0.006913 0.005022 0.055758 0.578667 0.002676 
0.320929 0.008284 0.004434 0.007936 0.266264 0.116348 0.009166 0.016582 0.168895 0.007204 0.006320 0.059089 0.008550 
Document 97
0.009683 0.113408 0.109055 0.012168 0.006172 0.162336 0.006931 0.111951 0.013857 0.008945 0.009989 0.314787 0.120718 
0.077096 0.183017 0.123562 0.233256 0.016493 0.012874 0.024918 0.024001 0.016834 0.012229 0.029471 0.186577 0.059673 
0.574188 0.004831 0.002586 0.004628 0.006435 0.097626 0.005346 0.009671 0.247354 0.004202 0.033456 0.004691 0.004986 
Document 98
0.021724 0.028340 0.131619 0.027299 0.013847 0.025064 0.015551 0.025071 0.596321 0.020068 0.022410 0.027948 0.044738 
0.093587 0.092043 0.067426 0.080634 0.064477 0.050328 0.097413 0.093827 0.065810 0.047807 0.115212 0.105963 0.025472 
0.347041 0.024626 0.013180 0.023592 0.032797 0.042375 0.027248 0.049291 0.046837 0.324902 0.018786 0.023909 0.025415 
Document 99
0.121082 0.127027 0.016686 0.024526 0.114006 0.022518 0.013971 0.022524 0.129496 0.018030 0.020134 0.329805 0.040194 
0.073205 0.072830 0.016377 0.120534 0.015660 0.012224 0.023660 0.224687 0.015984 0.011611 0.027983 0.278109 0.107136 
0.079952 0.045204 0.024193 0.043306 0.060204 0.077786 0.050017 0.090481 0.085975 0.039312 0.313029 0.043889 0.046653 
Document 100
0.049966 0.065184 0.042717 0.062790 0.031849 0.057649 0.035768 0.057664 0.071505 0.306176 0.051546 0.064284 0.102901 
0.066493 0.020306 0.060721 0.017789 0.014224 0.011103 0.021491 0.158238 0.060365 0.010547 0.346341 0.206762 0.005620 
0.110820 0.062656 0.033534 0.060026 0.083448 0.107818 0.069327 0.125414 0.119169 0.054490 0.047798 0.060834 0.064665 
Document 101
0.049966 0.065184 0.042717 0.062790 0.031849 0.057649 0.035768 0.057664 0.071505 0.046159 0.051546 0.064284 0.362919 
0.249807 0.032067 0.168292 0.028093 0.022463 0.017534 0.106339 0.032689 0.095329 0.016656 0.184941 0.036917 0.008874 
0.110820 0.062656 0.033534 0.060026 0.083448 0.107818 0.069327 0.125414 0.119169 0.054490 0.047798 0.060834 0.064665 
Document 102
0.024492 0.031952 0.148394 0.030778 0.015612 0.028258 0.017533 0.155721 0.162505 0.022626 0.152722 0.031511 0.177895 
0.503460 0.034570 0.025324 0.030285 0.102268 0.018903 0.036587 0.035240 0.102769 0.017956 0.043272 0.039798 0.009567 
0.033415 0.018892 0.010111 0.018099 0.025161 0.032509 0.020904 0.387055 0.385172 0.016430 0.014412 0.018343 0.019498 
Document 103
0.067524 0.088089 0.057727 0.084854 0.043040 0.077906 0.048336 0.077927 0.096630 0.062379 0.069658 0.086872 0.139059 
0.021638 0.021282 0.015590 0.114742 0.062957 0.011637 0.022523 0.358038 0.015216 0.059103 0.074688 0.216697 0.005890 
0.134205 0.016922 0.009057 0.016212 0.439635 0.029119 0.018724 0.033872 0.240734 0.014717 0.012909 0.016430 0.017465 
Document 104
0.019517 0.634852 0.016686 0.024526 0.012440 0.124083 0.013971 0.022524 0.027930 0.018030 0.020134 0.025110 0.040194 
0.051105 0.050262 0.150301 0.044032 0.148690 0.027483 0.053195 0.164718 0.035937 0.139587 0.062914 0.057864 0.013910 
0.022798 0.012890 0.006899 0.012349 0.017167 0.737029 0.014262 0.025801 0.024516 0.011210 0.009833 0.012515 0.092731 
Document 105
0.008059 0.010513 0.006890 0.135935 0.005137 0.093170 0.005769 0.009300 0.011532 0.007445 0.092185 0.555535 0.058532 
0.226631 0.040965 0.030009 0.035887 0.213675 0.022399 0.043355 0.226738 0.029290 0.021277 0.051277 0.047160 0.011337 
0.110820 0.062656 0.033534 0.060026 0.083448 0.107818 0.069327 0.125414 0.119169 0.054490 0.047798 0.060834 0.064665 
Document 106
0.049966 0.325201 0.042717 0.062790 0.031849 0.057649 0.035768 0.057664 0.071505 0.046159 0.051546 0.064284 0.102901 
0.504100 0.040965 0.122498 0.035887 0.028696 0.022399 0.043355 0.041759 0.029290 0.021277 0.051277 0.047160 0.011337 
0.110820 0.062656 0.033534 0.060026 0.083448 0.107818 0.069327 0.125414 0.119169 0.054490 0.047798 0.060834 0.064665 
Document 107
0.039655 0.051733 0.033902 0.049833 0.025276 0.045752 0.028387 0.045765 0.056749 0.036634 0.040909 0.051018 0.494387 
0.453560 0.045140 0.033067 0.141461 0.031621 0.024682 0.047773 0.046015 0.032275 0.023445 0.056502 0.051967 0.012492 
0.079952 0.045204 0.024193 0.043306 0.060204 0.356331 0.050017 0.090481 0.085975 0.039312 0.034484 0.043889 0.046653 
Document 108
0.039655 0.258093 0.033902 0.049833 0.025276 0.252112 0.028387 0.045765 0.056749 0.036634 0.040909 0.051018 0.081667 
0.093587 0.092043 0.067426 0.080634 0.064477 0.050328 0.097413 0.093827 0.065810 0.047807 0.115212 0.105963 0.025472 
0.339128 0.010410 0.005571 0.009972 0.013864 0.017913 0.011518 0.084979 0.019798 0.009053 0.007941 0.010107 0.459747 
Document 109
