d_0 d0 0.185732 0.776138 0.038130 
d_1 d1 0.104238 0.241695 0.654066 
d_2 d2 0.526921 0.381730 0.091349 
d_3 d3 0.439575 0.041169 0.519256 
d_4 d4 0.471438 0.245449 0.283114 
d_5 d5 0.064402 0.361642 0.573956 
d_6 d6 0.137639 0.255055 0.607306 
d_7 d7 0.027853 0.513028 0.459119 
d_8 d8 0.640239 0.333333 0.026428 
d_9 d9 0.863135 0.068433 0.068433 
d_10 d10 0.158813 0.787086 0.054101 
d_11 d11 0.295274 0.447510 0.257215 
d_12 d12 0.104238 0.585338 0.310424 
d_13 d13 0.219789 0.706407 0.073804 
d_14 d14 0.364669 0.176655 0.458676 
d_15 d15 0.078880 0.231552 0.689567 
d_16 d16 0.060429 0.060429 0.879142 
d_17 d17 0.333333 0.111604 0.555063 
d_18 d18 0.128730 0.589088 0.282182 
d_19 d19 0.189578 0.081761 0.728661 
d_20 d20 0.086420 0.884141 0.029440 
d_21 d21 0.031219 0.937563 0.031219 
d_22 d22 0.333333 0.428120 0.238547 
d_23 d23 0.441609 0.534416 0.023975 
d_24 d24 0.393191 0.438085 0.168724 
d_25 d25 0.361642 0.106865 0.531493 
d_26 d26 0.031219 0.212487 0.756294 
d_27 d27 0.304473 0.477633 0.217893 
d_28 d28 0.246045 0.049645 0.704310 
d_29 d29 0.014136 0.561332 0.424533 
d_30 d30 0.054101 0.891798 0.054101 
d_31 d31 0.529028 0.294194 0.176778 
d_32 d32 0.012435 0.565985 0.421580 
d_33 d33 0.057125 0.584432 0.358443 
d_34 d34 0.013403 0.791613 0.194985 
d_35 d35 0.042663 0.830286 0.127051 
d_36 d36 0.200883 0.598234 0.200883 
d_37 d37 0.027853 0.728661 0.243486 
d_38 d38 0.077579 0.844842 0.077579 
d_39 d39 0.020222 0.763862 0.215917 
d_40 d40 0.694303 0.254371 0.051325 
d_41 d41 0.018097 0.893754 0.088149 
d_42 d42 0.029440 0.713200 0.257360 
d_43 d43 0.064402 0.786270 0.149328 
d_44 d44 0.060429 0.879142 0.060429 
d_45 d45 0.049645 0.933442 0.016912 
d_46 d46 0.200531 0.758300 0.041169 
d_47 d47 0.041169 0.200531 0.758300 
d_48 d48 0.020222 0.059361 0.920417 
d_49 d49 0.301002 0.688975 0.010023 
d_50 d50 0.238547 0.522907 0.238547 
d_51 d51 0.411306 0.528265 0.060429 
d_52 d52 0.200883 0.200883 0.598234 
d_53 d53 0.020222 0.881279 0.098500 
d_54 d54 0.081761 0.620845 0.297394 
d_55 d55 0.064467 0.926062 0.009471 
d_56 d56 0.442444 0.442444 0.115112 
d_57 d57 0.145813 0.611381 0.242806 
d_58 d58 0.068855 0.698130 0.233014 
d_59 d59 0.215064 0.625895 0.159041 
d_60 d60 0.038130 0.407134 0.554736 
d_61 d61 0.200296 0.555063 0.244642 
d_62 d62 0.706170 0.093653 0.200178 
d_63 d63 0.134625 0.849975 0.015400 
d_64 d64 0.031219 0.695871 0.272910 
d_65 d65 0.154823 0.793340 0.051837 
d_66 d66 0.035510 0.516609 0.447881 
d_67 d67 0.265445 0.713510 0.021045 
d_68 d68 0.033226 0.869239 0.097535 
d_69 d69 0.251756 0.686834 0.061409 
d_70 d70 0.104591 0.651583 0.243826 
d_71 d71 0.060429 0.060429 0.879142 
d_72 d72 0.428120 0.048973 0.522907 
d_73 d73 0.200531 0.041169 0.758300 
d_74 d74 0.013403 0.843493 0.143104 
d_75 d75 0.013403 0.765672 0.220925 
d_76 d76 0.770180 0.029440 0.200380 
d_77 d77 0.051325 0.626622 0.322053 
d_78 d78 0.944295 0.027853 0.027853 
d_79 d79 0.185732 0.038130 0.776138 
d_80 d80 0.340651 0.516282 0.143066 
d_81 d81 0.598938 0.359894 0.041169 
d_82 d82 0.477633 0.217893 0.304473 
d_83 d83 0.283114 0.659761 0.057125 
d_84 d84 0.029440 0.485280 0.485280 
d_85 d85 0.454179 0.454179 0.091641 
d_86 d86 0.396725 0.079768 0.523508 
d_87 d87 0.428120 0.048973 0.522907 
d_88 d88 0.017484 0.931190 0.051325 
d_89 d89 0.077205 0.911453 0.011343 
d_90 d90 0.598234 0.333333 0.068433 
d_91 d91 0.106865 0.871196 0.021939 
d_92 d92 0.111931 0.628536 0.259533 
d_93 d93 0.044733 0.737374 0.217893 
d_94 d94 0.022912 0.954176 0.022912 
d_95 d95 0.712480 0.238547 0.048973 
d_96 d96 0.071073 0.653291 0.275636 
d_97 d97 0.275636 0.228429 0.495935 
d_98 d98 0.564214 0.044733 0.391053 
d_99 d99 0.306178 0.632043 0.061779 
d_100 d100 0.077579 0.895993 0.026428 
d_101 d101 0.131313 0.823954 0.044733 
d_102 d102 0.268451 0.414436 0.317113 
d_103 d103 0.021045 0.672777 0.306178 
d_104 d104 0.333333 0.200296 0.466371 
d_105 d105 0.753649 0.228255 0.018097 
d_106 d106 0.177388 0.762183 0.060429 
d_107 d107 0.263525 0.577661 0.158813 
d_108 d108 0.152064 0.031219 0.816717 
d_109 d109 0.353815 0.384537 0.261649 
d_110 d110 0.267698 0.717768 0.014534 
d_111 d111 0.645224 0.294347 0.060429 
d_112 d112 0.015873 0.937532 0.046595 
d_113 d113 0.200531 0.120850 0.678619 
d_114 d114 0.280212 0.678619 0.041169 
d_115 d115 0.191791 0.064402 0.743808 
d_116 d116 0.259533 0.111931 0.628536 
d_117 d117 0.236715 0.740147 0.023138 
d_118 d118 0.514387 0.475590 0.010023 
d_119 d119 0.712480 0.238547 0.048973 
d_120 d120 0.143104 0.843493 0.013403 
d_121 d121 0.691756 0.108039 0.200205 
d_122 d122 0.018373 0.963255 0.018373 
d_123 d123 0.318529 0.422156 0.259314 
d_124 d124 0.146278 0.752338 0.101384 
d_125 d125 0.458676 0.200157 0.341167 
d_126 d126 0.033226 0.097535 0.869239 
d_127 d127 0.622097 0.207784 0.170119 
d_128 d128 0.063306 0.657366 0.279328 
d_129 d129 0.598938 0.280212 0.120850 
d_130 d130 0.821138 0.155950 0.022912 
d_131 d131 0.200883 0.465784 0.333333 
d_132 d132 0.172967 0.722795 0.104238 
d_133 d133 0.333333 0.259533 0.407134 
d_134 d134 0.211768 0.693168 0.095064 
d_135 d135 0.379809 0.503744 0.116447 
d_136 d136 0.247160 0.388171 0.364669 
d_137 d137 0.343991 0.471889 0.184119 
d_138 d138 0.507424 0.415259 0.077317 
d_139 d139 0.200380 0.314340 0.485280 
d_140 d140 0.231552 0.689567 0.078880 
d_141 d141 0.842239 0.078880 0.078880 
d_142 d142 0.408758 0.446470 0.144773 
d_143 d143 0.869239 0.033226 0.097535 
d_144 d144 0.435635 0.537937 0.026428 
d_145 d145 0.550577 0.306178 0.143245 
d_146 d146 0.523508 0.048072 0.428420 
d_147 d147 0.435635 0.026428 0.537937 
d_148 d148 0.879142 0.060429 0.060429 
d_149 d149 0.528265 0.060429 0.411306 
d_150 d150 0.476703 0.015873 0.507424 
d_151 d151 0.272910 0.091641 0.635448 
d_152 d152 0.070379 0.209590 0.720031 
d_153 d153 0.620845 0.027853 0.351303 
d_154 d154 0.937563 0.031219 0.031219 
d_155 d155 0.688101 0.022912 0.288987 
d_156 d156 0.158079 0.389415 0.452506 
d_157 d157 0.422025 0.067258 0.510717 
d_158 d158 0.035510 0.310424 0.654066 
d_159 d159 0.111604 0.200296 0.688101 
d_160 d160 0.865484 0.111604 0.022912 
d_161 d161 0.033226 0.804930 0.161844 
d_162 d162 0.253440 0.013759 0.732801 
d_163 d163 0.572249 0.131174 0.296577 
d_164 d164 0.172967 0.035510 0.791523 
d_165 d165 0.217893 0.044733 0.737374 
d_166 d166 0.314340 0.599240 0.086420 
d_167 d167 0.577661 0.054101 0.368237 
d_168 d168 0.454179 0.454179 0.091641 
d_169 d169 0.060429 0.060429 0.879142 
d_170 d170 0.422025 0.111604 0.466371 
d_171 d171 0.578517 0.088149 0.333333 
d_172 d172 0.044733 0.131313 0.823954 
d_173 d173 0.712480 0.048973 0.238547 
d_174 d174 0.231032 0.691390 0.077579 
d_175 d175 0.428300 0.314340 0.257360 
d_176 d176 0.650291 0.269942 0.079768 
d_177 d177 0.682373 0.158813 0.158813 
d_178 d178 0.215917 0.489889 0.294194 
d_179 d179 0.542260 0.086420 0.371320 
d_180 d180 0.245449 0.057125 0.697426 
d_181 d181 0.333333 0.554736 0.111931 
d_182 d182 0.018754 0.163944 0.817302 
d_183 d183 0.118511 0.376298 0.505192 
d_184 d184 0.395205 0.023975 0.580820 
d_185 d185 0.013759 0.359964 0.626276 
d_186 d186 0.091641 0.031219 0.877140 
d_187 d187 0.298307 0.298307 0.403386 
d_188 d188 0.302398 0.023975 0.673627 
d_189 d189 0.023975 0.209590 0.766435 
d_190 d190 0.628536 0.259533 0.111931 
d_191 d191 0.200157 0.552683 0.247160 
d_192 d192 0.114201 0.442899 0.442899 
d_193 d193 0.104238 0.860252 0.035510 
d_194 d194 0.678619 0.280212 0.041169 
d_195 d195 0.290461 0.033226 0.676313 
d_196 d196 0.304390 0.043898 0.651712 
d_197 d197 0.072434 0.175421 0.752146 
d_198 d198 0.241695 0.379152 0.379152 
d_199 d199 0.022912 0.333333 0.643755 
d_200 d200 0.566936 0.135669 0.297394 
d_201 d201 0.038130 0.111931 0.849938 
d_202 d202 0.048973 0.807267 0.143760 
d_203 d203 0.091349 0.127647 0.781004 
d_204 d204 0.282182 0.384484 0.333333 
d_205 d205 0.685584 0.176778 0.137639 
d_206 d206 0.534416 0.348801 0.116783 
d_207 d207 0.093653 0.865957 0.040391 
d_208 d208 0.384224 0.384224 0.231552 
d_209 d209 0.148039 0.514686 0.337276 
d_210 d210 0.017484 0.558940 0.423576 
d_211 d211 0.286746 0.468437 0.244817 
d_212 d212 0.079870 0.804892 0.115237 
d_213 d213 0.098500 0.842140 0.059361 
d_214 d214 0.564882 0.043898 0.391220 
d_215 d215 0.212487 0.152064 0.635448 
d_216 d216 0.097535 0.547696 0.354770 
d_217 d217 0.478051 0.506995 0.014954 
d_218 d218 0.411306 0.294347 0.294347 
d_219 d219 0.598234 0.068433 0.333333 
d_220 d220 0.104238 0.654066 0.241695 
d_221 d221 0.584090 0.169045 0.246866 
d_222 d222 0.564128 0.425651 0.010221 
d_223 d223 0.146915 0.839325 0.013759 
d_224 d224 0.272910 0.031219 0.695871 
d_225 d225 0.038130 0.407134 0.554736 
d_226 d226 0.158813 0.158813 0.682373 
d_227 d227 0.259351 0.160707 0.579942 
d_228 d228 0.257360 0.542260 0.200380 
d_229 d229 0.617694 0.143760 0.238547 
d_230 d230 0.097535 0.033226 0.869239 
d_231 d231 0.200178 0.200178 0.599645 
d_232 d232 0.086420 0.086420 0.827160 
d_233 d233 0.200531 0.678619 0.120850 
d_234 d234 0.120850 0.359894 0.519256 
d_235 d235 0.682373 0.054101 0.263525 
d_236 d236 0.120850 0.041169 0.837981 
d_237 d237 0.122466 0.365775 0.511760 
d_238 d238 0.116783 0.302398 0.580820 
d_239 d239 0.485280 0.428300 0.086420 
d_240 d240 0.078880 0.078880 0.842239 
d_241 d241 0.290461 0.290461 0.419078 
d_242 d242 0.645224 0.177388 0.177388 
d_243 d243 0.021045 0.957909 0.021045 
d_244 d244 0.428300 0.485280 0.086420 
d_245 d245 0.106865 0.616419 0.276716 
d_246 d246 0.477633 0.391053 0.131313 
d_247 d247 0.253850 0.700944 0.045206 
d_248 d248 0.036502 0.951063 0.012435 
d_249 d249 0.172967 0.791523 0.035510 
d_250 d250 0.509102 0.283114 0.207784 
d_251 d251 0.152064 0.031219 0.816717 
d_252 d252 0.418028 0.236540 0.345433 
d_253 d253 0.402881 0.104819 0.492300 
d_254 d254 0.161844 0.354770 0.483387 
d_255 d255 0.737374 0.131313 0.131313 
d_256 d256 0.020222 0.959556 0.020222 
d_257 d257 0.108039 0.599590 0.292371 
d_258 d258 0.405211 0.297394 0.297394 
d_259 d259 0.111604 0.111604 0.776792 
d_260 d260 0.068433 0.465784 0.465784 
d_261 d261 0.414568 0.528297 0.057135 
d_262 d262 0.342453 0.342453 0.315093 
d_263 d263 0.033226 0.612004 0.354770 
d_264 d264 0.183978 0.469111 0.346911 
d_265 d265 0.465784 0.068433 0.465784 
d_266 d266 0.419078 0.033226 0.547696 
d_267 d267 0.949716 0.025142 0.025142 
d_268 d268 0.439858 0.280071 0.280071 
d_269 d269 0.376298 0.612603 0.011099 
d_270 d270 0.447881 0.516609 0.035510 
d_271 d271 0.564214 0.391053 0.044733 
d_272 d272 0.326323 0.284262 0.389415 
d_273 d273 0.382655 0.407316 0.210029 
d_274 d274 0.909830 0.022912 0.067258 
d_275 d275 0.111463 0.269942 0.618595 
d_276 d276 0.007429 0.568176 0.424395 
d_277 d277 0.373697 0.252607 0.373697 
d_278 d278 0.109133 0.346522 0.544346 
d_279 d279 0.044733 0.304473 0.650794 
d_280 d280 0.348801 0.488012 0.163186 
d_281 d281 0.816717 0.152064 0.031219 
d_282 d282 0.242806 0.281604 0.475590 
d_283 d283 0.823954 0.131313 0.044733 
d_284 d284 0.479252 0.123575 0.397173 
d_285 d285 0.265908 0.619890 0.114201 
d_286 d286 0.132921 0.663425 0.203655 
d_287 d287 0.012143 0.482178 0.505680 
d_288 d288 0.025142 0.025142 0.949716 
d_289 d289 0.310361 0.379279 0.310361 
d_290 d290 0.183043 0.489295 0.327662 
d_291 d291 0.053123 0.893754 0.053123 
d_292 d292 0.245449 0.471438 0.283114 
d_293 d293 0.063633 0.468184 0.468184 
d_294 d294 0.276716 0.573956 0.149328 
d_295 d295 0.061779 0.632043 0.306178 
d_296 d296 0.033226 0.354770 0.612004 
d_297 d297 0.438412 0.508465 0.053123 
d_298 d298 0.033226 0.933548 0.033226 
d_299 d299 0.208928 0.757775 0.033297 
d_300 d300 0.038130 0.923739 0.038130 
d_301 d301 0.333333 0.372472 0.294194 
d_302 d302 0.346911 0.632043 0.021045 
d_303 d303 0.061779 0.713510 0.224711 
d_304 d304 0.598234 0.333333 0.068433 
d_305 d305 0.860252 0.035510 0.104238 
d_306 d306 0.134625 0.849975 0.015400 
d_307 d307 0.206716 0.553537 0.239747 
d_308 d308 0.013064 0.594606 0.392330 
d_309 d309 0.060429 0.411306 0.528265 
d_310 d310 0.031219 0.333333 0.635448 
d_311 d311 0.376978 0.180578 0.442444 
d_312 d312 0.239569 0.239569 0.520863 
d_313 d313 0.143760 0.143760 0.712480 
d_314 d314 0.106865 0.531493 0.361642 
d_315 d315 0.038130 0.185732 0.776138 
d_316 d316 0.288987 0.688101 0.022912 
d_317 d317 0.263211 0.278237 0.458552 
d_318 d318 0.635448 0.272910 0.091641 
d_319 d319 0.290369 0.397780 0.311851 
d_320 d320 0.475077 0.177416 0.347508 
d_321 d321 0.094790 0.094790 0.810421 
d_322 d322 0.010427 0.434242 0.555331 
d_323 d323 0.152064 0.454179 0.393756 
d_324 d324 0.043898 0.188616 0.767487 
d_325 d325 0.012143 0.811203 0.176655 
d_326 d326 0.272910 0.333333 0.393756 
d_327 d327 0.390690 0.602471 0.006839 
d_328 d328 0.015873 0.476703 0.507424 
d_329 d329 0.146278 0.348298 0.505425 
d_330 d330 0.023975 0.209590 0.766435 
d_331 d331 0.418028 0.018754 0.563218 
d_332 d332 0.308434 0.103019 0.588547 
d_333 d333 0.446568 0.106865 0.446568 
d_334 d334 0.016912 0.475177 0.507911 
d_335 d335 0.033226 0.161844 0.804930 
d_336 d336 0.189578 0.405211 0.405211 
d_337 d337 0.599240 0.257360 0.143400 
d_338 d338 0.023975 0.209590 0.766435 
d_339 d339 0.348801 0.209590 0.441609 
d_340 d340 0.317665 0.153153 0.529181 
d_341 d341 0.025142 0.122466 0.852393 
d_342 d342 0.041496 0.616051 0.342453 
d_343 d343 0.563218 0.309135 0.127647 
d_344 d344 0.260374 0.342453 0.397173 
d_345 d345 0.436474 0.127051 0.436474 
d_346 d346 0.025142 0.171127 0.803731 
d_347 d347 0.381730 0.018754 0.599516 
d_348 d348 0.348801 0.348801 0.302398 
d_349 d349 0.116783 0.395205 0.488012 
d_350 d350 0.086420 0.428300 0.485280 
d_351 d351 0.405211 0.027853 0.566936 
d_352 d352 0.575025 0.152064 0.272910 
d_353 d353 0.957909 0.021045 0.021045 
d_354 d354 0.177388 0.060429 0.762183 
d_355 d355 0.297394 0.243486 0.459119 
d_356 d356 0.038130 0.333333 0.628536 
d_357 d357 0.128730 0.589088 0.282182 
d_358 d358 0.053123 0.158202 0.788675 
d_359 d359 0.182740 0.217492 0.599768 
d_360 d360 0.682373 0.263525 0.054101 
d_361 d361 0.356502 0.008978 0.634521 
d_362 d362 0.654066 0.035510 0.310424 
d_363 d363 0.081761 0.405211 0.513028 
d_364 d364 0.079768 0.396725 0.523508 
d_365 d365 0.111931 0.480935 0.407134 
d_366 d366 0.776138 0.111931 0.111931 
d_367 d367 0.177388 0.177388 0.645224 
d_368 d368 0.088149 0.543491 0.368360 
d_369 d369 0.236540 0.599516 0.163944 
d_370 d370 0.104238 0.654066 0.241695 
d_371 d371 0.489889 0.489889 0.020222 
d_372 d372 0.471438 0.094790 0.433773 
d_373 d373 0.379152 0.585338 0.035510 
d_374 d374 0.368237 0.263525 0.368237 
d_375 d375 0.158202 0.648570 0.193228 
d_376 d376 0.054101 0.577661 0.368237 
d_377 d377 0.546767 0.358443 0.094790 
d_378 d378 0.149328 0.828733 0.021939 
d_379 d379 0.555063 0.111604 0.333333 
d_380 d380 0.060429 0.879142 0.060429 
d_381 d381 0.072841 0.680656 0.246503 
d_382 d382 0.488012 0.163186 0.348801 
d_383 d383 0.158813 0.054101 0.787086 
d_384 d384 0.131313 0.823954 0.044733 
d_385 d385 0.510717 0.422025 0.067258 
d_386 d386 0.010221 0.761952 0.227827 
d_387 d387 0.038130 0.038130 0.923739 
d_388 d388 0.143104 0.506269 0.350627 
d_389 d389 0.341761 0.619890 0.038348 
d_390 d390 0.486786 0.128730 0.384484 
d_391 d391 0.259533 0.333333 0.407134 
d_392 d392 0.538146 0.323093 0.138761 
d_393 d393 0.506269 0.143104 0.350627 
d_394 d394 0.345433 0.018754 0.635814 
d_395 d395 0.060429 0.528265 0.411306 
d_396 d396 0.485280 0.485280 0.029440 
d_397 d397 0.044733 0.044733 0.910534 
d_398 d398 0.842239 0.078880 0.078880 
d_399 d399 0.226152 0.033226 0.740622 
d_400 d400 0.568167 0.020222 0.411611 
d_401 d401 0.272910 0.454179 0.272910 
d_402 d402 0.143400 0.428300 0.428300 
d_403 d403 0.357994 0.555282 0.086724 
d_404 d404 0.354825 0.625618 0.019557 
d_405 d405 0.231032 0.589088 0.179881 
d_406 d406 0.131313 0.823954 0.044733 
d_407 d407 0.380216 0.605251 0.014534 
d_408 d408 0.310371 0.585917 0.103712 
d_409 d409 0.423576 0.558940 0.017484 
d_410 d410 0.025142 0.511760 0.463098 
d_411 d411 0.441609 0.488012 0.070379 
d_412 d412 0.489030 0.489030 0.021939 
d_413 d413 0.060429 0.411306 0.528265 
d_414 d414 0.106865 0.361642 0.531493 
d_415 d415 0.480935 0.407134 0.111931 
d_416 d416 0.333333 0.508465 0.158202 
d_417 d417 0.120850 0.837981 0.041169 
d_418 d418 0.152848 0.355894 0.491258 
d_419 d419 0.077579 0.384484 0.537937 
d_420 d420 0.547696 0.033226 0.419078 
d_421 d421 0.035510 0.035510 0.928981 
d_422 d422 0.365775 0.268451 0.365775 
d_423 d423 0.298307 0.613543 0.088149 
d_424 d424 0.220530 0.152848 0.626622 
d_425 d425 0.879142 0.060429 0.060429 
d_426 d426 0.254371 0.186689 0.558940 
d_427 d427 0.041169 0.120850 0.837981 
d_428 d428 0.737374 0.217893 0.044733 
d_429 d429 0.018754 0.345433 0.635814 
d_430 d430 0.435635 0.026428 0.537937 
d_431 d431 0.241695 0.035510 0.722795 
d_432 d432 0.346911 0.021045 0.632043 
d_433 d433 0.207784 0.622097 0.170119 
d_434 d434 0.207784 0.735091 0.057125 
d_435 d435 0.070379 0.348801 0.580820 
d_436 d436 0.834929 0.068855 0.096215 
d_437 d437 0.220530 0.152848 0.626622 
d_438 d438 0.516609 0.241695 0.241695 
d_439 d439 0.200380 0.200380 0.599240 
d_440 d440 0.595211 0.056491 0.348298 
d_441 d441 0.158813 0.682373 0.158813 
d_442 d442 0.135669 0.135669 0.728661 
d_443 d443 0.510717 0.067258 0.422025 
d_444 d444 0.414436 0.317113 0.268451 
d_445 d445 0.774785 0.101384 0.123831 
d_446 d446 0.027853 0.944295 0.027853 
d_447 d447 0.018754 0.672111 0.309135 
d_448 d448 0.025142 0.511760 0.463098 
d_449 d449 0.137049 0.683842 0.179110 
d_450 d450 0.097535 0.354770 0.547696 
d_451 d451 0.027853 0.944295 0.027853 
d_452 d452 0.476703 0.015873 0.507424 
d_453 d453 0.454179 0.514602 0.031219 
d_454 d454 0.885750 0.019460 0.094790 
d_455 d455 0.111931 0.480935 0.407134 
d_456 d456 0.276245 0.542658 0.181097 
d_457 d457 0.687851 0.169045 0.143104 
d_458 d458 0.104819 0.790363 0.104819 
d_459 d459 0.143400 0.770180 0.086420 
d_460 d460 0.143159 0.016376 0.840465 
d_461 d461 0.410995 0.239321 0.349683 
d_462 d462 0.439575 0.041169 0.519256 
d_463 d463 0.111931 0.038130 0.849938 
d_464 d464 0.093653 0.626276 0.280071 
d_465 d465 0.217559 0.535938 0.246503 
d_466 d466 0.483387 0.290461 0.226152 
d_467 d467 0.146915 0.466489 0.386596 
d_468 d468 0.011597 0.976805 0.011597 
d_469 d469 0.384484 0.486786 0.128730 
d_470 d470 0.200380 0.770180 0.029440 
d_471 d471 0.391053 0.304473 0.304473 
d_472 d472 0.082379 0.737043 0.180578 
d_473 d473 0.231032 0.486786 0.282182 
d_474 d474 0.060429 0.060429 0.879142 
d_475 d475 0.879142 0.060429 0.060429 
d_476 d476 0.213312 0.278778 0.507911 
d_477 d477 0.351303 0.027853 0.620845 
d_478 d478 0.026428 0.486786 0.486786 
d_479 d479 0.234253 0.701345 0.064402 
d_480 d480 0.477633 0.304473 0.217893 
d_481 d481 0.459119 0.297394 0.243486 
d_482 d482 0.514602 0.031219 0.454179 
d_483 d483 0.029440 0.827160 0.143400 
d_484 d484 0.078880 0.078880 0.842239 
d_485 d485 0.244642 0.200296 0.555063 
d_486 d486 0.486786 0.486786 0.026428 
d_487 d487 0.023975 0.070379 0.905646 
d_488 d488 0.257360 0.656220 0.086420 
d_489 d489 0.025142 0.025142 0.949716 
d_490 d490 0.263525 0.054101 0.682373 
d_491 d491 0.034826 0.425182 0.539992 
d_492 d492 0.428377 0.143245 0.428377 
d_493 d493 0.122466 0.803731 0.073804 
d_494 d494 0.087617 0.688975 0.223408 
d_495 d495 0.015400 0.939394 0.045206 
d_496 d496 0.156126 0.632753 0.211121 
d_497 d497 0.289760 0.625895 0.084345 
d_498 d498 0.349683 0.435520 0.214797 
d_499 d499 0.310424 0.516609 0.172967 
d_500 d500 0.687851 0.246866 0.065283 
d_501 d501 0.770180 0.200380 0.029440 
d_502 d502 0.454179 0.454179 0.091641 
d_503 d503 0.701345 0.149328 0.149328 
d_504 d504 0.027853 0.944295 0.027853 
d_505 d505 0.538146 0.138761 0.323093 
d_506 d506 0.840465 0.016376 0.143159 
d_507 d507 0.737374 0.217893 0.044733 
d_508 d508 0.546767 0.320778 0.132454 
d_509 d509 0.381394 0.093031 0.525575 
d_510 d510 0.695871 0.031219 0.272910 
d_511 d511 0.428120 0.143760 0.428120 
d_512 d512 0.048973 0.522907 0.428120 
d_513 d513 0.320778 0.057125 0.622097 
d_514 d514 0.241485 0.539992 0.218523 
d_515 d515 0.879142 0.060429 0.060429 
d_516 d516 0.209590 0.580820 0.209590 
d_517 d517 0.200883 0.465784 0.333333 
d_518 d518 0.884141 0.029440 0.086420 
d_519 d519 0.143760 0.712480 0.143760 
d_520 d520 0.209590 0.023975 0.766435 
d_521 d521 0.243486 0.728661 0.027853 
d_522 d522 0.286746 0.594223 0.119031 
d_523 d523 0.127647 0.853600 0.018754 
d_524 d524 0.682373 0.263525 0.054101 
d_525 d525 0.091641 0.031219 0.877140 
d_526 d526 0.075012 0.462494 0.462494 
d_527 d527 0.022912 0.422025 0.555063 
d_528 d528 0.159810 0.411699 0.428491 
d_529 d529 0.308434 0.121693 0.569872 
d_530 d530 0.509844 0.469111 0.021045 
d_531 d531 0.035510 0.516609 0.447881 
d_532 d532 0.469111 0.102512 0.428377 
d_533 d533 0.638187 0.060570 0.301243 
d_534 d534 0.068433 0.068433 0.863135 
d_535 d535 0.068433 0.068433 0.863135 
d_536 d536 0.120850 0.041169 0.837981 
d_537 d537 0.035510 0.379152 0.585338 
d_538 d538 0.483387 0.226152 0.290461 
d_539 d539 0.584432 0.094790 0.320778 
d_540 d540 0.217893 0.044733 0.737374 
d_541 d541 0.068433 0.068433 0.863135 
d_542 d542 0.082379 0.835243 0.082379 
d_543 d543 0.612004 0.290461 0.097535 
d_544 d544 0.869239 0.033226 0.097535 
d_545 d545 0.315093 0.287734 0.397173 
d_546 d546 0.161844 0.097535 0.740622 
d_547 d547 0.215339 0.569322 0.215339 
d_548 d548 0.365775 0.025142 0.609084 
d_549 d549 0.737374 0.044733 0.217893 
d_550 d550 0.635448 0.091641 0.272910 
d_551 d551 0.395205 0.348801 0.255994 
d_552 d552 0.020222 0.020222 0.959556 
d_553 d553 0.200380 0.656220 0.143400 
d_554 d554 0.758300 0.041169 0.200531 
d_555 d555 0.485569 0.219156 0.295274 
d_556 d556 0.688101 0.288987 0.022912 
d_557 d557 0.484380 0.072434 0.443186 
d_558 d558 0.660462 0.085166 0.254371 
d_559 d559 0.238547 0.048973 0.712480 
d_560 d560 0.605251 0.239569 0.155180 
d_561 d561 0.462077 0.277358 0.260565 
d_562 d562 0.536896 0.078880 0.384224 
d_563 d563 0.744707 0.200242 0.055051 
d_564 d564 0.488012 0.209590 0.302398 
d_565 d565 0.130728 0.130728 0.738543 
d_566 d566 0.776138 0.185732 0.038130 
d_567 d567 0.391220 0.449108 0.159672 
d_568 d568 0.564214 0.391053 0.044733 
d_569 d569 0.829667 0.017484 0.152848 
d_570 d570 0.288987 0.067258 0.643755 
d_571 d571 0.134625 0.492300 0.373075 
d_572 d572 0.025142 0.317113 0.657745 
d_573 d573 0.275446 0.420164 0.304390 
d_574 d574 0.163186 0.348801 0.488012 
d_575 d575 0.221171 0.473537 0.305293 
d_576 d576 0.078880 0.078880 0.842239 
d_577 d577 0.054101 0.158813 0.787086 
d_578 d578 0.395205 0.580820 0.023975 
d_579 d579 0.060429 0.294347 0.645224 
d_580 d580 0.813814 0.093093 0.093093 
d_581 d581 0.635814 0.272837 0.091349 
d_582 d582 0.554736 0.407134 0.038130 
d_583 d583 0.025142 0.365775 0.609084 
d_584 d584 0.575025 0.091641 0.333333 
d_585 d585 0.161844 0.097535 0.740622 
d_586 d586 0.288987 0.688101 0.022912 
d_587 d587 0.200380 0.770180 0.029440 
d_588 d588 0.469111 0.509844 0.021045 
d_589 d589 0.174855 0.586899 0.238246 
d_590 d590 0.104238 0.379152 0.516609 
d_591 d591 0.078880 0.842239 0.078880 
d_592 d592 0.011864 0.539992 0.448144 
d_593 d593 0.085950 0.885189 0.028861 
d_594 d594 0.172967 0.585338 0.241695 
d_595 d595 0.041169 0.439575 0.519256 
d_596 d596 0.067258 0.422025 0.510717 
d_597 d597 0.338579 0.464464 0.196958 
d_598 d598 0.054101 0.891798 0.054101 
d_599 d599 0.111385 0.752569 0.136046 
d_600 d600 0.038130 0.923739 0.038130 
d_601 d601 0.439858 0.067022 0.493120 
d_602 d602 0.654803 0.333333 0.011864 
d_603 d603 0.472949 0.158813 0.368237 
d_604 d604 0.128730 0.486786 0.384484 
d_605 d605 0.584090 0.272806 0.143104 
d_606 d606 0.086420 0.371320 0.542260 
d_607 d607 0.213618 0.729892 0.056491 
d_608 d608 0.309135 0.091349 0.599516 
d_609 d609 0.217893 0.477633 0.304473 
d_610 d610 0.263525 0.472949 0.263525 
d_611 d611 0.304473 0.044733 0.650794 
d_612 d612 0.009648 0.215064 0.775288 
d_613 d613 0.849938 0.038130 0.111931 
d_614 d614 0.177388 0.060429 0.762183 
d_615 d615 0.689567 0.078880 0.231552 
d_616 d616 0.333333 0.068433 0.598234 
d_617 d617 0.471438 0.170119 0.358443 
d_618 d618 0.910534 0.044733 0.044733 
d_619 d619 0.568167 0.294194 0.137639 
d_620 d620 0.654066 0.104238 0.241695 
d_621 d621 0.035510 0.104238 0.860252 
d_622 d622 0.131313 0.044733 0.823954 
d_623 d623 0.143400 0.086420 0.770180 
d_624 d624 0.033226 0.033226 0.933548 
d_625 d625 0.627224 0.023975 0.348801 
d_626 d626 0.091641 0.031219 0.877140 
d_627 d627 0.097535 0.290461 0.612004 
d_628 d628 0.414320 0.381189 0.204491 
d_629 d629 0.379152 0.035510 0.585338 
d_630 d630 0.505425 0.348298 0.146278 
d_631 d631 0.068433 0.200883 0.730684 
d_632 d632 0.078880 0.078880 0.842239 
d_633 d633 0.884141 0.086420 0.029440 
d_634 d634 0.529028 0.020222 0.450750 
d_635 d635 0.513351 0.153315 0.333333 
d_636 d636 0.355894 0.119007 0.525099 
d_637 d637 0.391220 0.333333 0.275446 
d_638 d638 0.023975 0.348801 0.627224 
d_639 d639 0.333333 0.200883 0.465784 
d_640 d640 0.064402 0.871196 0.064402 
d_641 d641 0.555063 0.288987 0.155950 
d_642 d642 0.068433 0.333333 0.598234 
d_643 d643 0.061779 0.917176 0.021045 
d_644 d644 0.221624 0.772192 0.006184 
d_645 d645 0.077579 0.895993 0.026428 
d_646 d646 0.143760 0.428120 0.428120 
d_647 d647 0.193395 0.797929 0.008676 
d_648 d648 0.550577 0.265445 0.183978 
d_649 d649 0.079870 0.681108 0.239022 
d_650 d650 0.368237 0.577661 0.054101 
d_651 d651 0.082379 0.835243 0.082379 
d_652 d652 0.026428 0.947144 0.026428 
d_653 d653 0.008824 0.948192 0.042983 
d_654 d654 0.018097 0.403386 0.578517 
d_655 d655 0.185732 0.776138 0.038130 
d_656 d656 0.035510 0.791523 0.172967 
d_657 d657 0.485280 0.485280 0.029440 
d_658 d658 0.333333 0.598234 0.068433 
d_659 d659 0.428300 0.485280 0.086420 
d_660 d660 0.054101 0.682373 0.263525 
d_661 d661 0.038130 0.923739 0.038130 
d_662 d662 0.766435 0.163186 0.070379 
d_663 d663 0.230927 0.661034 0.108039 
d_664 d664 0.023975 0.859242 0.116783 
d_665 d665 0.021045 0.591310 0.387644 
d_666 d666 0.068433 0.730684 0.200883 
d_667 d667 0.120850 0.359894 0.519256 
d_668 d668 0.027853 0.027853 0.944295 
d_669 d669 0.054101 0.472949 0.472949 
d_670 d670 0.231032 0.179881 0.589088 
d_671 d671 0.044733 0.477633 0.477633 
d_672 d672 0.038130 0.923739 0.038130 
d_673 d673 0.021939 0.404105 0.573956 
d_674 d674 0.068433 0.333333 0.598234 
d_675 d675 0.111931 0.038130 0.849938 
d_676 d676 0.546767 0.245449 0.207784 
d_677 d677 0.048973 0.428120 0.522907 
d_678 d678 0.743808 0.106865 0.149328 
d_679 d679 0.419078 0.033226 0.547696 
d_680 d680 0.579942 0.210029 0.210029 
d_681 d681 0.464604 0.464604 0.070792 
d_682 d682 0.033226 0.419078 0.547696 
d_683 d683 0.456638 0.012741 0.530621 
d_684 d684 0.510717 0.022912 0.466371 
d_685 d685 0.258511 0.348298 0.393191 
d_686 d686 0.511760 0.268451 0.219789 
d_687 d687 0.454325 0.200242 0.345433 
d_688 d688 0.529028 0.255055 0.215917 
d_689 d689 0.169045 0.558150 0.272806 
d_690 d690 0.197933 0.764475 0.037591 
d_691 d691 0.025142 0.949716 0.025142 
d_692 d692 0.682373 0.054101 0.263525 
d_693 d693 0.511760 0.365775 0.122466 
d_694 d694 0.241695 0.722795 0.035510 
d_695 d695 0.127647 0.781004 0.091349 
d_696 d696 0.158813 0.472949 0.368237 
d_697 d697 0.243486 0.566936 0.189578 
d_698 d698 0.480935 0.407134 0.111931 
d_699 d699 0.171127 0.511760 0.317113 
d_700 d700 0.048973 0.902054 0.048973 
d_701 d701 0.054101 0.891798 0.054101 
d_702 d702 0.259533 0.111931 0.628536 
d_703 d703 0.238547 0.048973 0.712480 
d_704 d704 0.263525 0.158813 0.577661 
d_705 d705 0.860252 0.035510 0.104238 
d_706 d706 0.213312 0.082379 0.704310 
d_707 d707 0.742540 0.026428 0.231032 
d_708 d708 0.068433 0.068433 0.863135 
d_709 d709 0.012435 0.445648 0.541917 
d_710 d710 0.081761 0.674753 0.243486 
d_711 d711 0.477633 0.044733 0.477633 
d_712 d712 0.280212 0.598938 0.120850 
d_713 d713 0.207784 0.509102 0.283114 
d_714 d714 0.628536 0.111931 0.259533 
d_715 d715 0.023975 0.209590 0.766435 
d_716 d716 0.025142 0.219789 0.755069 
d_717 d717 0.179881 0.282182 0.537937 
d_718 d718 0.411611 0.059361 0.529028 
d_719 d719 0.259533 0.333333 0.407134 
d_720 d720 0.236540 0.127647 0.635814 
d_721 d721 0.033226 0.161844 0.804930 
d_722 d722 0.111335 0.757148 0.131517 
d_723 d723 0.324846 0.452154 0.223000 
d_724 d724 0.026354 0.565016 0.408630 
d_725 d725 0.035510 0.310424 0.654066 
d_726 d726 0.531493 0.149328 0.319179 
d_727 d727 0.215917 0.176778 0.607306 
d_728 d728 0.516609 0.379152 0.104238 
d_729 d729 0.680656 0.101785 0.217559 
d_730 d730 0.208928 0.779729 0.011343 
d_731 d731 0.025142 0.073804 0.901054 
d_732 d732 0.118280 0.637556 0.244165 
d_733 d733 0.054101 0.054101 0.891798 
d_734 d734 0.534416 0.441609 0.023975 
d_735 d735 0.025142 0.949716 0.025142 
d_736 d736 0.131313 0.823954 0.044733 
d_737 d737 0.238547 0.712480 0.048973 
d_738 d738 0.012435 0.854793 0.132772 
d_739 d739 0.023975 0.905646 0.070379 
d_740 d740 0.023975 0.952049 0.023975 
d_741 d741 0.106865 0.871196 0.021939 
d_742 d742 0.323093 0.630312 0.046595 
d_743 d743 0.054101 0.054101 0.891798 
d_744 d744 0.419078 0.483387 0.097535 
d_745 d745 0.689567 0.231552 0.078880 
d_746 d746 0.194985 0.791613 0.013403 
d_747 d747 0.408345 0.380216 0.211439 
d_748 d748 0.304473 0.650794 0.044733 
d_749 d749 0.064941 0.611311 0.323748 
d_750 d750 0.528265 0.411306 0.060429 
d_751 d751 0.018097 0.963806 0.018097 
d_752 d752 0.033226 0.804930 0.161844 
d_753 d753 0.254371 0.626622 0.119007 
d_754 d754 0.298746 0.661911 0.039343 
d_755 d755 0.311851 0.677050 0.011099 
d_756 d756 0.177388 0.762183 0.060429 
d_757 d757 0.278778 0.475177 0.246045 
d_758 d758 0.116018 0.767964 0.116018 
d_759 d759 0.739732 0.220925 0.039343 
d_760 d760 0.628536 0.333333 0.038130 
d_761 d761 0.053123 0.928780 0.018097 
d_762 d762 0.609084 0.365775 0.025142 
d_763 d763 0.654066 0.310424 0.035510 
d_764 d764 0.231032 0.742540 0.026428 
d_765 d765 0.155180 0.774027 0.070792 
d_766 d766 0.143017 0.630003 0.226980 
d_767 d767 0.113553 0.113553 0.772894 
d_768 d768 0.207321 0.135314 0.657366 
d_769 d769 0.052927 0.515598 0.431476 
d_770 d770 0.027853 0.297394 0.674753 
d_771 d771 0.143760 0.712480 0.143760 
d_772 d772 0.290369 0.397780 0.311851 
d_773 d773 0.464604 0.042663 0.492733 
d_774 d774 0.143760 0.143760 0.712480 
d_775 d775 0.033226 0.354770 0.612004 
d_776 d776 0.057135 0.577038 0.365827 
d_777 d777 0.422025 0.067258 0.510717 
d_778 d778 0.200140 0.305293 0.494567 
d_779 d779 0.457828 0.159041 0.383131 
d_780 d780 0.068433 0.863135 0.068433 
d_781 d781 0.447881 0.447881 0.104238 
d_782 d782 0.186689 0.761985 0.051325 
d_783 d783 0.100729 0.656613 0.242657 
d_784 d784 0.314340 0.542260 0.143400 
d_785 d785 0.772756 0.170119 0.057125 
d_786 d786 0.215339 0.569322 0.215339 
d_787 d787 0.035510 0.104238 0.860252 
d_788 d788 0.365029 0.016376 0.618595 
d_789 d789 0.183978 0.306178 0.509844 
d_790 d790 0.106865 0.191791 0.701345 
d_791 d791 0.528265 0.411306 0.060429 
d_792 d792 0.123575 0.397173 0.479252 
d_793 d793 0.061779 0.224711 0.713510 
d_794 d794 0.054101 0.368237 0.577661 
d_795 d795 0.161844 0.033226 0.804930 
d_796 d796 0.679538 0.173546 0.146915 
d_797 d797 0.351303 0.081761 0.566936 
d_798 d798 0.411306 0.177388 0.411306 
d_799 d799 0.376978 0.540644 0.082379 
d_800 d800 0.231552 0.078880 0.689567 
d_801 d801 0.038130 0.111931 0.849938 
d_802 d802 0.020222 0.059361 0.920417 
d_803 d803 0.038130 0.407134 0.554736 
d_804 d804 0.041169 0.200531 0.758300 
d_805 d805 0.111931 0.111931 0.776138 
d_806 d806 0.257360 0.143400 0.599240 
d_807 d807 0.127647 0.708409 0.163944 
d_808 d808 0.193228 0.753649 0.053123 
d_809 d809 0.404105 0.573956 0.021939 
d_810 d810 0.021939 0.956122 0.021939 
d_811 d811 0.053123 0.613543 0.333333 
d_812 d812 0.033226 0.869239 0.097535 
d_813 d813 0.114201 0.695744 0.190055 
d_814 d814 0.060429 0.060429 0.879142 
d_815 d815 0.418028 0.454325 0.127647 
d_816 d816 0.740622 0.226152 0.033226 
d_817 d817 0.177388 0.528265 0.294347 
d_818 d818 0.317841 0.364317 0.317841 
d_819 d819 0.697426 0.283114 0.019460 
d_820 d820 0.207784 0.433773 0.358443 
d_821 d821 0.210029 0.160707 0.629264 
d_822 d822 0.091641 0.877140 0.031219 
d_823 d823 0.180578 0.376978 0.442444 
d_824 d824 0.041169 0.439575 0.519256 
d_825 d825 0.122717 0.483774 0.393510 
d_826 d826 0.259533 0.038130 0.702337 
d_827 d827 0.217893 0.044733 0.737374 
d_828 d828 0.200531 0.359894 0.439575 
d_829 d829 0.207784 0.019460 0.772756 
d_830 d830 0.304473 0.044733 0.650794 
d_831 d831 0.236422 0.478700 0.284878 
d_832 d832 0.568167 0.411611 0.020222 
d_833 d833 0.238547 0.522907 0.238547 
d_834 d834 0.702337 0.259533 0.038130 
d_835 d835 0.547696 0.161844 0.290461 
d_836 d836 0.302398 0.348801 0.348801 
d_837 d837 0.149328 0.828733 0.021939 
d_838 d838 0.837981 0.041169 0.120850 
d_839 d839 0.333333 0.200178 0.466489 
d_840 d840 0.371320 0.599240 0.029440 
d_841 d841 0.135669 0.674753 0.189578 
d_842 d842 0.215917 0.255055 0.529028 
d_843 d843 0.091641 0.816717 0.091641 
d_844 d844 0.098500 0.881279 0.020222 
d_845 d845 0.598234 0.068433 0.333333 
d_846 d846 0.842239 0.078880 0.078880 
d_847 d847 0.155950 0.555063 0.288987 
d_848 d848 0.490623 0.200242 0.309135 
d_849 d849 0.297394 0.081761 0.620845 
d_850 d850 0.224044 0.671138 0.104819 
d_851 d851 0.426285 0.472760 0.100955 
d_852 d852 0.200883 0.200883 0.598234 
d_853 d853 0.333333 0.215917 0.450750 
d_854 d854 0.578517 0.263281 0.158202 
d_855 d855 0.565985 0.253109 0.180907 
d_856 d856 0.782570 0.081761 0.135669 
d_857 d857 0.889897 0.091349 0.018754 
d_858 d858 0.447881 0.447881 0.104238 
d_859 d859 0.803001 0.020222 0.176778 
d_860 d860 0.695871 0.091641 0.212487 
d_861 d861 0.486786 0.486786 0.026428 
d_862 d862 0.411306 0.060429 0.528265 
d_863 d863 0.096215 0.698130 0.205654 
d_864 d864 0.405211 0.513028 0.081761 
d_865 d865 0.128730 0.435635 0.435635 
d_866 d866 0.048973 0.143760 0.807267 
d_867 d867 0.163186 0.812838 0.023975 
d_868 d868 0.755069 0.025142 0.219789 
d_869 d869 0.137049 0.515598 0.347354 
d_870 d870 0.299295 0.474350 0.226355 
d_871 d871 0.127051 0.520863 0.352086 
d_872 d872 0.689567 0.231552 0.078880 
d_873 d873 0.350627 0.350627 0.298746 
d_874 d874 0.428377 0.143245 0.428377 
d_875 d875 0.594606 0.316477 0.088917 
d_876 d876 0.194237 0.760556 0.045206 
d_877 d877 0.389735 0.592781 0.017484 
d_878 d878 0.054101 0.787086 0.158813 
d_879 d879 0.025142 0.609084 0.365775 
d_880 d880 0.132454 0.094790 0.772756 
d_881 d881 0.612603 0.290369 0.097028 
d_882 d882 0.837981 0.120850 0.041169 
d_883 d883 0.464604 0.464604 0.070792 
d_884 d884 0.200242 0.454325 0.345433 
d_885 d885 0.454179 0.152064 0.393756 
d_886 d886 0.021939 0.361642 0.616419 
d_887 d887 0.236540 0.127647 0.635814 
d_888 d888 0.459119 0.405211 0.135669 
d_889 d889 0.628536 0.038130 0.333333 
d_890 d890 0.333333 0.435635 0.231032 
d_891 d891 0.131517 0.555331 0.313152 
d_892 d892 0.422588 0.257810 0.319602 
d_893 d893 0.190055 0.569322 0.240624 
d_894 d894 0.261649 0.200205 0.538146 
d_895 d895 0.014534 0.633380 0.352086 
d_896 d896 0.304390 0.217559 0.478051 
d_897 d897 0.239747 0.685659 0.074594 
d_898 d898 0.061779 0.794976 0.143245 
d_899 d899 0.547640 0.356502 0.095859 
d_900 d900 0.152064 0.272910 0.575025 
d_901 d901 0.185732 0.111931 0.702337 
d_902 d902 0.115112 0.409711 0.475177 
d_903 d903 0.015873 0.538146 0.445981 
d_904 d904 0.577661 0.054101 0.368237 
d_905 d905 0.054101 0.158813 0.787086 
d_906 d906 0.728144 0.254371 0.017484 
d_907 d907 0.459119 0.459119 0.081761 
d_908 d908 0.589088 0.231032 0.179881 
d_909 d909 0.418028 0.272837 0.309135 
d_910 d910 0.242806 0.611381 0.145813 
d_911 d911 0.723689 0.241485 0.034826 
d_912 d912 0.303404 0.662551 0.034044 
d_913 d913 0.697426 0.283114 0.019460 
d_914 d914 0.111604 0.688101 0.200296 
d_915 d915 0.073804 0.317113 0.609084 
d_916 d916 0.411306 0.411306 0.177388 
d_917 d917 0.091641 0.695871 0.212487 
d_918 d918 0.156839 0.806659 0.036502 
d_919 d919 0.365775 0.268451 0.365775 
d_920 d920 0.937563 0.031219 0.031219 
d_921 d921 0.180219 0.366439 0.453342 
d_922 d922 0.254282 0.299454 0.446264 
d_923 d923 0.181310 0.489828 0.328862 
d_924 d924 0.415259 0.353815 0.230927 
d_925 d925 0.622097 0.245449 0.132454 
d_926 d926 0.068433 0.333333 0.598234 
d_927 d927 0.135669 0.135669 0.728661 
d_928 d928 0.454325 0.526921 0.018754 
d_929 d929 0.368360 0.088149 0.543491 
d_930 d930 0.483709 0.161475 0.354816 
d_931 d931 0.384224 0.536896 0.078880 
d_932 d932 0.016376 0.269942 0.713682 
d_933 d933 0.127974 0.293263 0.578763 
d_934 d934 0.231032 0.435635 0.333333 
d_935 d935 0.246045 0.475177 0.278778 
d_936 d936 0.172967 0.172967 0.654066 
d_937 d937 0.018097 0.263281 0.718622 
d_938 d938 0.068433 0.333333 0.598234 
d_939 d939 0.712480 0.238547 0.048973 
d_940 d940 0.536896 0.384224 0.078880 
d_941 d941 0.902054 0.048973 0.048973 
d_942 d942 0.777230 0.210029 0.012741 
d_943 d943 0.077579 0.486786 0.435635 
d_944 d944 0.525575 0.010642 0.463783 
d_945 d945 0.396108 0.019460 0.584432 
d_946 d946 0.309135 0.672111 0.018754 
d_947 d947 0.259533 0.111931 0.628536 
d_948 d948 0.026428 0.333333 0.640239 
d_949 d949 0.146915 0.679538 0.173546 
d_950 d950 0.131313 0.477633 0.391053 
d_951 d951 0.029440 0.314340 0.656220 
d_952 d952 0.023975 0.209590 0.766435 
d_953 d953 0.078880 0.384224 0.536896 
d_954 d954 0.530621 0.037402 0.431977 
d_955 d955 0.017484 0.051325 0.931190 
d_956 d956 0.161844 0.354770 0.483387 
d_957 d957 0.152848 0.322053 0.525099 
d_958 d958 0.493468 0.088917 0.417615 
d_959 d959 0.180578 0.311511 0.507911 
d_960 d960 0.038130 0.038130 0.923739 
d_961 d961 0.742540 0.077579 0.179881 
d_962 d962 0.068433 0.068433 0.863135 
d_963 d963 0.033226 0.097535 0.869239 
d_964 d964 0.507911 0.475177 0.016912 
d_965 d965 0.384224 0.231552 0.384224 
d_966 d966 0.333333 0.088149 0.578517 
d_967 d967 0.027853 0.836478 0.135669 
d_968 d968 0.023975 0.488012 0.488012 
d_969 d969 0.511760 0.219789 0.268451 
d_970 d970 0.158202 0.473438 0.368360 
d_971 d971 0.622097 0.019460 0.358443 
d_972 d972 0.368384 0.200140 0.431476 
d_973 d973 0.151699 0.757148 0.091154 
d_974 d974 0.280212 0.041169 0.678619 
d_975 d975 0.170119 0.019460 0.810421 
d_976 d976 0.068855 0.479252 0.451892 
d_977 d977 0.155950 0.422025 0.422025 
d_978 d978 0.654066 0.172967 0.172967 
d_979 d979 0.280212 0.200531 0.519256 
d_980 d980 0.200531 0.120850 0.678619 
d_981 d981 0.268451 0.657745 0.073804 
d_982 d982 0.528265 0.411306 0.060429 
d_983 d983 0.143400 0.029440 0.827160 
d_984 d984 0.241695 0.447881 0.310424 
d_985 d985 0.104238 0.585338 0.310424 
d_986 d986 0.068433 0.068433 0.863135 
d_987 d987 0.127051 0.070792 0.802157 
d_988 d988 0.267698 0.633380 0.098922 
d_989 d989 0.923415 0.057125 0.019460 
d_990 d990 0.483387 0.290461 0.226152 
d_991 d991 0.191791 0.446568 0.361642 
d_992 d992 0.020222 0.685584 0.294194 
d_993 d993 0.170119 0.320778 0.509102 
d_994 d994 0.871196 0.106865 0.021939 
d_995 d995 0.018097 0.613543 0.368360 
d_996 d996 0.091641 0.877140 0.031219 
d_997 d997 0.038130 0.849938 0.111931 
d_998 d998 0.384484 0.486786 0.128730 
d_999 d999 0.116783 0.673627 0.209590 
d_1000 d1000 0.469111 0.469111 0.061779 
d_1001 d1001 0.025142 0.122466 0.852393 
d_1002 d1002 0.263281 0.578517 0.158202 
d_1003 d1003 0.054101 0.158813 0.787086 
d_1004 d1004 0.200883 0.598234 0.200883 
d_1005 d1005 0.557659 0.431476 0.010866 
d_1006 d1006 0.333333 0.022912 0.643755 
d_1007 d1007 0.283114 0.207784 0.509102 
d_1008 d1008 0.268451 0.025142 0.706407 
d_1009 d1009 0.068433 0.730684 0.200883 
d_1010 d1010 0.219789 0.171127 0.609084 
d_1011 d1011 0.257360 0.713200 0.029440 
d_1012 d1012 0.319179 0.404105 0.276716 
d_1013 d1013 0.097535 0.290461 0.612004 
d_1014 d1014 0.131313 0.823954 0.044733 
d_1015 d1015 0.672777 0.306178 0.021045 
d_1016 d1016 0.031219 0.695871 0.272910 
d_1017 d1017 0.580820 0.070379 0.348801 
d_1018 d1018 0.902054 0.048973 0.048973 
d_1019 d1019 0.589088 0.231032 0.179881 
d_1020 d1020 0.283656 0.402881 0.313462 
d_1021 d1021 0.155950 0.599409 0.244642 
d_1022 d1022 0.433773 0.057125 0.509102 
d_1023 d1023 0.049786 0.702605 0.247610 
d_1024 d1024 0.638843 0.344244 0.016912 
d_1025 d1025 0.616419 0.361642 0.021939 
d_1026 d1026 0.086420 0.827160 0.086420 
d_1027 d1027 0.108039 0.507424 0.384537 
d_1028 d1028 0.255055 0.724723 0.020222 
