d_0 d0 0.038130 0.923739 0.038130 
d_1 d1 0.035510 0.172967 0.791523 
d_2 d2 0.744707 0.163944 0.091349 
d_3 d3 0.120850 0.041169 0.837981 
d_4 d4 0.396108 0.132454 0.471438 
d_5 d5 0.021939 0.021939 0.956122 
d_6 d6 0.059361 0.137639 0.803001 
d_7 d7 0.027853 0.674753 0.297394 
d_8 d8 0.026428 0.691390 0.282182 
d_9 d9 0.730684 0.200883 0.068433 
d_10 d10 0.054101 0.891798 0.054101 
d_11 d11 0.066920 0.561687 0.371392 
d_12 d12 0.035510 0.310424 0.654066 
d_13 d13 0.268451 0.706407 0.025142 
d_14 d14 0.435174 0.106150 0.458676 
d_15 d15 0.231552 0.078880 0.689567 
d_16 d16 0.060429 0.528265 0.411306 
d_17 d17 0.244642 0.200296 0.555063 
d_18 d18 0.231032 0.486786 0.282182 
d_19 d19 0.027853 0.566936 0.405211 
d_20 d20 0.029440 0.884141 0.086420 
d_21 d21 0.272910 0.152064 0.575025 
d_22 d22 0.617694 0.333333 0.048973 
d_23 d23 0.348801 0.116783 0.534416 
d_24 d24 0.303404 0.527871 0.168724 
d_25 d25 0.106865 0.021939 0.871196 
d_26 d26 0.514602 0.031219 0.454179 
d_27 d27 0.044733 0.823954 0.131313 
d_28 d28 0.213312 0.115112 0.671577 
d_29 d29 0.014136 0.533972 0.451892 
d_30 d30 0.054101 0.891798 0.054101 
d_31 d31 0.372472 0.176778 0.450750 
d_32 d32 0.012435 0.710389 0.277176 
d_33 d33 0.019460 0.245449 0.735091 
d_34 d34 0.039343 0.635971 0.324687 
d_35 d35 0.014534 0.886545 0.098922 
d_36 d36 0.333333 0.598234 0.068433 
d_37 d37 0.027853 0.944295 0.027853 
d_38 d38 0.026428 0.947144 0.026428 
d_39 d39 0.176778 0.763862 0.059361 
d_40 d40 0.017484 0.795826 0.186689 
d_41 d41 0.088149 0.858727 0.053123 
d_42 d42 0.029440 0.713200 0.257360 
d_43 d43 0.191791 0.701345 0.106865 
d_44 d44 0.177388 0.645224 0.177388 
d_45 d45 0.246045 0.737043 0.016912 
d_46 d46 0.120850 0.678619 0.200531 
d_47 d47 0.041169 0.120850 0.837981 
d_48 d48 0.176778 0.137639 0.685584 
d_49 d49 0.359198 0.591982 0.048820 
d_50 d50 0.333333 0.617694 0.048973 
d_51 d51 0.294347 0.645224 0.060429 
d_52 d52 0.068433 0.200883 0.730684 
d_53 d53 0.137639 0.842140 0.020222 
d_54 d54 0.243486 0.566936 0.189578 
d_55 d55 0.064467 0.907730 0.027803 
d_56 d56 0.704310 0.278778 0.016912 
d_57 d57 0.262205 0.475590 0.262205 
d_58 d58 0.068855 0.780210 0.150935 
d_59 d59 0.233738 0.681917 0.084345 
d_60 d60 0.407134 0.111931 0.480935 
d_61 d61 0.022912 0.909830 0.067258 
d_62 d62 0.413227 0.306702 0.280071 
d_63 d63 0.045206 0.939394 0.015400 
d_64 d64 0.152064 0.635448 0.212487 
d_65 d65 0.175421 0.731548 0.093031 
d_66 d66 0.035510 0.654066 0.310424 
d_67 d67 0.428377 0.509844 0.061779 
d_68 d68 0.290461 0.676313 0.033226 
d_69 d69 0.251756 0.727623 0.020621 
d_70 d70 0.104591 0.661528 0.233880 
d_71 d71 0.177388 0.177388 0.645224 
d_72 d72 0.143760 0.048973 0.807267 
d_73 d73 0.200531 0.041169 0.758300 
d_74 d74 0.013403 0.869434 0.117164 
d_75 d75 0.013403 0.843493 0.143104 
d_76 d76 0.143400 0.314340 0.542260 
d_77 d77 0.051325 0.829667 0.119007 
d_78 d78 0.890386 0.027853 0.081761 
d_79 d79 0.111931 0.038130 0.849938 
d_80 d80 0.450421 0.340651 0.208928 
d_81 d81 0.439575 0.200531 0.359894 
d_82 d82 0.650794 0.217893 0.131313 
d_83 d83 0.396108 0.584432 0.019460 
d_84 d84 0.428300 0.086420 0.485280 
d_85 d85 0.756294 0.152064 0.091641 
d_86 d86 0.238246 0.111463 0.650291 
d_87 d87 0.048973 0.048973 0.902054 
d_88 d88 0.152848 0.761985 0.085166 
d_89 d89 0.099158 0.889499 0.011343 
d_90 d90 0.068433 0.863135 0.068433 
d_91 d91 0.106865 0.786270 0.106865 
d_92 d92 0.185732 0.702337 0.111931 
d_93 d93 0.044733 0.823954 0.131313 
d_94 d94 0.022912 0.954176 0.022912 
d_95 d95 0.238547 0.617694 0.143760 
d_96 d96 0.291372 0.543142 0.165486 
d_97 d97 0.495935 0.134015 0.370050 
d_98 d98 0.217893 0.131313 0.650794 
d_99 d99 0.183978 0.794976 0.021045 
d_100 d100 0.026428 0.793691 0.179881 
d_101 d101 0.650794 0.044733 0.304473 
d_102 d102 0.171127 0.560422 0.268451 
d_103 d103 0.021045 0.509844 0.469111 
d_104 d104 0.155950 0.022912 0.821138 
d_105 d105 0.578517 0.263281 0.158202 
d_106 d106 0.060429 0.411306 0.528265 
d_107 d107 0.158813 0.263525 0.577661 
d_108 d108 0.031219 0.091641 0.877140 
d_109 d109 0.230927 0.568868 0.200205 
d_110 d110 0.183310 0.774027 0.042663 
d_111 d111 0.411306 0.411306 0.177388 
d_112 d112 0.138761 0.783922 0.077317 
d_113 d113 0.120850 0.041169 0.837981 
d_114 d114 0.041169 0.598938 0.359894 
d_115 d115 0.404105 0.064402 0.531493 
d_116 d116 0.111931 0.185732 0.702337 
d_117 d117 0.206204 0.709636 0.084160 
d_118 d118 0.281604 0.378597 0.339800 
d_119 d119 0.048973 0.902054 0.048973 
d_120 d120 0.143104 0.843493 0.013403 
d_121 d121 0.722478 0.015873 0.261649 
d_122 d122 0.163739 0.830002 0.006259 
d_123 d123 0.377745 0.303726 0.318529 
d_124 d124 0.034044 0.931912 0.034044 
d_125 d125 0.505680 0.012143 0.482178 
d_126 d126 0.033226 0.547696 0.419078 
d_127 d127 0.735091 0.245449 0.019460 
d_128 d128 0.009301 0.567357 0.423342 
d_129 d129 0.359894 0.359894 0.280212 
d_130 d130 0.643755 0.333333 0.022912 
d_131 d131 0.068433 0.333333 0.598234 
d_132 d132 0.172967 0.791523 0.035510 
d_133 d133 0.111931 0.776138 0.111931 
d_134 d134 0.255531 0.722344 0.022125 
d_135 d135 0.441776 0.519236 0.038988 
d_136 d136 0.176655 0.458676 0.364669 
d_137 d137 0.248068 0.519851 0.232081 
d_138 d138 0.538146 0.445981 0.015873 
d_139 d139 0.086420 0.314340 0.599240 
d_140 d140 0.384224 0.231552 0.384224 
d_141 d141 0.842239 0.078880 0.078880 
d_142 d142 0.345904 0.383616 0.270480 
d_143 d143 0.419078 0.226152 0.354770 
d_144 d144 0.435635 0.179881 0.384484 
d_145 d145 0.550577 0.224711 0.224711 
d_146 d146 0.713682 0.016376 0.269942 
d_147 d147 0.947144 0.026428 0.026428 
d_148 d148 0.879142 0.060429 0.060429 
d_149 d149 0.645224 0.060429 0.294347 
d_150 d150 0.108039 0.476703 0.415259 
d_151 d151 0.091641 0.393756 0.514602 
d_152 d152 0.302398 0.163186 0.534416 
d_153 d153 0.135669 0.027853 0.836478 
d_154 d154 0.877140 0.031219 0.091641 
d_155 d155 0.776792 0.067258 0.155950 
d_156 d156 0.347354 0.326323 0.326323 
d_157 d157 0.155950 0.288987 0.555063 
d_158 d158 0.241695 0.172967 0.585338 
d_159 d159 0.155950 0.022912 0.821138 
d_160 d160 0.643755 0.155950 0.200296 
d_161 d161 0.290461 0.612004 0.097535 
d_162 d162 0.200178 0.040391 0.759432 
d_163 d163 0.558465 0.282793 0.158741 
d_164 d164 0.035510 0.035510 0.928981 
d_165 d165 0.217893 0.131313 0.650794 
d_166 d166 0.485280 0.428300 0.086420 
d_167 d167 0.472949 0.054101 0.472949 
d_168 d168 0.695871 0.272910 0.031219 
d_169 d169 0.060429 0.060429 0.879142 
d_170 d170 0.111604 0.288987 0.599409 
d_171 d171 0.228255 0.263281 0.508465 
d_172 d172 0.044733 0.304473 0.650794 
d_173 d173 0.712480 0.048973 0.238547 
d_174 d174 0.384484 0.589088 0.026428 
d_175 d175 0.599240 0.143400 0.257360 
d_176 d176 0.650291 0.238246 0.111463 
d_177 d177 0.472949 0.472949 0.054101 
d_178 d178 0.176778 0.646445 0.176778 
d_179 d179 0.371320 0.143400 0.485280 
d_180 d180 0.245449 0.170119 0.584432 
d_181 d181 0.185732 0.407134 0.407134 
d_182 d182 0.163944 0.272837 0.563218 
d_183 d183 0.376298 0.182957 0.440745 
d_184 d184 0.580820 0.023975 0.395205 
d_185 d185 0.067022 0.386596 0.546383 
d_186 d186 0.575025 0.031219 0.393756 
d_187 d187 0.368360 0.368360 0.263281 
d_188 d188 0.441609 0.023975 0.534416 
d_189 d189 0.163186 0.116783 0.720031 
d_190 d190 0.407134 0.554736 0.038130 
d_191 d191 0.153153 0.576185 0.270662 
d_192 d192 0.088917 0.468184 0.442899 
d_193 d193 0.035510 0.654066 0.310424 
d_194 d194 0.758300 0.041169 0.200531 
d_195 d195 0.226152 0.097535 0.676313 
d_196 d196 0.072841 0.420164 0.506995 
d_197 d197 0.010642 0.113629 0.875729 
d_198 d198 0.104238 0.516609 0.379152 
d_199 d199 0.067258 0.155950 0.776792 
d_200 d200 0.189578 0.566936 0.243486 
d_201 d201 0.111931 0.185732 0.702337 
d_202 d202 0.048973 0.902054 0.048973 
d_203 d203 0.163944 0.018754 0.817302 
d_204 d204 0.486786 0.231032 0.282182 
d_205 d205 0.763862 0.215917 0.020222 
d_206 d206 0.720031 0.209590 0.070379 
d_207 d207 0.200178 0.759432 0.040391 
d_208 d208 0.078880 0.231552 0.689567 
d_209 d209 0.159866 0.656613 0.183521 
d_210 d210 0.119007 0.728144 0.152848 
d_211 d211 0.482413 0.510366 0.007221 
d_212 d212 0.345122 0.645741 0.009136 
d_213 d213 0.059361 0.881279 0.059361 
d_214 d214 0.622769 0.014954 0.362277 
d_215 d215 0.575025 0.152064 0.272910 
d_216 d216 0.097535 0.161844 0.740622 
d_217 d217 0.275446 0.564882 0.159672 
d_218 d218 0.645224 0.294347 0.060429 
d_219 d219 0.598234 0.068433 0.333333 
d_220 d220 0.585338 0.172967 0.241695 
d_221 d221 0.687851 0.091224 0.220925 
d_222 d222 0.702605 0.247610 0.049786 
d_223 d223 0.067022 0.759432 0.173546 
d_224 d224 0.212487 0.454179 0.333333 
d_225 d225 0.038130 0.333333 0.628536 
d_226 d226 0.263525 0.158813 0.577661 
d_227 d227 0.259351 0.111385 0.629264 
d_228 d228 0.143400 0.200380 0.656220 
d_229 d229 0.048973 0.143760 0.807267 
d_230 d230 0.033226 0.226152 0.740622 
d_231 d231 0.200178 0.280071 0.519751 
d_232 d232 0.314340 0.029440 0.656220 
d_233 d233 0.359894 0.598938 0.041169 
d_234 d234 0.120850 0.837981 0.041169 
d_235 d235 0.472949 0.263525 0.263525 
d_236 d236 0.041169 0.280212 0.678619 
d_237 d237 0.171127 0.317113 0.511760 
d_238 d238 0.023975 0.163186 0.812838 
d_239 d239 0.542260 0.428300 0.029440 
d_240 d240 0.384224 0.078880 0.536896 
d_241 d241 0.419078 0.161844 0.419078 
d_242 d242 0.060429 0.177388 0.762183 
d_243 d243 0.061779 0.917176 0.021045 
d_244 d244 0.200380 0.656220 0.143400 
d_245 d245 0.106865 0.871196 0.021939 
d_246 d246 0.044733 0.737374 0.217893 
d_247 d247 0.283656 0.641331 0.075012 
d_248 d248 0.108704 0.878861 0.012435 
d_249 d249 0.104238 0.310424 0.585338 
d_250 d250 0.320778 0.170119 0.509102 
d_251 d251 0.152064 0.031219 0.816717 
d_252 d252 0.163944 0.454325 0.381730 
d_253 d253 0.224044 0.104819 0.671138 
d_254 d254 0.033226 0.226152 0.740622 
d_255 d255 0.910534 0.044733 0.044733 
d_256 d256 0.059361 0.881279 0.059361 
d_257 d257 0.046595 0.415259 0.538146 
d_258 d258 0.513028 0.081761 0.405211 
d_259 d259 0.022912 0.111604 0.865484 
d_260 d260 0.068433 0.598234 0.333333 
d_261 d261 0.252099 0.674519 0.073382 
d_262 d262 0.205654 0.369813 0.424533 
d_263 d263 0.097535 0.676313 0.226152 
d_264 d264 0.143245 0.469111 0.387644 
d_265 d265 0.465784 0.333333 0.200883 
d_266 d266 0.804930 0.161844 0.033226 
d_267 d267 0.852393 0.122466 0.025142 
d_268 d268 0.439858 0.439858 0.120284 
d_269 d269 0.591121 0.397780 0.011099 
d_270 d270 0.172967 0.516609 0.310424 
d_271 d271 0.910534 0.044733 0.044733 
d_272 d272 0.389415 0.200140 0.410445 
d_273 d273 0.234690 0.505960 0.259351 
d_274 d274 0.688101 0.288987 0.022912 
d_275 d275 0.269942 0.206550 0.523508 
d_276 d276 0.021807 0.596933 0.381260 
d_277 d277 0.192062 0.414060 0.393878 
d_278 d278 0.010221 0.208045 0.781734 
d_279 d279 0.044733 0.044733 0.910534 
d_280 d280 0.209590 0.441609 0.348801 
d_281 d281 0.877140 0.031219 0.091641 
d_282 d282 0.378597 0.048820 0.572583 
d_283 d283 0.823954 0.131313 0.044733 
d_284 d284 0.670771 0.150935 0.178295 
d_285 d285 0.139486 0.695744 0.164770 
d_286 d286 0.079870 0.734159 0.185971 
d_287 d287 0.129651 0.505680 0.364669 
d_288 d288 0.122466 0.025142 0.852393 
d_289 d289 0.213875 0.544682 0.241443 
d_290 d290 0.208564 0.395718 0.395718 
d_291 d291 0.018097 0.963806 0.018097 
d_292 d292 0.471438 0.132454 0.396108 
d_293 d293 0.088917 0.569322 0.341761 
d_294 d294 0.021939 0.489030 0.489030 
d_295 d295 0.021045 0.835709 0.143245 
d_296 d296 0.419078 0.161844 0.419078 
d_297 d297 0.438412 0.543491 0.018097 
d_298 d298 0.033226 0.290461 0.676313 
d_299 d299 0.077205 0.867545 0.055251 
d_300 d300 0.038130 0.923739 0.038130 
d_301 d301 0.020222 0.685584 0.294194 
d_302 d302 0.469111 0.509844 0.021045 
d_303 d303 0.143245 0.835709 0.021045 
d_304 d304 0.068433 0.598234 0.333333 
d_305 d305 0.928981 0.035510 0.035510 
d_306 d306 0.134625 0.760556 0.104819 
d_307 d307 0.256262 0.520506 0.223231 
d_308 d308 0.013064 0.721028 0.265908 
d_309 d309 0.411306 0.177388 0.411306 
d_310 d310 0.031219 0.272910 0.695871 
d_311 d311 0.638843 0.180578 0.180578 
d_312 d312 0.520863 0.155180 0.323957 
d_313 d313 0.143760 0.048973 0.807267 
d_314 d314 0.021939 0.701345 0.276716 
d_315 d315 0.038130 0.111931 0.849938 
d_316 d316 0.422025 0.155950 0.422025 
d_317 d317 0.158027 0.383421 0.458552 
d_318 d318 0.272910 0.272910 0.454179 
d_319 d319 0.097028 0.483709 0.419262 
d_320 d320 0.361682 0.248287 0.390031 
d_321 d321 0.057125 0.170119 0.772756 
d_322 d322 0.151699 0.272788 0.575513 
d_323 d323 0.031219 0.514602 0.454179 
d_324 d324 0.072841 0.101785 0.825374 
d_325 d325 0.106150 0.505680 0.388171 
d_326 d326 0.212487 0.031219 0.756294 
d_327 d327 0.284800 0.430399 0.284800 
d_328 d328 0.015873 0.599590 0.384537 
d_329 d329 0.236064 0.460531 0.303404 
d_330 d330 0.070379 0.023975 0.905646 
d_331 d331 0.418028 0.018754 0.563218 
d_332 d332 0.084345 0.289760 0.625895 
d_333 d333 0.489030 0.361642 0.149328 
d_334 d334 0.016912 0.573377 0.409711 
d_335 d335 0.226152 0.161844 0.612004 
d_336 d336 0.243486 0.351303 0.405211 
d_337 d337 0.485280 0.200380 0.314340 
d_338 d338 0.023975 0.255994 0.720031 
d_339 d339 0.023975 0.116783 0.859242 
d_340 d340 0.294164 0.223658 0.482178 
d_341 d341 0.025142 0.025142 0.949716 
d_342 d342 0.014136 0.944368 0.041496 
d_343 d343 0.490623 0.454325 0.055051 
d_344 d344 0.123575 0.479252 0.397173 
d_345 d345 0.520863 0.127051 0.352086 
d_346 d346 0.171127 0.317113 0.511760 
d_347 d347 0.381730 0.055051 0.563218 
d_348 d348 0.163186 0.348801 0.488012 
d_349 d349 0.023975 0.302398 0.673627 
d_350 d350 0.143400 0.542260 0.314340 
d_351 d351 0.027853 0.027853 0.944295 
d_352 d352 0.031219 0.695871 0.272910 
d_353 d353 0.794976 0.183978 0.021045 
d_354 d354 0.060429 0.060429 0.879142 
d_355 d355 0.081761 0.243486 0.674753 
d_356 d356 0.185732 0.185732 0.628536 
d_357 d357 0.179881 0.435635 0.384484 
d_358 d358 0.018097 0.088149 0.893754 
d_359 d359 0.113235 0.304373 0.582392 
d_360 d360 0.577661 0.158813 0.263525 
d_361 d361 0.286997 0.061106 0.651897 
d_362 d362 0.928981 0.035510 0.035510 
d_363 d363 0.566936 0.189578 0.243486 
d_364 d364 0.111463 0.491812 0.396725 
d_365 d365 0.038130 0.259533 0.702337 
d_366 d366 0.111931 0.849938 0.038130 
d_367 d367 0.645224 0.060429 0.294347 
d_368 d368 0.123176 0.578517 0.298307 
d_369 d369 0.454325 0.526921 0.018754 
d_370 d370 0.035510 0.928981 0.035510 
d_371 d371 0.333333 0.529028 0.137639 
d_372 d372 0.433773 0.019460 0.546767 
d_373 d373 0.310424 0.654066 0.035510 
d_374 d374 0.054101 0.054101 0.891798 
d_375 d375 0.403386 0.578517 0.018097 
d_376 d376 0.577661 0.158813 0.263525 
d_377 d377 0.772756 0.019460 0.207784 
d_378 d378 0.361642 0.616419 0.021939 
d_379 d379 0.200296 0.333333 0.466371 
d_380 d380 0.177388 0.528265 0.294347 
d_381 d381 0.043898 0.767487 0.188616 
d_382 d382 0.580820 0.116783 0.302398 
d_383 d383 0.577661 0.158813 0.263525 
d_384 d384 0.391053 0.564214 0.044733 
d_385 d385 0.776792 0.155950 0.067258 
d_386 d386 0.010221 0.682822 0.306957 
d_387 d387 0.038130 0.923739 0.038130 
d_388 d388 0.376567 0.532209 0.091224 
d_389 d389 0.367046 0.619890 0.013064 
d_390 d390 0.640239 0.231032 0.128730 
d_391 d391 0.038130 0.407134 0.554736 
d_392 d392 0.691756 0.292371 0.015873 
d_393 d393 0.194985 0.402508 0.402508 
d_394 d394 0.345433 0.055051 0.599516 
d_395 d395 0.060429 0.177388 0.762183 
d_396 d396 0.485280 0.428300 0.086420 
d_397 d397 0.564214 0.044733 0.391053 
d_398 d398 0.689567 0.231552 0.078880 
d_399 d399 0.033226 0.161844 0.804930 
d_400 d400 0.176778 0.098500 0.724723 
d_401 d401 0.031219 0.272910 0.695871 
d_402 d402 0.029440 0.656220 0.314340 
d_403 d403 0.456638 0.456638 0.086724 
d_404 d404 0.148506 0.831936 0.019557 
d_405 d405 0.077579 0.844842 0.077579 
d_406 d406 0.044733 0.910534 0.044733 
d_407 d407 0.267698 0.717768 0.014534 
d_408 d408 0.218523 0.746651 0.034826 
d_409 d409 0.152848 0.761985 0.085166 
d_410 d410 0.025142 0.706407 0.268451 
d_411 d411 0.302398 0.255994 0.441609 
d_412 d412 0.531493 0.446568 0.021939 
d_413 d413 0.177388 0.177388 0.645224 
d_414 d414 0.404105 0.361642 0.234253 
d_415 d415 0.628536 0.333333 0.038130 
d_416 d416 0.403386 0.368360 0.228255 
d_417 d417 0.359894 0.439575 0.200531 
d_418 d418 0.186689 0.457417 0.355894 
d_419 d419 0.128730 0.077579 0.793691 
d_420 d420 0.226152 0.033226 0.740622 
d_421 d421 0.104238 0.104238 0.791523 
d_422 d422 0.317113 0.268451 0.414436 
d_423 d423 0.158202 0.333333 0.508465 
d_424 d424 0.626622 0.085166 0.288212 
d_425 d425 0.528265 0.294347 0.177388 
d_426 d426 0.355894 0.085166 0.558940 
d_427 d427 0.120850 0.120850 0.758300 
d_428 d428 0.650794 0.044733 0.304473 
d_429 d429 0.345433 0.055051 0.599516 
d_430 d430 0.128730 0.128730 0.742540 
d_431 d431 0.241695 0.172967 0.585338 
d_432 d432 0.428377 0.143245 0.428377 
d_433 d433 0.207784 0.697426 0.094790 
d_434 d434 0.170119 0.772756 0.057125 
d_435 d435 0.116783 0.441609 0.441609 
d_436 d436 0.616051 0.096215 0.287734 
d_437 d437 0.119007 0.254371 0.626622 
d_438 d438 0.379152 0.585338 0.035510 
d_439 d439 0.143400 0.257360 0.599240 
d_440 d440 0.572765 0.078938 0.348298 
d_441 d441 0.577661 0.054101 0.368237 
d_442 d442 0.459119 0.027853 0.513028 
d_443 d443 0.555063 0.155950 0.288987 
d_444 d444 0.317113 0.171127 0.511760 
d_445 d445 0.460531 0.191171 0.348298 
d_446 d446 0.027853 0.890386 0.081761 
d_447 d447 0.127647 0.526921 0.345433 
d_448 d448 0.025142 0.609084 0.365775 
d_449 d449 0.094988 0.620750 0.284262 
d_450 d450 0.290461 0.612004 0.097535 
d_451 d451 0.351303 0.566936 0.081761 
d_452 d452 0.476703 0.046595 0.476703 
d_453 d453 0.393756 0.575025 0.031219 
d_454 d454 0.735091 0.094790 0.170119 
d_455 d455 0.480935 0.407134 0.111931 
d_456 d456 0.295274 0.485569 0.219156 
d_457 d457 0.739732 0.194985 0.065283 
d_458 d458 0.104819 0.790363 0.104819 
d_459 d459 0.371320 0.599240 0.029440 
d_460 d460 0.301638 0.048072 0.650291 
d_461 d461 0.337421 0.410995 0.251584 
d_462 d462 0.598938 0.041169 0.359894 
d_463 d463 0.038130 0.038130 0.923739 
d_464 d464 0.120284 0.839325 0.040391 
d_465 d465 0.275446 0.535938 0.188616 
d_466 d466 0.612004 0.354770 0.033226 
d_467 d467 0.040391 0.573014 0.386596 
d_468 d468 0.034044 0.954358 0.011597 
d_469 d469 0.282182 0.537937 0.179881 
d_470 d470 0.143400 0.827160 0.029440 
d_471 d471 0.391053 0.304473 0.304473 
d_472 d472 0.737043 0.180578 0.082379 
d_473 d473 0.282182 0.077579 0.640239 
d_474 d474 0.177388 0.060429 0.762183 
d_475 d475 0.879142 0.060429 0.060429 
d_476 d476 0.278778 0.180578 0.540644 
d_477 d477 0.135669 0.135669 0.728661 
d_478 d478 0.077579 0.691390 0.231032 
d_479 d479 0.021939 0.956122 0.021939 
d_480 d480 0.131313 0.823954 0.044733 
d_481 d481 0.243486 0.405211 0.351303 
d_482 d482 0.575025 0.152064 0.272910 
d_483 d483 0.086420 0.428300 0.485280 
d_484 d484 0.231552 0.384224 0.384224 
d_485 d485 0.466371 0.288987 0.244642 
d_486 d486 0.333333 0.333333 0.333333 
d_487 d487 0.023975 0.023975 0.952049 
d_488 d488 0.143400 0.029440 0.827160 
d_489 d489 0.025142 0.025142 0.949716 
d_490 d490 0.054101 0.054101 0.891798 
d_491 d491 0.011864 0.379258 0.608879 
d_492 d492 0.306178 0.550577 0.143245 
d_493 d493 0.073804 0.803731 0.122466 
d_494 d494 0.010023 0.766570 0.223408 
d_495 d495 0.104819 0.790363 0.104819 
d_496 d496 0.192789 0.797739 0.009471 
d_497 d497 0.495176 0.476502 0.028322 
d_498 d498 0.178009 0.607194 0.214797 
d_499 d499 0.447881 0.447881 0.104238 
d_500 d500 0.532209 0.091224 0.376567 
d_501 d501 0.884141 0.029440 0.086420 
d_502 d502 0.575025 0.393756 0.031219 
d_503 d503 0.701345 0.234253 0.064402 
d_504 d504 0.027853 0.405211 0.566936 
d_505 d505 0.630312 0.169483 0.200205 
d_506 d506 0.365029 0.016376 0.618595 
d_507 d507 0.737374 0.217893 0.044733 
d_508 d508 0.659761 0.320778 0.019460 
d_509 d509 0.566770 0.113629 0.319602 
d_510 d510 0.514602 0.152064 0.333333 
d_511 d511 0.617694 0.333333 0.048973 
d_512 d512 0.333333 0.238547 0.428120 
d_513 d513 0.509102 0.019460 0.471438 
d_514 d514 0.218523 0.585917 0.195561 
d_515 d515 0.645224 0.177388 0.177388 
d_516 d516 0.348801 0.302398 0.348801 
d_517 d517 0.068433 0.598234 0.333333 
d_518 d518 0.884141 0.086420 0.029440 
d_519 d519 0.048973 0.522907 0.428120 
d_520 d520 0.163186 0.116783 0.720031 
d_521 d521 0.189578 0.674753 0.135669 
d_522 d522 0.077102 0.678081 0.244817 
d_523 d523 0.127647 0.817302 0.055051 
d_524 d524 0.368237 0.158813 0.472949 
d_525 d525 0.031219 0.031219 0.937563 
d_526 d526 0.253850 0.492300 0.253850 
d_527 d527 0.333333 0.244642 0.422025 
d_528 d528 0.310943 0.344528 0.344528 
d_529 d529 0.327109 0.121693 0.551198 
d_530 d530 0.469111 0.306178 0.224711 
d_531 d531 0.516609 0.447881 0.035510 
d_532 d532 0.428377 0.224711 0.346911 
d_533 d533 0.325311 0.517850 0.156839 
d_534 d534 0.068433 0.068433 0.863135 
d_535 d535 0.068433 0.068433 0.863135 
d_536 d536 0.200531 0.041169 0.758300 
d_537 d537 0.241695 0.379152 0.379152 
d_538 d538 0.547696 0.161844 0.290461 
d_539 d539 0.584432 0.396108 0.019460 
d_540 d540 0.131313 0.044733 0.823954 
d_541 d541 0.068433 0.068433 0.863135 
d_542 d542 0.344244 0.573377 0.082379 
d_543 d543 0.740622 0.161844 0.097535 
d_544 d544 0.869239 0.097535 0.033226 
d_545 d545 0.287734 0.506612 0.205654 
d_546 d546 0.161844 0.419078 0.419078 
d_547 d547 0.240624 0.544037 0.215339 
d_548 d548 0.073804 0.511760 0.414436 
d_549 d549 0.823954 0.131313 0.044733 
d_550 d550 0.514602 0.152064 0.333333 
d_551 d551 0.441609 0.255994 0.302398 
d_552 d552 0.020222 0.059361 0.920417 
d_553 d553 0.314340 0.257360 0.428300 
d_554 d554 0.598938 0.041169 0.359894 
d_555 d555 0.409451 0.009832 0.580717 
d_556 d556 0.821138 0.067258 0.111604 
d_557 d557 0.443186 0.072434 0.484380 
d_558 d558 0.592781 0.152848 0.254371 
d_559 d559 0.048973 0.048973 0.902054 
d_560 d560 0.464604 0.380216 0.155180 
d_561 d561 0.310943 0.411699 0.277358 
d_562 d562 0.689567 0.078880 0.231552 
d_563 d563 0.781004 0.200242 0.018754 
d_564 d564 0.673627 0.209590 0.116783 
d_565 d565 0.217559 0.130728 0.651712 
d_566 d566 0.554736 0.038130 0.407134 
d_567 d567 0.101785 0.651712 0.246503 
d_568 d568 0.304473 0.650794 0.044733 
d_569 d569 0.525099 0.085166 0.389735 
d_570 d570 0.377679 0.067258 0.555063 
d_571 d571 0.075012 0.700944 0.224044 
d_572 d572 0.268451 0.317113 0.414436 
d_573 d573 0.217559 0.535938 0.246503 
d_574 d574 0.116783 0.209590 0.673627 
d_575 d575 0.452506 0.452506 0.094988 
d_576 d576 0.078880 0.231552 0.689567 
d_577 d577 0.472949 0.472949 0.054101 
d_578 d578 0.209590 0.766435 0.023975 
d_579 d579 0.294347 0.060429 0.645224 
d_580 d580 0.813814 0.093093 0.093093 
d_581 d581 0.599516 0.381730 0.018754 
d_582 d582 0.038130 0.554736 0.407134 
d_583 d583 0.171127 0.171127 0.657745 
d_584 d584 0.756294 0.031219 0.212487 
d_585 d585 0.419078 0.226152 0.354770 
d_586 d586 0.067258 0.821138 0.111604 
d_587 d587 0.029440 0.656220 0.314340 
d_588 d588 0.224711 0.754243 0.021045 
d_589 d589 0.269942 0.681986 0.048072 
d_590 d590 0.035510 0.447881 0.516609 
d_591 d591 0.231552 0.689567 0.078880 
d_592 d592 0.402220 0.241485 0.356295 
d_593 d593 0.047891 0.847130 0.104979 
d_594 d594 0.379152 0.516609 0.104238 
d_595 d595 0.041169 0.439575 0.519256 
d_596 d596 0.067258 0.466371 0.466371 
d_597 d597 0.417257 0.385785 0.196958 
d_598 d598 0.054101 0.577661 0.368237 
d_599 d599 0.037402 0.875873 0.086724 
d_600 d600 0.333333 0.407134 0.259533 
d_601 d601 0.280071 0.333333 0.386596 
d_602 d602 0.241485 0.631841 0.126674 
d_603 d603 0.682373 0.158813 0.158813 
d_604 d604 0.231032 0.282182 0.486786 
d_605 d605 0.661911 0.324687 0.013403 
d_606 d606 0.029440 0.314340 0.656220 
d_607 d607 0.325851 0.640105 0.034044 
d_608 d608 0.163944 0.091349 0.744707 
d_609 d609 0.737374 0.217893 0.044733 
d_610 d610 0.472949 0.158813 0.368237 
d_611 d611 0.131313 0.044733 0.823954 
d_612 d612 0.028322 0.383131 0.588547 
d_613 d613 0.923739 0.038130 0.038130 
d_614 d614 0.645224 0.294347 0.060429 
d_615 d615 0.536896 0.078880 0.384224 
d_616 d616 0.465784 0.465784 0.068433 
d_617 d617 0.509102 0.132454 0.358443 
d_618 d618 0.910534 0.044733 0.044733 
d_619 d619 0.411611 0.529028 0.059361 
d_620 d620 0.516609 0.172967 0.310424 
d_621 d621 0.172967 0.172967 0.654066 
d_622 d622 0.131313 0.217893 0.650794 
d_623 d623 0.314340 0.200380 0.485280 
d_624 d624 0.033226 0.161844 0.804930 
d_625 d625 0.441609 0.023975 0.534416 
d_626 d626 0.031219 0.091641 0.877140 
d_627 d627 0.097535 0.419078 0.483387 
d_628 d628 0.237622 0.480582 0.281796 
d_629 d629 0.035510 0.104238 0.860252 
d_630 d630 0.438085 0.527871 0.034044 
d_631 d631 0.068433 0.068433 0.863135 
d_632 d632 0.231552 0.078880 0.689567 
d_633 d633 0.770180 0.086420 0.143400 
d_634 d634 0.020222 0.255055 0.724723 
d_635 d635 0.297330 0.387339 0.315332 
d_636 d636 0.051325 0.795826 0.152848 
d_637 d637 0.478051 0.101785 0.420164 
d_638 d638 0.023975 0.070379 0.905646 
d_639 d639 0.200883 0.465784 0.333333 
d_640 d640 0.021939 0.871196 0.106865 
d_641 d641 0.909830 0.067258 0.022912 
d_642 d642 0.068433 0.068433 0.863135 
d_643 d643 0.021045 0.835709 0.143245 
d_644 d644 0.173748 0.796130 0.030122 
d_645 d645 0.128730 0.844842 0.026428 
d_646 d646 0.048973 0.428120 0.522907 
d_647 d647 0.243773 0.613210 0.143017 
d_648 d648 0.387644 0.346911 0.265445 
d_649 d649 0.044503 0.628058 0.327439 
d_650 d650 0.682373 0.263525 0.054101 
d_651 d651 0.180578 0.638843 0.180578 
d_652 d652 0.128730 0.844842 0.026428 
d_653 d653 0.111301 0.845716 0.042983 
d_654 d654 0.053123 0.648570 0.298307 
d_655 d655 0.038130 0.923739 0.038130 
d_656 d656 0.035510 0.722795 0.241695 
d_657 d657 0.200380 0.314340 0.485280 
d_658 d658 0.200883 0.598234 0.200883 
d_659 d659 0.200380 0.542260 0.257360 
d_660 d660 0.054101 0.682373 0.263525 
d_661 d661 0.038130 0.923739 0.038130 
d_662 d662 0.488012 0.255994 0.255994 
d_663 d663 0.015873 0.968254 0.015873 
d_664 d664 0.116783 0.859242 0.023975 
d_665 d665 0.469111 0.428377 0.102512 
d_666 d666 0.598234 0.333333 0.068433 
d_667 d667 0.280212 0.041169 0.678619 
d_668 d668 0.027853 0.027853 0.944295 
d_669 d669 0.368237 0.158813 0.472949 
d_670 d670 0.077579 0.435635 0.486786 
d_671 d671 0.477633 0.044733 0.477633 
d_672 d672 0.407134 0.259533 0.333333 
d_673 d673 0.234253 0.276716 0.489030 
d_674 d674 0.068433 0.730684 0.200883 
d_675 d675 0.038130 0.259533 0.702337 
d_676 d676 0.584432 0.132454 0.283114 
d_677 d677 0.048973 0.238547 0.712480 
d_678 d678 0.828733 0.106865 0.064402 
d_679 d679 0.097535 0.354770 0.547696 
d_680 d680 0.678586 0.210029 0.111385 
d_681 d681 0.352086 0.633380 0.014534 
d_682 d682 0.033226 0.161844 0.804930 
d_683 d683 0.530621 0.086724 0.382655 
d_684 d684 0.155950 0.067258 0.776792 
d_685 d685 0.146278 0.415638 0.438085 
d_686 d686 0.073804 0.657745 0.268451 
d_687 d687 0.163944 0.635814 0.200242 
d_688 d688 0.255055 0.059361 0.685584 
d_689 d689 0.246866 0.610030 0.143104 
d_690 d690 0.240691 0.668270 0.091039 
d_691 d691 0.025142 0.949716 0.025142 
d_692 d692 0.472949 0.472949 0.054101 
d_693 d693 0.463098 0.365775 0.171127 
d_694 d694 0.035510 0.928981 0.035510 
d_695 d695 0.018754 0.817302 0.163944 
d_696 d696 0.158813 0.787086 0.054101 
d_697 d697 0.351303 0.459119 0.189578 
d_698 d698 0.259533 0.407134 0.333333 
d_699 d699 0.122466 0.560422 0.317113 
d_700 d700 0.238547 0.712480 0.048973 
d_701 d701 0.054101 0.577661 0.368237 
d_702 d702 0.407134 0.554736 0.038130 
d_703 d703 0.238547 0.143760 0.617694 
d_704 d704 0.472949 0.263525 0.263525 
d_705 d705 0.585338 0.379152 0.035510 
d_706 d706 0.049645 0.344244 0.606110 
d_707 d707 0.077579 0.179881 0.742540 
d_708 d708 0.068433 0.333333 0.598234 
d_709 d709 0.060570 0.301243 0.638187 
d_710 d710 0.459119 0.513028 0.027853 
d_711 d711 0.044733 0.044733 0.910534 
d_712 d712 0.519256 0.280212 0.200531 
d_713 d713 0.094790 0.320778 0.584432 
d_714 d714 0.038130 0.259533 0.702337 
d_715 d715 0.163186 0.348801 0.488012 
d_716 d716 0.317113 0.317113 0.365775 
d_717 d717 0.231032 0.077579 0.691390 
d_718 d718 0.450750 0.020222 0.529028 
d_719 d719 0.038130 0.554736 0.407134 
d_720 d720 0.163944 0.490623 0.345433 
d_721 d721 0.161844 0.612004 0.226152 
d_722 d722 0.091154 0.656239 0.252607 
d_723 d723 0.146616 0.579461 0.273923 
d_724 d724 0.095859 0.530264 0.373878 
d_725 d725 0.104238 0.379152 0.516609 
d_726 d726 0.021939 0.404105 0.573956 
d_727 d727 0.020222 0.763862 0.215917 
d_728 d728 0.379152 0.379152 0.241695 
d_729 d729 0.622769 0.043898 0.333333 
d_730 d730 0.274790 0.713868 0.011343 
d_731 d731 0.365775 0.268451 0.365775 
d_732 d732 0.086808 0.669027 0.244165 
d_733 d733 0.054101 0.263525 0.682373 
d_734 d734 0.209590 0.673627 0.116783 
d_735 d735 0.073804 0.901054 0.025142 
d_736 d736 0.044733 0.910534 0.044733 
d_737 d737 0.143760 0.712480 0.143760 
d_738 d738 0.012435 0.734456 0.253109 
d_739 d739 0.023975 0.952049 0.023975 
d_740 d740 0.116783 0.859242 0.023975 
d_741 d741 0.191791 0.616419 0.191791 
d_742 d742 0.230927 0.753200 0.015873 
d_743 d743 0.054101 0.368237 0.577661 
d_744 d744 0.033226 0.804930 0.161844 
d_745 d745 0.842239 0.078880 0.078880 
d_746 d746 0.013403 0.817553 0.169045 
d_747 d747 0.014534 0.689639 0.295827 
d_748 d748 0.304473 0.477633 0.217893 
d_749 d749 0.021807 0.755092 0.223101 
d_750 d750 0.879142 0.060429 0.060429 
d_751 d751 0.018097 0.963806 0.018097 
d_752 d752 0.033226 0.740622 0.226152 
d_753 d753 0.389735 0.592781 0.017484 
d_754 d754 0.402508 0.584090 0.013403 
d_755 d755 0.182957 0.784461 0.032581 
d_756 d756 0.294347 0.645224 0.060429 
d_757 d757 0.475177 0.507911 0.016912 
d_758 d758 0.094988 0.620750 0.284262 
d_759 d759 0.739732 0.246866 0.013403 
d_760 d760 0.702337 0.259533 0.038130 
d_761 d761 0.088149 0.858727 0.053123 
d_762 d762 0.803731 0.122466 0.073804 
d_763 d763 0.516609 0.310424 0.172967 
d_764 d764 0.435635 0.537937 0.026428 
d_765 d765 0.464604 0.436474 0.098922 
d_766 d766 0.059054 0.881892 0.059054 
d_767 d767 0.333333 0.333333 0.333333 
d_768 d768 0.315332 0.027303 0.657366 
d_769 d769 0.010866 0.536628 0.452506 
d_770 d770 0.189578 0.081761 0.728661 
d_771 d771 0.048973 0.712480 0.238547 
d_772 d772 0.612603 0.354816 0.032581 
d_773 d773 0.633380 0.042663 0.323957 
d_774 d774 0.048973 0.143760 0.807267 
d_775 d775 0.033226 0.354770 0.612004 
d_776 d776 0.105876 0.528297 0.365827 
d_777 d777 0.333333 0.022912 0.643755 
d_778 d778 0.094988 0.284262 0.620750 
d_779 d779 0.364457 0.177716 0.457828 
d_780 d780 0.068433 0.730684 0.200883 
d_781 d781 0.035510 0.928981 0.035510 
d_782 d782 0.017484 0.965031 0.017484 
d_783 d783 0.230830 0.514686 0.254485 
d_784 d784 0.599240 0.086420 0.314340 
d_785 d785 0.810421 0.170119 0.019460 
d_786 d786 0.013064 0.923304 0.063633 
d_787 d787 0.172967 0.241695 0.585338 
d_788 d788 0.555203 0.016376 0.428420 
d_789 d789 0.143245 0.224711 0.632043 
d_790 d790 0.021939 0.191791 0.786270 
d_791 d791 0.294347 0.294347 0.411306 
d_792 d792 0.014136 0.205654 0.780210 
d_793 d793 0.143245 0.509844 0.346911 
d_794 d794 0.054101 0.368237 0.577661 
d_795 d795 0.161844 0.161844 0.676313 
d_796 d796 0.652907 0.200178 0.146915 
d_797 d797 0.459119 0.027853 0.513028 
d_798 d798 0.762183 0.060429 0.177388 
d_799 d799 0.311511 0.475177 0.213312 
d_800 d800 0.078880 0.078880 0.842239 
d_801 d801 0.333333 0.111931 0.554736 
d_802 d802 0.372472 0.020222 0.607306 
d_803 d803 0.111931 0.111931 0.776138 
d_804 d804 0.120850 0.200531 0.678619 
d_805 d805 0.259533 0.038130 0.702337 
d_806 d806 0.029440 0.314340 0.656220 
d_807 d807 0.018754 0.962492 0.018754 
d_808 d808 0.193228 0.788675 0.018097 
d_809 d809 0.191791 0.786270 0.021939 
d_810 d810 0.106865 0.871196 0.021939 
d_811 d811 0.018097 0.613543 0.368360 
d_812 d812 0.097535 0.804930 0.097535 
d_813 d813 0.291193 0.594606 0.114201 
d_814 d814 0.411306 0.528265 0.060429 
d_815 d815 0.381730 0.526921 0.091349 
d_816 d816 0.804930 0.161844 0.033226 
d_817 d817 0.060429 0.060429 0.879142 
d_818 d818 0.317841 0.317841 0.364317 
d_819 d819 0.622097 0.245449 0.132454 
d_820 d820 0.094790 0.584432 0.320778 
d_821 d821 0.357994 0.012741 0.629264 
d_822 d822 0.212487 0.695871 0.091641 
d_823 d823 0.180578 0.442444 0.376978 
d_824 d824 0.041169 0.917663 0.041169 
d_825 d825 0.380615 0.393510 0.225876 
d_826 d826 0.038130 0.111931 0.849938 
d_827 d827 0.391053 0.044733 0.564214 
d_828 d828 0.280212 0.519256 0.200531 
d_829 d829 0.245449 0.057125 0.697426 
d_830 d830 0.217893 0.044733 0.737374 
d_831 d831 0.187967 0.563497 0.248536 
d_832 d832 0.489889 0.489889 0.020222 
d_833 d833 0.238547 0.522907 0.238547 
d_834 d834 0.628536 0.185732 0.185732 
d_835 d835 0.097535 0.290461 0.612004 
d_836 d836 0.302398 0.580820 0.116783 
d_837 d837 0.021939 0.956122 0.021939 
d_838 d838 0.758300 0.200531 0.041169 
d_839 d839 0.359964 0.439858 0.200178 
d_840 d840 0.371320 0.542260 0.086420 
d_841 d841 0.027853 0.782570 0.189578 
d_842 d842 0.098500 0.450750 0.450750 
d_843 d843 0.091641 0.756294 0.152064 
d_844 d844 0.098500 0.685584 0.215917 
d_845 d845 0.730684 0.068433 0.200883 
d_846 d846 0.842239 0.078880 0.078880 
d_847 d847 0.155950 0.422025 0.422025 
d_848 d848 0.526921 0.272837 0.200242 
d_849 d849 0.027853 0.081761 0.890386 
d_850 d850 0.432688 0.462494 0.104819 
d_851 d851 0.209398 0.612187 0.178415 
d_852 d852 0.200883 0.730684 0.068433 
d_853 d853 0.176778 0.489889 0.333333 
d_854 d854 0.403386 0.333333 0.263281 
d_855 d855 0.614120 0.108704 0.277176 
d_856 d856 0.459119 0.459119 0.081761 
d_857 d857 0.599516 0.345433 0.055051 
d_858 d858 0.172967 0.241695 0.585338 
d_859 d859 0.489889 0.059361 0.450750 
d_860 d860 0.091641 0.695871 0.212487 
d_861 d861 0.384484 0.435635 0.179881 
d_862 d862 0.060429 0.177388 0.762183 
d_863 d863 0.260374 0.643411 0.096215 
d_864 d864 0.513028 0.405211 0.081761 
d_865 d865 0.537937 0.435635 0.026428 
d_866 d866 0.522907 0.048973 0.428120 
d_867 d867 0.209590 0.766435 0.023975 
d_868 d868 0.365775 0.609084 0.025142 
d_869 d869 0.137049 0.557659 0.305293 
d_870 d870 0.357646 0.474350 0.168004 
d_871 d871 0.014534 0.605251 0.380216 
d_872 d872 0.842239 0.078880 0.078880 
d_873 d873 0.143104 0.324687 0.532209 
d_874 d874 0.713510 0.021045 0.265445 
d_875 d875 0.468184 0.316477 0.215339 
d_876 d876 0.015400 0.939394 0.045206 
d_877 d877 0.355894 0.626622 0.017484 
d_878 d878 0.054101 0.891798 0.054101 
d_879 d879 0.073804 0.171127 0.755069 
d_880 d880 0.283114 0.132454 0.584432 
d_881 d881 0.526674 0.376298 0.097028 
d_882 d882 0.041169 0.041169 0.917663 
d_883 d883 0.239569 0.267698 0.492733 
d_884 d884 0.236540 0.345433 0.418028 
d_885 d885 0.091641 0.212487 0.695871 
d_886 d886 0.021939 0.616419 0.361642 
d_887 d887 0.272837 0.018754 0.708409 
d_888 d888 0.243486 0.297394 0.459119 
d_889 d889 0.333333 0.333333 0.333333 
d_890 d890 0.128730 0.691390 0.179881 
d_891 d891 0.131517 0.615876 0.252607 
d_892 d892 0.319602 0.422588 0.257810 
d_893 d893 0.013064 0.569322 0.417615 
d_894 d894 0.630312 0.046595 0.323093 
d_895 d895 0.127051 0.689639 0.183310 
d_896 d896 0.188616 0.478051 0.333333 
d_897 d897 0.173686 0.751720 0.074594 
d_898 d898 0.021045 0.672777 0.306178 
d_899 d899 0.460759 0.530264 0.008978 
d_900 d900 0.091641 0.454179 0.454179 
d_901 d901 0.259533 0.038130 0.702337 
d_902 d902 0.409711 0.344244 0.246045 
d_903 d903 0.077317 0.876088 0.046595 
d_904 d904 0.158813 0.263525 0.577661 
d_905 d905 0.368237 0.368237 0.263525 
d_906 d906 0.795826 0.017484 0.186689 
d_907 d907 0.620845 0.351303 0.027853 
d_908 d908 0.282182 0.026428 0.691390 
d_909 d909 0.381730 0.236540 0.381730 
d_910 d910 0.397995 0.533786 0.068219 
d_911 d911 0.287409 0.700727 0.011864 
d_912 d912 0.325851 0.662551 0.011597 
d_913 d913 0.546767 0.396108 0.057125 
d_914 d914 0.200296 0.422025 0.377679 
d_915 d915 0.268451 0.171127 0.560422 
d_916 d916 0.060429 0.879142 0.060429 
d_917 d917 0.091641 0.877140 0.031219 
d_918 d918 0.325311 0.590052 0.084637 
d_919 d919 0.025142 0.511760 0.463098 
d_920 d920 0.877140 0.091641 0.031219 
d_921 d921 0.118146 0.403683 0.478171 
d_922 d922 0.389799 0.163938 0.446264 
d_923 d923 0.248379 0.463000 0.288621 
d_924 d924 0.200205 0.476703 0.323093 
d_925 d925 0.471438 0.433773 0.094790 
d_926 d926 0.465784 0.465784 0.068433 
d_927 d927 0.027853 0.513028 0.459119 
d_928 d928 0.454325 0.526921 0.018754 
d_929 d929 0.053123 0.368360 0.578517 
d_930 d930 0.483709 0.139993 0.376298 
d_931 d931 0.536896 0.078880 0.384224 
d_932 d932 0.016376 0.206550 0.777073 
d_933 d933 0.203105 0.278237 0.518658 
d_934 d934 0.384484 0.333333 0.282182 
d_935 d935 0.540644 0.147845 0.311511 
d_936 d936 0.035510 0.035510 0.928981 
d_937 d937 0.018097 0.263281 0.718622 
d_938 d938 0.068433 0.068433 0.863135 
d_939 d939 0.712480 0.143760 0.143760 
d_940 d940 0.078880 0.384224 0.536896 
d_941 d941 0.617694 0.143760 0.238547 
d_942 d942 0.579942 0.185368 0.234690 
d_943 d943 0.026428 0.231032 0.742540 
d_944 d944 0.484380 0.216615 0.299004 
d_945 d945 0.132454 0.019460 0.848085 
d_946 d946 0.345433 0.309135 0.345433 
d_947 d947 0.554736 0.259533 0.185732 
d_948 d948 0.333333 0.486786 0.179881 
d_949 d949 0.280071 0.280071 0.439858 
d_950 d950 0.391053 0.564214 0.044733 
d_951 d951 0.029440 0.029440 0.941121 
d_952 d952 0.023975 0.395205 0.580820 
d_953 d953 0.231552 0.231552 0.536896 
d_954 d954 0.160707 0.629264 0.210029 
d_955 d955 0.017484 0.085166 0.897349 
d_956 d956 0.097535 0.612004 0.290461 
d_957 d957 0.085166 0.355894 0.558940 
d_958 d958 0.316477 0.038348 0.645175 
d_959 d959 0.442444 0.082379 0.475177 
d_960 d960 0.111931 0.259533 0.628536 
d_961 d961 0.844842 0.077579 0.077579 
d_962 d962 0.068433 0.333333 0.598234 
d_963 d963 0.033226 0.226152 0.740622 
d_964 d964 0.016912 0.835243 0.147845 
d_965 d965 0.689567 0.078880 0.231552 
d_966 d966 0.263281 0.018097 0.718622 
d_967 d967 0.027853 0.836478 0.135669 
d_968 d968 0.070379 0.302398 0.627224 
d_969 d969 0.852393 0.122466 0.025142 
d_970 d970 0.018097 0.438412 0.543491 
d_971 d971 0.697426 0.019460 0.283114 
d_972 d972 0.389415 0.326323 0.284262 
d_973 d973 0.091154 0.797511 0.111335 
d_974 d974 0.041169 0.359894 0.598938 
d_975 d975 0.245449 0.019460 0.735091 
d_976 d976 0.096215 0.424533 0.479252 
d_977 d977 0.244642 0.333333 0.422025 
d_978 d978 0.654066 0.241695 0.104238 
d_979 d979 0.041169 0.519256 0.439575 
d_980 d980 0.041169 0.041169 0.917663 
d_981 d981 0.414436 0.365775 0.219789 
d_982 d982 0.645224 0.294347 0.060429 
d_983 d983 0.200380 0.029440 0.770180 
d_984 d984 0.035510 0.791523 0.172967 
d_985 d985 0.241695 0.172967 0.585338 
d_986 d986 0.730684 0.068433 0.200883 
d_987 d987 0.127051 0.155180 0.717768 
d_988 d988 0.548992 0.323957 0.127051 
d_989 d989 0.885750 0.094790 0.019460 
d_990 d990 0.483387 0.226152 0.290461 
d_991 d991 0.149328 0.489030 0.361642 
d_992 d992 0.176778 0.724723 0.098500 
d_993 d993 0.019460 0.320778 0.659761 
d_994 d994 0.871196 0.021939 0.106865 
d_995 d995 0.158202 0.753649 0.088149 
d_996 d996 0.756294 0.152064 0.091641 
d_997 d997 0.038130 0.628536 0.333333 
d_998 d998 0.077579 0.537937 0.384484 
d_999 d999 0.023975 0.720031 0.255994 
d_1000 d1000 0.428377 0.550577 0.021045 
d_1001 d1001 0.122466 0.025142 0.852393 
d_1002 d1002 0.928780 0.018097 0.053123 
d_1003 d1003 0.054101 0.054101 0.891798 
d_1004 d1004 0.068433 0.068433 0.863135 
d_1005 d1005 0.578689 0.347354 0.073957 
d_1006 d1006 0.244642 0.067258 0.688101 
d_1007 d1007 0.546767 0.245449 0.207784 
d_1008 d1008 0.268451 0.122466 0.609084 
d_1009 d1009 0.068433 0.333333 0.598234 
d_1010 d1010 0.073804 0.365775 0.560422 
d_1011 d1011 0.200380 0.656220 0.143400 
d_1012 d1012 0.531493 0.446568 0.021939 
d_1013 d1013 0.097535 0.226152 0.676313 
d_1014 d1014 0.044733 0.823954 0.131313 
d_1015 d1015 0.917176 0.061779 0.021045 
d_1016 d1016 0.091641 0.695871 0.212487 
d_1017 d1017 0.441609 0.255994 0.302398 
d_1018 d1018 0.048973 0.238547 0.712480 
d_1019 d1019 0.742540 0.077579 0.179881 
d_1020 d1020 0.224044 0.402881 0.373075 
d_1021 d1021 0.022912 0.466371 0.510717 
d_1022 d1022 0.546767 0.057125 0.396108 
d_1023 d1023 0.049786 0.702605 0.247610 
d_1024 d1024 0.442444 0.278778 0.278778 
d_1025 d1025 0.828733 0.149328 0.021939 
d_1026 d1026 0.200380 0.599240 0.200380 
d_1027 d1027 0.015873 0.538146 0.445981 
d_1028 d1028 0.372472 0.607306 0.020222 
