Document 0
0.062157 0.087970 0.055210 0.085221 0.045175 0.079970 0.040592 0.080492 0.092670 0.059359 0.073114 0.089585 0.148486 
0.254149 0.027855 0.022446 0.026954 0.022319 0.016531 0.312580 0.032276 0.022084 0.014274 0.149795 0.091515 0.007222 
0.110498 0.057407 0.030530 0.056841 0.086680 0.109869 0.073483 0.123621 0.121365 0.054107 0.047967 0.059516 0.068115 
Document 1
0.062157 0.087970 0.055210 0.085221 0.045175 0.079970 0.040592 0.080492 0.092670 0.059359 0.073114 0.089585 0.148486 
0.323910 0.063742 0.051363 0.061678 0.051073 0.037828 0.071125 0.073859 0.050534 0.032663 0.085114 0.080583 0.016527 
0.239463 0.011771 0.006260 0.083924 0.017773 0.383871 0.015067 0.025348 0.024885 0.011094 0.009835 0.084472 0.086235 
Document 2
0.138656 0.185533 0.007130 0.011005 0.005834 0.010327 0.005242 0.010395 0.229683 0.051209 0.009442 0.316370 0.019175 
0.257549 0.050683 0.040840 0.049042 0.040610 0.030078 0.056553 0.058727 0.040181 0.025972 0.272551 0.064074 0.013141 
0.271540 0.033672 0.017907 0.033340 0.050842 0.064443 0.043101 0.072509 0.071186 0.031736 0.234863 0.034909 0.039952 
Document 3
0.046484 0.065788 0.041288 0.063732 0.033784 0.059805 0.030356 0.060195 0.069303 0.044391 0.306836 0.066995 0.111044 
0.089242 0.085866 0.069190 0.083087 0.068801 0.050958 0.095812 0.099495 0.068074 0.044001 0.114657 0.108554 0.022263 
0.336015 0.012688 0.006748 0.012563 0.019158 0.413774 0.016241 0.027323 0.026824 0.011959 0.010602 0.091052 0.015055 
Document 4
0.014218 0.020122 0.012629 0.096619 0.087459 0.481049 0.009285 0.018412 0.021197 0.090704 0.016724 0.020491 0.111091 
0.058687 0.056467 0.045501 0.054639 0.045245 0.033511 0.063008 0.293685 0.044767 0.028936 0.075400 0.185515 0.014641 
0.021130 0.010978 0.005838 0.010870 0.083973 0.021010 0.418439 0.023640 0.225402 0.010347 0.076570 0.078779 0.013025 
Document 5
0.062157 0.087970 0.055210 0.085221 0.045175 0.079970 0.040592 0.080492 0.092670 0.059359 0.073114 0.089585 0.148486 
0.089242 0.085866 0.069190 0.083087 0.068801 0.050958 0.095812 0.099495 0.068074 0.044001 0.114657 0.108554 0.022263 
0.374981 0.046820 0.003488 0.006493 0.009902 0.415172 0.008394 0.014122 0.013864 0.006181 0.005480 0.087323 0.007781 
Document 6
0.046484 0.065788 0.041288 0.063732 0.033784 0.059805 0.030356 0.060195 0.069303 0.044391 0.054678 0.066995 0.363202 
0.058687 0.056467 0.159629 0.282895 0.045245 0.033511 0.063008 0.065429 0.044767 0.028936 0.075400 0.071387 0.014641 
0.495397 0.007132 0.003793 0.007062 0.010769 0.320166 0.052918 0.015359 0.058866 0.006722 0.005959 0.007394 0.008462 
Document 7
0.062157 0.087970 0.055210 0.085221 0.045175 0.079970 0.040592 0.080492 0.092670 0.059359 0.073114 0.089585 0.148486 
0.085250 0.084155 0.022446 0.139553 0.191218 0.016531 0.087382 0.032276 0.078383 0.070574 0.037195 0.147815 0.007222 
0.550385 0.020783 0.011052 0.020578 0.158976 0.039775 0.026603 0.044754 0.043937 0.019588 0.017365 0.021546 0.024659 
Document 8
0.062157 0.087970 0.055210 0.085221 0.045175 0.079970 0.040592 0.080492 0.092670 0.059359 0.073114 0.089585 0.148486 
0.134005 0.186268 0.127847 0.025517 0.181027 0.015650 0.029425 0.030556 0.127504 0.013513 0.035213 0.033338 0.060136 
0.040003 0.020783 0.011052 0.020578 0.031380 0.550157 0.026603 0.044754 0.043937 0.147184 0.017365 0.021546 0.024659 
Document 9
0.023142 0.032752 0.020555 0.533877 0.016819 0.029774 0.015113 0.029968 0.034502 0.022100 0.027221 0.033354 0.180821 
0.076044 0.073168 0.058958 0.070800 0.058626 0.043422 0.229527 0.084781 0.058007 0.037494 0.097701 0.092500 0.018971 
0.110498 0.057407 0.030530 0.056841 0.086680 0.109869 0.073483 0.123621 0.121365 0.054107 0.047967 0.059516 0.068115 
Document 10
0.062157 0.087970 0.055210 0.085221 0.045175 0.079970 0.040592 0.080492 0.092670 0.059359 0.073114 0.089585 0.148486 
0.618672 0.035952 0.028970 0.034788 0.028806 0.021336 0.040116 0.041658 0.028502 0.018423 0.048006 0.045451 0.009321 
0.110498 0.057407 0.030530 0.056841 0.086680 0.109869 0.073483 0.123621 0.121365 0.054107 0.047967 0.059516 0.068115 
Document 11
0.030900 0.043733 0.027447 0.209989 0.022458 0.039755 0.020179 0.375261 0.046069 0.029509 0.036347 0.044535 0.073817 
0.043559 0.043000 0.069003 0.013772 0.299074 0.008447 0.188483 0.102793 0.068818 0.036060 0.019005 0.046761 0.061224 
0.243323 0.007459 0.003967 0.007385 0.469195 0.014275 0.009548 0.016062 0.107355 0.098617 0.006232 0.007733 0.008850 
Document 12
0.062157 0.087970 0.055210 0.085221 0.045175 0.079970 0.040592 0.080492 0.092670 0.059359 0.073114 0.089585 0.148486 
0.155112 0.050683 0.040840 0.151479 0.040610 0.234952 0.056553 0.058727 0.040181 0.025972 0.067676 0.064074 0.013141 
0.026485 0.098239 0.007318 0.013624 0.020776 0.195292 0.017613 0.029631 0.535964 0.012969 0.011497 0.014265 0.016326 
Document 13
0.023142 0.032752 0.020555 0.031729 0.518968 0.029774 0.015113 0.155505 0.034502 0.022100 0.027221 0.033354 0.055284 
0.026020 0.025036 0.020174 0.024226 0.020060 0.014858 0.179742 0.029010 0.121053 0.012829 0.286441 0.183457 0.057093 
0.110498 0.057407 0.030530 0.056841 0.086680 0.109869 0.073483 0.123621 0.121365 0.054107 0.047967 0.059516 0.068115 
Document 14
0.008793 0.012444 0.007810 0.012055 0.006390 0.106706 0.005742 0.011386 0.060806 0.056094 0.201130 0.012672 0.497972 
0.052675 0.050683 0.040840 0.049042 0.245484 0.030078 0.056553 0.161164 0.040181 0.025972 0.067676 0.166511 0.013141 
0.289116 0.053252 0.003967 0.098972 0.011262 0.014275 0.009548 0.016062 0.015769 0.007030 0.097819 0.282492 0.100437 
Document 15
0.046484 0.065788 0.041288 0.063732 0.033784 0.311963 0.030356 0.060195 0.069303 0.044391 0.054678 0.066995 0.111044 
0.089242 0.085866 0.069190 0.083087 0.068801 0.050958 0.095812 0.099495 0.068074 0.044001 0.114657 0.108554 0.022263 
0.045853 0.023822 0.012669 0.023587 0.035970 0.630622 0.030493 0.051299 0.050363 0.022453 0.019905 0.024697 0.028266 
Document 16
0.062157 0.087970 0.055210 0.085221 0.045175 0.079970 0.040592 0.080492 0.092670 0.059359 0.073114 0.089585 0.148486 
0.052675 0.050683 0.040840 0.049042 0.143047 0.030078 0.363865 0.058727 0.040181 0.025972 0.067676 0.064074 0.013141 
0.225022 0.027903 0.014839 0.027628 0.042132 0.396029 0.035717 0.060087 0.058991 0.026299 0.023315 0.028928 0.033108 
Document 17
0.023142 0.032752 0.020555 0.031729 0.267893 0.029774 0.015113 0.029968 0.034502 0.273175 0.027221 0.158891 0.055284 
0.155112 0.050683 0.040840 0.049042 0.040610 0.030078 0.158990 0.161164 0.040181 0.025972 0.067676 0.166511 0.013141 
0.358119 0.010978 0.005838 0.010870 0.016575 0.155805 0.014052 0.023640 0.023208 0.077745 0.009173 0.011381 0.282617 
Document 18
0.026464 0.324573 0.023506 0.036284 0.019234 0.034048 0.017282 0.177830 0.183015 0.025273 0.031129 0.038142 0.063220 
0.373539 0.101257 0.027007 0.032431 0.026855 0.019890 0.105139 0.106577 0.026571 0.017175 0.044754 0.110113 0.008690 
0.167598 0.020783 0.011052 0.020578 0.031380 0.039775 0.026603 0.172349 0.043937 0.274779 0.017365 0.149142 0.024659 
Document 19
0.062157 0.087970 0.055210 0.085221 0.045175 0.079970 0.040592 0.080492 0.092670 0.059359 0.073114 0.089585 0.148486 
0.222954 0.221720 0.025294 0.030374 0.088595 0.018628 0.225356 0.036372 0.024886 0.016085 0.041915 0.039684 0.008139 
0.336833 0.016557 0.008805 0.016394 0.025000 0.438305 0.021194 0.035655 0.035004 0.015606 0.013835 0.017166 0.019646 
Document 20
0.062157 0.087970 0.055210 0.085221 0.045175 0.079970 0.040592 0.080492 0.092670 0.059359 0.073114 0.089585 0.148486 
0.602744 0.023830 0.019202 0.023059 0.019094 0.014142 0.074755 0.027613 0.018893 0.012212 0.128150 0.030127 0.006179 
0.081702 0.042447 0.022574 0.042028 0.064091 0.081237 0.314936 0.091405 0.089737 0.040007 0.035467 0.044006 0.050364 
Document 21
0.026464 0.037454 0.023506 0.466961 0.019234 0.177607 0.017282 0.034270 0.039456 0.025273 0.031129 0.038142 0.063220 
0.066247 0.063742 0.051363 0.061678 0.308736 0.037828 0.071125 0.073859 0.050534 0.032663 0.085114 0.080583 0.016527 
0.026485 0.013760 0.007318 0.098103 0.274213 0.026334 0.017613 0.029631 0.029090 0.435364 0.011497 0.014265 0.016326 
Document 22
0.020561 0.363705 0.018263 0.251261 0.014943 0.026453 0.013427 0.026626 0.030654 0.131171 0.024185 0.029634 0.049118 
0.058687 0.056467 0.045501 0.054639 0.273501 0.033511 0.063008 0.179557 0.044767 0.028936 0.075400 0.071387 0.014641 
0.110498 0.057407 0.030530 0.056841 0.086680 0.109869 0.073483 0.123621 0.121365 0.054107 0.047967 0.059516 0.068115 
Document 23
0.018498 0.427553 0.016430 0.226048 0.013444 0.023799 0.012080 0.023954 0.027578 0.017665 0.122102 0.026660 0.044189 
0.066247 0.063742 0.051363 0.061678 0.179905 0.166659 0.071125 0.073859 0.050534 0.032663 0.085114 0.080583 0.016527 
0.094926 0.011771 0.367603 0.011655 0.017773 0.239334 0.015067 0.097617 0.097154 0.011094 0.009835 0.012203 0.013967 
Document 24
0.262082 0.016341 0.260792 0.015830 0.008392 0.014855 0.195442 0.140220 0.017214 0.011026 0.013582 0.016641 0.027583 
0.017878 0.017202 0.048629 0.016645 0.013783 0.010209 0.053963 0.054700 0.535158 0.008815 0.196810 0.021747 0.004460 
0.133524 0.118212 0.415422 0.016394 0.025000 0.133343 0.021194 0.035655 0.035004 0.015606 0.013835 0.017166 0.019646 
Document 25
0.037123 0.052539 0.032974 0.050897 0.026980 0.047761 0.024243 0.450830 0.055347 0.035452 0.043667 0.053504 0.088682 
0.089242 0.085866 0.069190 0.083087 0.068801 0.050958 0.095812 0.099495 0.068074 0.044001 0.114657 0.108554 0.022263 
0.013728 0.007132 0.354098 0.050850 0.054557 0.013650 0.009129 0.146723 0.146442 0.138086 0.005959 0.051182 0.008462 
Document 26
0.016811 0.023792 0.197318 0.023048 0.012218 0.021628 0.010978 0.386541 0.025063 0.016054 0.110967 0.024229 0.131352 
0.089242 0.085866 0.069190 0.083087 0.068801 0.050958 0.095812 0.099495 0.068074 0.044001 0.114657 0.108554 0.022263 
0.031870 0.016557 0.618731 0.016394 0.025000 0.031688 0.021194 0.035655 0.035004 0.015606 0.013835 0.118820 0.019646 
Document 27
0.062157 0.087970 0.055210 0.085221 0.045175 0.079970 0.040592 0.080492 0.092670 0.059359 0.073114 0.089585 0.148486 
0.238057 0.033516 0.027007 0.032431 0.026855 0.019890 0.172881 0.038836 0.026571 0.017175 0.247977 0.110113 0.008690 
0.342304 0.042447 0.022574 0.042028 0.064091 0.081237 0.054333 0.091405 0.089737 0.040007 0.035467 0.044006 0.050364 
Document 28
0.020561 0.475241 0.018263 0.139725 0.014943 0.026453 0.013427 0.026626 0.142190 0.019635 0.024185 0.029634 0.049118 
0.058687 0.056467 0.045501 0.054639 0.273501 0.033511 0.063008 0.065429 0.044767 0.028936 0.189528 0.071387 0.014641 
0.013728 0.007132 0.003793 0.007062 0.492438 0.188802 0.009129 0.015359 0.058866 0.006722 0.005959 0.007394 0.183615 
Document 29
0.062157 0.087970 0.055210 0.085221 0.045175 0.079970 0.040592 0.080492 0.092670 0.059359 0.073114 0.089585 0.148486 
0.020766 0.019981 0.016100 0.019334 0.016010 0.011858 0.143448 0.063537 0.096609 0.010239 0.309371 0.227182 0.045565 
0.016643 0.008647 0.004598 0.008561 0.013056 0.175807 0.064154 0.018620 0.602229 0.008150 0.060311 0.008964 0.010259 
Document 30
0.062157 0.087970 0.055210 0.085221 0.045175 0.079970 0.040592 0.080492 0.092670 0.059359 0.073114 0.089585 0.148486 
0.037365 0.108615 0.028970 0.034788 0.028806 0.021336 0.112779 0.114321 0.391819 0.018423 0.048006 0.045451 0.009321 
0.110498 0.057407 0.030530 0.056841 0.086680 0.109869 0.073483 0.123621 0.121365 0.054107 0.047967 0.059516 0.068115 
Document 31
0.182549 0.021804 0.013684 0.021122 0.011197 0.270536 0.177204 0.187094 0.022969 0.014712 0.018122 0.022204 0.036803 
0.052675 0.050683 0.040840 0.049042 0.040610 0.030078 0.056553 0.263601 0.245055 0.025972 0.067676 0.064074 0.013141 
0.022657 0.011771 0.006260 0.228461 0.017773 0.167065 0.015067 0.169885 0.024885 0.083363 0.082104 0.156741 0.013967 
Document 32
0.062157 0.087970 0.055210 0.085221 0.045175 0.079970 0.040592 0.080492 0.092670 0.059359 0.073114 0.089585 0.148486 
0.129860 0.014233 0.097770 0.013772 0.011404 0.008447 0.015882 0.304162 0.097585 0.007293 0.047772 0.248129 0.003690 
0.094926 0.011771 0.006260 0.083924 0.090042 0.094797 0.231873 0.025348 0.169423 0.083363 0.009835 0.084472 0.013967 
Document 33
0.062157 0.087970 0.055210 0.085221 0.045175 0.079970 0.040592 0.080492 0.092670 0.059359 0.073114 0.089585 0.148486 
0.213756 0.042065 0.118914 0.040703 0.033705 0.024964 0.131956 0.048741 0.033349 0.021555 0.226207 0.053179 0.010906 
0.014357 0.007459 0.003967 0.053179 0.011262 0.289035 0.009548 0.153442 0.061562 0.235996 0.006232 0.007733 0.146230 
Document 34
0.046484 0.065788 0.041288 0.063732 0.033784 0.059805 0.030356 0.060195 0.069303 0.044391 0.054678 0.066995 0.363202 
0.017278 0.016624 0.013396 0.016086 0.013320 0.110665 0.018550 0.120062 0.013180 0.008519 0.223797 0.390614 0.037910 
0.088528 0.010978 0.005838 0.010870 0.286167 0.088408 0.014052 0.023640 0.090606 0.010347 0.009173 0.146177 0.215219 
Document 35
0.062157 0.087970 0.055210 0.085221 0.045175 0.079970 0.040592 0.080492 0.092670 0.059359 0.073114 0.089585 0.148486 
0.204401 0.231074 0.038047 0.067427 0.010784 0.089593 0.069421 0.015595 0.010670 0.006897 0.153981 0.098621 0.003490 
0.053709 0.199217 0.014839 0.027628 0.213445 0.053403 0.035717 0.060087 0.058991 0.026299 0.194628 0.028928 0.033108 
Document 36
0.037123 0.052539 0.032974 0.050897 0.026980 0.047761 0.427000 0.048073 0.055347 0.035452 0.043667 0.053504 0.088682 
0.359986 0.050683 0.040840 0.049042 0.040610 0.030078 0.056553 0.161164 0.040181 0.025972 0.067676 0.064074 0.013141 
0.110498 0.057407 0.030530 0.056841 0.086680 0.109869 0.073483 0.123621 0.121365 0.054107 0.047967 0.059516 0.068115 
Document 37
0.062157 0.087970 0.055210 0.085221 0.045175 0.079970 0.040592 0.080492 0.092670 0.059359 0.073114 0.089585 0.148486 
0.022591 0.021737 0.061448 0.021033 0.017417 0.012900 0.068187 0.244850 0.105098 0.011139 0.336554 0.071412 0.005636 
0.110498 0.057407 0.030530 0.056841 0.086680 0.109869 0.073483 0.123621 0.121365 0.054107 0.047967 0.059516 0.068115 
Document 38
0.062157 0.087970 0.055210 0.085221 0.045175 0.079970 0.040592 0.080492 0.092670 0.059359 0.073114 0.089585 0.148486 
0.021640 0.189157 0.016778 0.020148 0.016684 0.012357 0.275737 0.066210 0.016507 0.010670 0.280306 0.068407 0.005399 
0.110498 0.057407 0.030530 0.056841 0.086680 0.109869 0.073483 0.123621 0.121365 0.054107 0.047967 0.059516 0.068115 
Document 39
0.026464 0.037454 0.167066 0.036284 0.019234 0.034048 0.017282 0.034270 0.183015 0.025273 0.318248 0.038142 0.063220 
0.101535 0.019981 0.016100 0.019334 0.258316 0.011858 0.103064 0.023152 0.015841 0.010239 0.390139 0.025260 0.005181 
0.081702 0.042447 0.022574 0.042028 0.064091 0.081237 0.054333 0.091405 0.350339 0.040007 0.035467 0.044006 0.050364 
Document 40
0.062157 0.087970 0.055210 0.085221 0.045175 0.079970 0.040592 0.080492 0.092670 0.059359 0.073114 0.089585 0.148486 
0.052646 0.051970 0.048629 0.016645 0.152855 0.010209 0.332107 0.054700 0.013638 0.113119 0.057738 0.091283 0.004460 
0.040003 0.020783 0.011052 0.020578 0.031380 0.422562 0.026603 0.044754 0.043937 0.019588 0.272556 0.021546 0.024659 
Document 41
0.037123 0.052539 0.032974 0.050897 0.026980 0.450519 0.024243 0.048073 0.055347 0.035452 0.043667 0.053504 0.088682 
0.017278 0.151023 0.046995 0.150485 0.046920 0.009866 0.018550 0.086462 0.013180 0.142918 0.055798 0.189016 0.071510 
0.081702 0.042447 0.022574 0.042028 0.064091 0.081237 0.054333 0.091405 0.350339 0.040007 0.035467 0.044006 0.050364 
Document 42
0.062157 0.087970 0.055210 0.085221 0.045175 0.079970 0.040592 0.080492 0.092670 0.059359 0.073114 0.089585 0.148486 
0.028950 0.027855 0.078745 0.083253 0.022319 0.016531 0.368880 0.032276 0.022084 0.014274 0.206094 0.091515 0.007222 
0.045853 0.608852 0.012669 0.023587 0.035970 0.045592 0.030493 0.051299 0.050363 0.022453 0.019905 0.024697 0.028266 
Document 43
0.026464 0.037454 0.023506 0.036284 0.019234 0.034048 0.017282 0.177830 0.039456 0.025273 0.031129 0.468819 0.063220 
0.023629 0.022735 0.339980 0.021999 0.018217 0.197298 0.117272 0.026344 0.018024 0.011650 0.168213 0.028742 0.005895 
0.064812 0.033672 0.017907 0.033340 0.464298 0.064443 0.043101 0.072509 0.071186 0.031736 0.028135 0.034909 0.039952 
Document 44
0.046484 0.065788 0.041288 0.315889 0.033784 0.059805 0.030356 0.060195 0.069303 0.044391 0.054678 0.066995 0.111044 
0.047780 0.045973 0.037045 0.044485 0.036836 0.027283 0.051298 0.146189 0.315204 0.116477 0.061388 0.058120 0.011920 
0.081702 0.042447 0.022574 0.042028 0.064091 0.081237 0.054333 0.352008 0.089737 0.040007 0.035467 0.044006 0.050364 
Document 45
0.018498 0.026179 0.016430 0.025361 0.013444 0.023799 0.012080 0.124297 0.228265 0.017665 0.122102 0.327690 0.044189 
0.018522 0.125883 0.014361 0.017245 0.014280 0.010576 0.019886 0.524935 0.014129 0.009132 0.167879 0.022531 0.040641 
0.110498 0.057407 0.030530 0.056841 0.086680 0.109869 0.073483 0.123621 0.121365 0.054107 0.047967 0.059516 0.068115 
Document 46
0.046484 0.065788 0.041288 0.063732 0.285941 0.059805 0.030356 0.060195 0.069303 0.044391 0.054678 0.066995 0.111044 
0.037365 0.035952 0.028970 0.034788 0.174133 0.021336 0.040116 0.332311 0.101166 0.018423 0.120669 0.045451 0.009321 
0.064812 0.033672 0.017907 0.033340 0.050842 0.064443 0.043101 0.072509 0.277914 0.031736 0.028135 0.034909 0.246681 
Document 47
0.062157 0.087970 0.055210 0.085221 0.045175 0.079970 0.040592 0.080492 0.092670 0.059359 0.073114 0.089585 0.148486 
0.076044 0.073168 0.058958 0.070800 0.058626 0.043422 0.081643 0.232664 0.058007 0.037494 0.097701 0.092500 0.018971 
0.336015 0.012688 0.006748 0.012563 0.019158 0.335876 0.016241 0.027323 0.026824 0.011959 0.166398 0.013154 0.015055 
Document 48
0.026464 0.181014 0.023506 0.466961 0.019234 0.034048 0.017282 0.034270 0.039456 0.025273 0.031129 0.038142 0.063220 
0.058687 0.056467 0.045501 0.054639 0.159373 0.033511 0.291264 0.065429 0.044767 0.028936 0.075400 0.071387 0.014641 
0.419086 0.008211 0.004367 0.008130 0.012398 0.166945 0.111330 0.118502 0.067769 0.007739 0.057271 0.008512 0.009742 
Document 49
0.008793 0.012444 0.103203 0.107449 0.006390 0.011312 0.005742 0.106780 0.490077 0.008397 0.010343 0.108066 0.021005 
0.070304 0.013835 0.011148 0.013387 0.067011 0.064136 0.155250 0.127881 0.234669 0.035052 0.102362 0.101378 0.003587 
0.064812 0.033672 0.017907 0.033340 0.050842 0.271171 0.043101 0.072509 0.071186 0.238465 0.028135 0.034909 0.039952 
Document 50
0.030900 0.043733 0.027447 0.042366 0.022458 0.542624 0.020179 0.040015 0.046069 0.029509 0.036347 0.044535 0.073817 
0.213756 0.042065 0.033895 0.040703 0.033705 0.024964 0.301994 0.048741 0.118368 0.021555 0.056169 0.053179 0.010906 
0.110498 0.057407 0.030530 0.056841 0.086680 0.109869 0.073483 0.123621 0.121365 0.054107 0.047967 0.059516 0.068115 
Document 51
0.037123 0.253918 0.032974 0.050897 0.026980 0.047761 0.024243 0.048073 0.256725 0.035452 0.043667 0.053504 0.088682 
0.047780 0.045973 0.037045 0.044485 0.036836 0.027283 0.422974 0.053270 0.129366 0.023558 0.061388 0.058120 0.011920 
0.110498 0.057407 0.030530 0.056841 0.086680 0.109869 0.073483 0.123621 0.121365 0.054107 0.047967 0.059516 0.068115 
Document 52
0.062157 0.087970 0.055210 0.085221 0.045175 0.079970 0.040592 0.080492 0.092670 0.059359 0.073114 0.089585 0.148486 
0.223928 0.073168 0.058958 0.070800 0.058626 0.043422 0.081643 0.084781 0.058007 0.037494 0.097701 0.092500 0.018971 
0.040003 0.020783 0.011052 0.020578 0.031380 0.422562 0.026603 0.044754 0.043937 0.019588 0.017365 0.021546 0.279850 
Document 53
0.030900 0.043733 0.027447 0.042366 0.022458 0.039755 0.020179 0.040015 0.213692 0.029509 0.036347 0.044535 0.409063 
0.243412 0.055854 0.052264 0.017889 0.014813 0.010972 0.057995 0.133521 0.014657 0.009474 0.248884 0.135471 0.004793 
0.110498 0.057407 0.030530 0.056841 0.086680 0.109869 0.073483 0.123621 0.121365 0.054107 0.047967 0.059516 0.068115 
Document 54
0.170024 0.037454 0.023506 0.036284 0.019234 0.177607 0.017282 0.034270 0.326574 0.025273 0.031129 0.038142 0.063220 
0.032624 0.031390 0.025294 0.030374 0.025151 0.018628 0.035026 0.290145 0.151772 0.016085 0.105358 0.230014 0.008139 
0.053709 0.027903 0.014839 0.027628 0.042132 0.396029 0.035717 0.060087 0.230304 0.026299 0.023315 0.028928 0.033108 
Document 55
0.030900 0.043733 0.027447 0.042366 0.022458 0.039755 0.020179 0.207638 0.046069 0.364755 0.036347 0.044535 0.073817 
0.118955 0.063817 0.116845 0.008742 0.007239 0.078405 0.010081 0.010469 0.043684 0.004630 0.432063 0.066204 0.038864 
0.342304 0.042447 0.022574 0.042028 0.064091 0.081237 0.054333 0.091405 0.089737 0.040007 0.035467 0.044006 0.050364 
Document 56
0.091144 0.010886 0.173737 0.010546 0.005590 0.218527 0.005023 0.009961 0.094920 0.049072 0.009048 0.303169 0.018375 
0.110028 0.035952 0.174296 0.034788 0.028806 0.021336 0.330770 0.041658 0.028502 0.018423 0.048006 0.118114 0.009321 
0.110498 0.057407 0.030530 0.056841 0.086680 0.109869 0.073483 0.123621 0.121365 0.054107 0.047967 0.059516 0.068115 
Document 57
0.387350 0.016341 0.010256 0.015830 0.008392 0.014855 0.007540 0.014952 0.079848 0.073660 0.013582 0.204543 0.152851 
0.118077 0.083824 0.114195 0.016086 0.013320 0.009866 0.085749 0.086462 0.113979 0.042119 0.290997 0.021017 0.004310 
0.335507 0.010285 0.131754 0.010183 0.078671 0.145968 0.013165 0.022147 0.211169 0.009693 0.008593 0.010662 0.012203 
Document 58
0.037123 0.052539 0.032974 0.050897 0.026980 0.047761 0.024243 0.048073 0.055347 0.236830 0.043667 0.053504 0.290061 
0.015231 0.103512 0.011809 0.043799 0.011742 0.038316 0.016352 0.016980 0.041237 0.037129 0.197282 0.462812 0.003800 
0.167598 0.020783 0.011052 0.020578 0.031380 0.167371 0.026603 0.044754 0.043937 0.019588 0.017365 0.404333 0.024659 
Document 59
0.012318 0.217890 0.211398 0.016888 0.008952 0.015848 0.008044 0.015951 0.018365 0.011763 0.014489 0.418668 0.029426 
0.036258 0.011847 0.009546 0.107244 0.033438 0.007031 0.013220 0.133454 0.009392 0.006071 0.470778 0.086813 0.074907 
0.045853 0.023822 0.012669 0.023587 0.035970 0.484364 0.030493 0.197557 0.050363 0.022453 0.019905 0.024697 0.028266 
Document 60
0.023142 0.158290 0.020555 0.282803 0.016819 0.029774 0.015113 0.029968 0.034502 0.022100 0.278296 0.033354 0.055284 
0.223928 0.073168 0.058958 0.070800 0.058626 0.043422 0.081643 0.084781 0.058007 0.037494 0.097701 0.092500 0.018971 
0.035476 0.018431 0.009802 0.018249 0.027829 0.035274 0.023592 0.718633 0.038965 0.017371 0.015400 0.019108 0.021869 
Document 61
0.062157 0.087970 0.055210 0.085221 0.045175 0.079970 0.040592 0.080492 0.092670 0.059359 0.073114 0.089585 0.148486 
0.019960 0.019205 0.015476 0.173851 0.054205 0.011397 0.060247 0.332787 0.015226 0.048658 0.064462 0.179547 0.004980 
0.081702 0.042447 0.022574 0.302631 0.064091 0.081237 0.054333 0.091405 0.089737 0.040007 0.035467 0.044006 0.050364 
Document 62
0.010261 0.014522 0.009114 0.014068 0.007457 0.180186 0.006701 0.013287 0.404928 0.009799 0.067731 0.237434 0.024512 
0.030677 0.148834 0.023785 0.028562 0.142968 0.017517 0.152253 0.034202 0.142718 0.015126 0.099073 0.156633 0.007653 
0.102320 0.324281 0.006748 0.090461 0.252853 0.102181 0.016241 0.027323 0.026824 0.011959 0.010602 0.013154 0.015055 
Document 63
0.046484 0.065788 0.293446 0.063732 0.033784 0.059805 0.030356 0.060195 0.069303 0.044391 0.054678 0.066995 0.111044 
0.013988 0.149468 0.010845 0.067427 0.010784 0.035189 0.259835 0.233210 0.037872 0.006897 0.099577 0.071419 0.003490 
0.110498 0.057407 0.030530 0.056841 0.086680 0.109869 0.073483 0.123621 0.121365 0.054107 0.047967 0.059516 0.068115 
Document 64
0.238502 0.052539 0.032974 0.050897 0.026980 0.047761 0.024243 0.048073 0.055347 0.035452 0.043667 0.053504 0.290061 
0.413284 0.285163 0.025294 0.030374 0.025151 0.018628 0.035026 0.036372 0.024886 0.016085 0.041915 0.039684 0.008139 
0.225022 0.027903 0.186152 0.027628 0.042132 0.224716 0.035717 0.060087 0.058991 0.026299 0.023315 0.028928 0.033108 
Document 65
0.016811 0.206178 0.014932 0.023048 0.103411 0.021628 0.010978 0.021770 0.481028 0.016054 0.019774 0.024229 0.040159 
0.184343 0.159334 0.058846 0.060810 0.009726 0.007203 0.013544 0.014064 0.058688 0.006220 0.261534 0.162541 0.003147 
0.045853 0.023822 0.012669 0.023587 0.035970 0.045592 0.030493 0.636328 0.050363 0.022453 0.019905 0.024697 0.028266 
Document 66
0.062157 0.087970 0.055210 0.085221 0.045175 0.079970 0.040592 0.080492 0.092670 0.059359 0.073114 0.089585 0.148486 
0.034834 0.033516 0.027007 0.032431 0.026855 0.019890 0.037398 0.242059 0.026571 0.017175 0.315719 0.177854 0.008690 
0.045853 0.023822 0.012669 0.023587 0.035970 0.484364 0.030493 0.051299 0.050363 0.022453 0.019905 0.024697 0.174523 
Document 67
0.168470 0.020122 0.012629 0.405124 0.087459 0.018292 0.009285 0.018412 0.175450 0.013578 0.016724 0.020491 0.033965 
0.028950 0.027855 0.022446 0.026954 0.022319 0.016531 0.087382 0.032276 0.078383 0.014274 0.600192 0.035215 0.007222 
0.081702 0.042447 0.283176 0.042028 0.064091 0.081237 0.054333 0.091405 0.089737 0.040007 0.035467 0.044006 0.050364 
Document 68
0.026464 0.037454 0.023506 0.036284 0.019234 0.034048 0.017282 0.034270 0.326574 0.025273 0.174688 0.181701 0.063220 
0.286397 0.031390 0.025294 0.030374 0.025151 0.018628 0.035026 0.099815 0.024886 0.016085 0.359132 0.039684 0.008139 
0.110498 0.057407 0.030530 0.056841 0.086680 0.109869 0.073483 0.123621 0.121365 0.054107 0.047967 0.059516 0.068115 
Document 69
0.533457 0.107838 0.150900 0.012055 0.006390 0.011312 0.053439 0.011386 0.060806 0.008397 0.010343 0.012672 0.021005 
0.008751 0.144562 0.006785 0.008147 0.091835 0.022015 0.060448 0.026774 0.040711 0.004315 0.487741 0.095733 0.002183 
0.081702 0.042447 0.022574 0.042028 0.064091 0.081237 0.054333 0.091405 0.350339 0.040007 0.035467 0.044006 0.050364 
Document 70
0.245596 0.020122 0.012629 0.019493 0.010333 0.018292 0.009285 0.018412 0.021197 0.013578 0.016724 0.251870 0.342469 
0.021101 0.104439 0.144905 0.090281 0.005524 0.004092 0.174912 0.021924 0.033336 0.003533 0.385450 0.008716 0.001788 
0.283061 0.006304 0.312983 0.006242 0.009519 0.012065 0.008069 0.284502 0.052031 0.005942 0.005267 0.006536 0.007480 
Document 71
0.046484 0.065788 0.041288 0.063732 0.033784 0.059805 0.030356 0.060195 0.069303 0.044391 0.054678 0.319153 0.111044 
0.223928 0.073168 0.058958 0.070800 0.058626 0.043422 0.081643 0.084781 0.058007 0.037494 0.097701 0.092500 0.018971 
0.040003 0.020783 0.011052 0.020578 0.031380 0.294966 0.026603 0.044754 0.043937 0.019588 0.017365 0.021546 0.407446 
Document 72
0.046484 0.317946 0.041288 0.063732 0.033784 0.059805 0.030356 0.060195 0.069303 0.044391 0.054678 0.066995 0.111044 
0.089242 0.085866 0.069190 0.083087 0.068801 0.050958 0.095812 0.099495 0.068074 0.044001 0.114657 0.108554 0.022263 
0.028929 0.015030 0.007993 0.014881 0.022693 0.674684 0.019238 0.032365 0.031774 0.106440 0.012558 0.015582 0.017833 
Document 73
0.037123 0.455297 0.032974 0.050897 0.026980 0.047761 0.024243 0.048073 0.055347 0.035452 0.043667 0.053504 0.088682 
0.089242 0.085866 0.069190 0.083087 0.068801 0.050958 0.095812 0.099495 0.068074 0.044001 0.114657 0.108554 0.022263 
0.110964 0.013760 0.007318 0.013624 0.020776 0.279771 0.017613 0.029631 0.451485 0.012969 0.011497 0.014265 0.016326 
Document 74
0.062157 0.087970 0.055210 0.085221 0.045175 0.079970 0.040592 0.080492 0.092670 0.059359 0.073114 0.089585 0.148486 
0.013266 0.012764 0.010285 0.012351 0.010227 0.007575 0.040041 0.117984 0.293902 0.006541 0.275028 0.041935 0.158100 
0.045853 0.608852 0.012669 0.023587 0.035970 0.045592 0.030493 0.051299 0.050363 0.022453 0.019905 0.024697 0.028266 
Document 75
0.062157 0.087970 0.055210 0.085221 0.045175 0.079970 0.040592 0.080492 0.092670 0.059359 0.073114 0.089585 0.148486 
0.013617 0.039584 0.010558 0.012678 0.010498 0.007776 0.014620 0.121108 0.328166 0.006714 0.229348 0.016564 0.188768 
0.040003 0.658760 0.011052 0.020578 0.031380 0.039775 0.026603 0.044754 0.043937 0.019588 0.017365 0.021546 0.024659 
Document 76
0.037123 0.052539 0.032974 0.050897 0.026980 0.047761 0.024243 0.048073 0.055347 0.035452 0.245045 0.254883 0.088682 
0.047780 0.138892 0.037045 0.137404 0.036836 0.120202 0.051298 0.053270 0.036447 0.023558 0.061388 0.243958 0.011920 
0.110964 0.013760 0.007318 0.013624 0.020776 0.364250 0.102092 0.029631 0.029090 0.266406 0.011497 0.014265 0.016326 
Document 77
0.046484 0.065788 0.041288 0.063732 0.033784 0.059805 0.030356 0.312353 0.069303 0.044391 0.054678 0.066995 0.111044 
0.017278 0.016624 0.046995 0.016086 0.013320 0.009866 0.354548 0.019263 0.147579 0.008519 0.257397 0.088216 0.004310 
0.053709 0.027903 0.186152 0.027628 0.042132 0.053403 0.035717 0.060087 0.058991 0.026299 0.365941 0.028928 0.033108 
Document 78
0.009720 0.013756 0.008633 0.013326 0.007064 0.592498 0.006348 0.065313 0.119944 0.009282 0.064160 0.066735 0.023220 
0.089242 0.085866 0.069190 0.083087 0.068801 0.050958 0.095812 0.099495 0.068074 0.044001 0.114657 0.108554 0.022263 
0.081702 0.042447 0.022574 0.042028 0.324693 0.081237 0.054333 0.091405 0.089737 0.040007 0.035467 0.044006 0.050364 
Document 79
0.298642 0.065788 0.041288 0.063732 0.033784 0.059805 0.030356 0.060195 0.069303 0.044391 0.054678 0.066995 0.111044 
0.089242 0.085866 0.069190 0.083087 0.068801 0.050958 0.095812 0.099495 0.068074 0.044001 0.114657 0.108554 0.022263 
0.022657 0.084040 0.006260 0.011655 0.451385 0.167065 0.015067 0.025348 0.097154 0.011094 0.082104 0.012203 0.013967 
Document 80
0.008027 0.403248 0.007130 0.011005 0.049377 0.271586 0.005242 0.010395 0.011967 0.181838 0.009442 0.011569 0.019175 
0.024767 0.023830 0.260026 0.023059 0.019094 0.014142 0.219250 0.027613 0.018893 0.012212 0.031821 0.319115 0.006179 
0.110964 0.013760 0.007318 0.013624 0.020776 0.026334 0.017613 0.198589 0.282527 0.266406 0.011497 0.014265 0.016326 
Document 81
0.023142 0.032752 0.020555 0.533877 0.016819 0.029774 0.140650 0.029968 0.034502 0.022100 0.027221 0.033354 0.055284 
0.066247 0.063742 0.051363 0.061678 0.051073 0.037828 0.071125 0.331521 0.050534 0.032663 0.085114 0.080583 0.016527 
0.045853 0.023822 0.012669 0.023587 0.035970 0.045592 0.615523 0.051299 0.050363 0.022453 0.019905 0.024697 0.028266 
Document 82
0.018498 0.628240 0.016430 0.025361 0.013444 0.023799 0.012080 0.023954 0.027578 0.017665 0.021758 0.026660 0.144532 
0.066247 0.192573 0.051363 0.061678 0.051073 0.037828 0.071125 0.202690 0.050534 0.032663 0.085114 0.080583 0.016527 
0.081702 0.042447 0.022574 0.042028 0.064091 0.081237 0.054333 0.091405 0.089737 0.300609 0.035467 0.044006 0.050364 
Document 83
0.014218 0.251501 0.012629 0.019493 0.010333 0.095418 0.009285 0.095538 0.021197 0.013578 0.016724 0.251870 0.188217 
0.217426 0.071995 0.019202 0.023059 0.259918 0.206801 0.026591 0.027613 0.018893 0.012212 0.031821 0.078292 0.006179 
0.110498 0.057407 0.030530 0.056841 0.086680 0.109869 0.073483 0.123621 0.121365 0.054107 0.047967 0.059516 0.068115 
Document 84
0.118841 0.026179 0.016430 0.025361 0.113787 0.525516 0.012080 0.023954 0.027578 0.017665 0.021758 0.026660 0.044189 
0.076044 0.073168 0.206842 0.070800 0.058626 0.043422 0.081643 0.084781 0.058007 0.037494 0.097701 0.092500 0.018971 
0.121203 0.015030 0.007993 0.014881 0.022693 0.028764 0.296061 0.124639 0.031774 0.106440 0.012558 0.200130 0.017833 
Document 85
0.012318 0.284710 0.010941 0.016888 0.008952 0.283124 0.008044 0.015951 0.085184 0.011763 0.014489 0.151391 0.096245 
0.323910 0.063742 0.051363 0.061678 0.051073 0.037828 0.071125 0.073859 0.050534 0.032663 0.085114 0.080583 0.016527 
0.081702 0.042447 0.022574 0.042028 0.064091 0.341839 0.054333 0.091405 0.089737 0.040007 0.035467 0.044006 0.050364 
Document 86
0.319528 0.226866 0.016430 0.125705 0.013444 0.023799 0.012080 0.023954 0.027578 0.017665 0.021758 0.127004 0.044189 
0.286943 0.056467 0.045501 0.054639 0.045245 0.033511 0.063008 0.065429 0.044767 0.028936 0.075400 0.185515 0.014641 
0.407821 0.007132 0.003793 0.007062 0.010769 0.013650 0.315646 0.015359 0.015078 0.006722 0.137324 0.007394 0.052251 
Document 87
0.062157 0.087970 0.055210 0.085221 0.045175 0.079970 0.040592 0.080492 0.092670 0.059359 0.073114 0.089585 0.148486 
0.089242 0.085866 0.069190 0.083087 0.068801 0.050958 0.095812 0.099495 0.068074 0.044001 0.114657 0.108554 0.022263 
0.026485 0.013760 0.007318 0.013624 0.105255 0.448729 0.017613 0.198589 0.029090 0.097448 0.011497 0.014265 0.016326 
Document 88
0.026464 0.037454 0.023506 0.036284 0.019234 0.034048 0.017282 0.034270 0.470133 0.025273 0.031129 0.038142 0.206779 
0.018522 0.197924 0.014361 0.053265 0.014280 0.010576 0.019886 0.344834 0.086170 0.009132 0.023797 0.202632 0.004621 
0.064812 0.033672 0.017907 0.033340 0.464298 0.064443 0.043101 0.072509 0.071186 0.031736 0.028135 0.034909 0.039952 
Document 89
0.457142 0.037454 0.023506 0.036284 0.019234 0.034048 0.017282 0.034270 0.039456 0.025273 0.031129 0.181701 0.063220 
0.054941 0.054516 0.205381 0.010462 0.074219 0.071973 0.143177 0.099936 0.030424 0.005540 0.101846 0.101077 0.046508 
0.110498 0.057407 0.030530 0.056841 0.086680 0.109869 0.073483 0.123621 0.121365 0.054107 0.047967 0.059516 0.068115 
Document 90
0.062157 0.087970 0.055210 0.085221 0.045175 0.079970 0.040592 0.080492 0.092670 0.059359 0.073114 0.089585 0.148486 
0.298775 0.212103 0.033895 0.125722 0.033705 0.024964 0.046937 0.048741 0.033349 0.021555 0.056169 0.053179 0.010906 
0.110498 0.057407 0.030530 0.056841 0.086680 0.109869 0.073483 0.123621 0.121365 0.054107 0.047967 0.059516 0.068115 
Document 91
0.037123 0.052539 0.032974 0.453655 0.026980 0.047761 0.024243 0.048073 0.055347 0.035452 0.043667 0.053504 0.088682 
0.021640 0.104990 0.100946 0.062232 0.016684 0.012357 0.023234 0.444965 0.016507 0.010670 0.111971 0.068407 0.005399 
0.064812 0.033672 0.017907 0.240068 0.257570 0.064443 0.043101 0.072509 0.071186 0.031736 0.028135 0.034909 0.039952 
Document 92
0.037123 0.052539 0.032974 0.252276 0.026980 0.047761 0.024243 0.048073 0.055347 0.035452 0.043667 0.254883 0.088682 
0.034834 0.033516 0.027007 0.032431 0.026855 0.087631 0.172881 0.309800 0.162054 0.017175 0.044754 0.042372 0.008690 
0.081702 0.042447 0.022574 0.042028 0.064091 0.341839 0.054333 0.091405 0.089737 0.040007 0.035467 0.044006 0.050364 
Document 93
0.062157 0.087970 0.055210 0.085221 0.045175 0.079970 0.040592 0.080492 0.092670 0.059359 0.073114 0.089585 0.148486 
0.034834 0.168998 0.027007 0.032431 0.094596 0.019890 0.037398 0.445282 0.026571 0.017175 0.044754 0.042372 0.008690 
0.081702 0.042447 0.022574 0.042028 0.064091 0.081237 0.054333 0.352008 0.089737 0.040007 0.035467 0.044006 0.050364 
Document 94
0.062157 0.087970 0.055210 0.085221 0.045175 0.079970 0.040592 0.080492 0.092670 0.059359 0.073114 0.089585 0.148486 
0.131313 0.130587 0.014897 0.017889 0.089546 0.010972 0.020629 0.395085 0.014657 0.009474 0.136785 0.023372 0.004793 
0.110498 0.057407 0.030530 0.056841 0.086680 0.109869 0.073483 0.123621 0.121365 0.054107 0.047967 0.059516 0.068115 
Document 95
0.037123 0.052539 0.032974 0.050897 0.026980 0.047761 0.024243 0.048073 0.055347 0.035452 0.043667 0.456261 0.088682 
0.043718 0.127084 0.033895 0.040703 0.033705 0.024964 0.046937 0.048741 0.033349 0.021555 0.226207 0.308236 0.010906 
0.081702 0.042447 0.022574 0.042028 0.064091 0.081237 0.054333 0.091405 0.350339 0.040007 0.035467 0.044006 0.050364 
Document 96
0.008793 0.012444 0.055507 0.012055 0.006390 0.059009 0.005742 0.154477 0.299290 0.008397 0.010343 0.155763 0.211792 
0.012932 0.012443 0.010027 0.012040 0.009970 0.007384 0.064184 0.165316 0.035015 0.006376 0.016615 0.644471 0.003226 
0.336015 0.090586 0.006748 0.012563 0.330751 0.024283 0.016241 0.027323 0.104722 0.011959 0.010602 0.013154 0.015055 
Document 97
0.005427 0.154888 0.004821 0.007441 0.003944 0.242514 0.003544 0.007028 0.008092 0.005183 0.065267 0.361119 0.130731 
0.182692 0.035952 0.028970 0.107451 0.101470 0.021336 0.040116 0.186985 0.101166 0.018423 0.120669 0.045451 0.009321 
0.437876 0.006304 0.003353 0.006242 0.009519 0.012065 0.046773 0.013575 0.439069 0.005942 0.005267 0.006536 0.007480 
Document 98
0.037123 0.253918 0.032974 0.050897 0.026980 0.047761 0.024243 0.048073 0.055347 0.035452 0.043667 0.254883 0.088682 
0.076044 0.073168 0.058958 0.070800 0.058626 0.043422 0.081643 0.084781 0.205891 0.037494 0.097701 0.092500 0.018971 
0.133524 0.016557 0.008805 0.016394 0.025000 0.031688 0.122848 0.035655 0.441621 0.015606 0.013835 0.017166 0.121300 
Document 99
0.026464 0.324573 0.023506 0.036284 0.019234 0.034048 0.017282 0.034270 0.039456 0.025273 0.318248 0.038142 0.063220 
0.020766 0.343056 0.016100 0.019334 0.016010 0.011858 0.022295 0.023152 0.015841 0.010239 0.107449 0.348335 0.045565 
0.110498 0.057407 0.030530 0.056841 0.086680 0.109869 0.073483 0.123621 0.121365 0.054107 0.047967 0.059516 0.068115 
Document 100
0.062157 0.087970 0.055210 0.085221 0.045175 0.079970 0.040592 0.080492 0.092670 0.059359 0.073114 0.089585 0.148486 
0.024767 0.023830 0.019202 0.023059 0.019094 0.014142 0.074755 0.027613 0.018893 0.012212 0.272644 0.463609 0.006179 
0.053709 0.027903 0.014839 0.027628 0.042132 0.396029 0.035717 0.060087 0.230304 0.026299 0.023315 0.028928 0.033108 
Document 101
0.219185 0.026179 0.317461 0.025361 0.013444 0.023799 0.012080 0.023954 0.027578 0.017665 0.222445 0.026660 0.044189 
0.089242 0.085866 0.069190 0.083087 0.068801 0.050958 0.095812 0.099495 0.068074 0.044001 0.114657 0.108554 0.022263 
0.225022 0.027903 0.014839 0.027628 0.042132 0.396029 0.035717 0.060087 0.058991 0.026299 0.023315 0.028928 0.033108 
Document 102
0.030900 0.043733 0.027447 0.042366 0.022458 0.039755 0.020179 0.207638 0.046069 0.029509 0.203970 0.044535 0.241440 
0.388628 0.029517 0.023785 0.028562 0.202626 0.017517 0.032936 0.093860 0.023401 0.015126 0.099073 0.037316 0.007653 
0.167598 0.020783 0.011052 0.020578 0.031380 0.039775 0.026603 0.427540 0.043937 0.147184 0.017365 0.021546 0.024659 
Document 103
0.062157 0.087970 0.055210 0.085221 0.045175 0.079970 0.040592 0.080492 0.092670 0.059359 0.073114 0.089585 0.148486 
0.085250 0.027855 0.022446 0.195853 0.022319 0.016531 0.031082 0.144876 0.022084 0.014274 0.037195 0.373013 0.007222 
0.022657 0.011771 0.006260 0.083924 0.379116 0.239334 0.015067 0.097617 0.097154 0.011094 0.009835 0.012203 0.013967 
Document 104
0.030900 0.378979 0.027447 0.209989 0.022458 0.039755 0.020179 0.040015 0.046069 0.029509 0.036347 0.044535 0.073817 
0.089242 0.085866 0.069190 0.083087 0.068801 0.050958 0.095812 0.099495 0.068074 0.044001 0.114657 0.108554 0.022263 
0.063037 0.007817 0.004157 0.007740 0.011803 0.398888 0.249960 0.016833 0.016525 0.199331 0.006531 0.008104 0.009275 
Document 105
0.009720 0.013756 0.008633 0.171506 0.007064 0.117958 0.006348 0.170767 0.067218 0.062009 0.011433 0.330368 0.023220 
0.040293 0.273840 0.031240 0.037514 0.031064 0.023007 0.121616 0.044922 0.109093 0.019866 0.208482 0.049012 0.010052 
0.045853 0.023822 0.012669 0.023587 0.035970 0.338107 0.323008 0.051299 0.050363 0.022453 0.019905 0.024697 0.028266 
Document 106
0.062157 0.087970 0.055210 0.085221 0.045175 0.079970 0.040592 0.080492 0.092670 0.059359 0.073114 0.089585 0.148486 
0.286943 0.056467 0.159629 0.054639 0.045245 0.033511 0.063008 0.065429 0.044767 0.028936 0.075400 0.071387 0.014641 
0.192111 0.023822 0.158926 0.169845 0.035970 0.045592 0.176751 0.051299 0.050363 0.022453 0.019905 0.024697 0.028266 
Document 107
0.046484 0.065788 0.041288 0.063732 0.033784 0.059805 0.030356 0.312353 0.069303 0.044391 0.054678 0.066995 0.111044 
0.323910 0.063742 0.051363 0.061678 0.051073 0.037828 0.071125 0.073859 0.050534 0.032663 0.085114 0.080583 0.016527 
0.040003 0.148378 0.266243 0.020578 0.031380 0.039775 0.281794 0.044754 0.043937 0.019588 0.017365 0.021546 0.024659 
Document 108
0.062157 0.087970 0.055210 0.085221 0.045175 0.079970 0.040592 0.080492 0.092670 0.059359 0.073114 0.089585 0.148486 
0.076044 0.073168 0.206842 0.070800 0.058626 0.043422 0.081643 0.084781 0.058007 0.037494 0.097701 0.092500 0.018971 
0.434365 0.009674 0.005145 0.009578 0.014607 0.077906 0.012383 0.020832 0.020451 0.009118 0.008083 0.010029 0.367831 
Document 109
