Document 0
0.016183 0.023263 0.013803 0.022747 0.010889 0.664544 0.009918 0.115380 0.023369 0.013951 0.018633 0.023756 0.043565 
0.243743 0.052086 0.039574 0.052386 0.043586 0.029722 0.060892 0.066612 0.135179 0.025748 0.168371 0.068676 0.013423 
0.116239 0.053804 0.025169 0.055935 0.090241 0.122858 0.071264 0.121664 0.124698 0.052268 0.046520 0.056486 0.062855 
Document 1
0.299863 0.064756 0.038425 0.063320 0.030310 0.066190 0.027610 0.066369 0.065053 0.038835 0.051869 0.066129 0.121272 
0.337643 0.052086 0.039574 0.052386 0.043586 0.029722 0.060892 0.066612 0.041279 0.025748 0.168371 0.068676 0.013423 
0.122672 0.014295 0.006687 0.106650 0.023977 0.583371 0.018934 0.032326 0.033132 0.013887 0.012360 0.015008 0.016700 
Document 2
0.159442 0.012755 0.007568 0.012472 0.005970 0.063227 0.005438 0.013072 0.313951 0.007649 0.010216 0.364353 0.023886 
0.089595 0.083417 0.063380 0.083898 0.069805 0.047602 0.097521 0.106682 0.066110 0.041237 0.119268 0.109987 0.021497 
0.280501 0.013094 0.258339 0.013612 0.021961 0.198041 0.101414 0.029608 0.030346 0.012720 0.011321 0.013746 0.015296 
Document 3
0.060452 0.086899 0.051564 0.084972 0.040675 0.088823 0.037051 0.089064 0.087297 0.052115 0.069605 0.088741 0.162741 
0.089595 0.083417 0.063380 0.083898 0.069805 0.047602 0.097521 0.106682 0.066110 0.041237 0.119268 0.109987 0.021497 
0.312096 0.011209 0.005243 0.011653 0.090770 0.385445 0.014846 0.025346 0.025978 0.010889 0.009692 0.083738 0.013095 
Document 4
0.009342 0.013429 0.007968 0.013131 0.006286 0.436460 0.005726 0.172289 0.066332 0.113737 0.010756 0.013713 0.130832 
0.043647 0.040638 0.030876 0.040872 0.034007 0.169714 0.047509 0.271758 0.105469 0.093351 0.058103 0.053582 0.010473 
0.068743 0.031819 0.014885 0.033080 0.053368 0.072657 0.042145 0.276255 0.073745 0.235214 0.027512 0.033406 0.037172 
Document 5
0.060452 0.086899 0.051564 0.084972 0.040675 0.088823 0.037051 0.089064 0.087297 0.052115 0.069605 0.088741 0.162741 
0.208608 0.072512 0.055095 0.072930 0.060680 0.041379 0.084773 0.092736 0.057468 0.035846 0.103677 0.095609 0.018687 
0.348884 0.006518 0.003049 0.048626 0.010932 0.433387 0.008633 0.056589 0.015106 0.006332 0.005636 0.048693 0.007614 
Document 6
0.045048 0.064756 0.038425 0.063320 0.030310 0.066190 0.027610 0.066369 0.065053 0.038835 0.306684 0.066129 0.121272 
0.068878 0.064129 0.048725 0.180111 0.053665 0.036595 0.074972 0.082014 0.050824 0.031702 0.091690 0.200168 0.016527 
0.599986 0.006518 0.003049 0.006776 0.010932 0.224135 0.050483 0.056589 0.015106 0.006332 0.005636 0.006843 0.007614 
Document 7
0.045048 0.064756 0.038425 0.063320 0.030310 0.066190 0.282425 0.066369 0.065053 0.038835 0.051869 0.066129 0.121272 
0.165868 0.035444 0.026930 0.035649 0.029661 0.020226 0.105337 0.045330 0.028091 0.017522 0.050678 0.430131 0.009134 
0.337199 0.015740 0.007363 0.016364 0.329593 0.137006 0.020848 0.035593 0.036480 0.015291 0.013609 0.016525 0.018388 
Document 8
0.029840 0.042895 0.025453 0.379530 0.020078 0.043845 0.018289 0.043964 0.043092 0.025725 0.034358 0.043805 0.249126 
0.047098 0.043850 0.112371 0.044103 0.194803 0.025023 0.051265 0.135134 0.034753 0.021677 0.220804 0.057818 0.011301 
0.196430 0.013094 0.006125 0.097684 0.021961 0.366183 0.017343 0.029608 0.198489 0.012720 0.011321 0.013746 0.015296 
Document 9
0.029840 0.042895 0.025453 0.548323 0.020078 0.043845 0.018289 0.043964 0.043092 0.025725 0.034358 0.043805 0.080332 
0.061740 0.057483 0.043676 0.161446 0.048103 0.032803 0.274465 0.073515 0.045557 0.028416 0.082188 0.075793 0.014814 
0.116239 0.053804 0.025169 0.055935 0.090241 0.122858 0.071264 0.121664 0.124698 0.052268 0.046520 0.056486 0.062855 
Document 10
0.060452 0.086899 0.051564 0.084972 0.040675 0.088823 0.037051 0.089064 0.087297 0.052115 0.069605 0.088741 0.162741 
0.518497 0.037864 0.097030 0.038082 0.031685 0.021607 0.044266 0.048424 0.030008 0.018718 0.054137 0.049924 0.009758 
0.116239 0.053804 0.025169 0.055935 0.090241 0.122858 0.071264 0.121664 0.124698 0.052268 0.046520 0.056486 0.062855 
Document 11
0.060452 0.086899 0.051564 0.084972 0.040675 0.088823 0.037051 0.089064 0.087297 0.052115 0.069605 0.088741 0.162741 
0.018247 0.016989 0.104793 0.017087 0.197986 0.009695 0.111747 0.082984 0.013464 0.008398 0.299945 0.053029 0.065635 
0.370554 0.005583 0.002612 0.005804 0.367856 0.012749 0.007395 0.012625 0.192186 0.005424 0.004827 0.005862 0.006523 
Document 12
0.025531 0.036701 0.021777 0.035886 0.017178 0.037513 0.015648 0.182031 0.036869 0.022010 0.029396 0.470728 0.068731 
0.269003 0.057483 0.043676 0.057815 0.048103 0.032803 0.067203 0.073515 0.045557 0.028416 0.185820 0.075793 0.014814 
0.037829 0.129937 0.008191 0.018204 0.029368 0.602117 0.023192 0.039594 0.040582 0.017010 0.015140 0.018383 0.020455 
Document 13
0.060452 0.086899 0.051564 0.084972 0.040675 0.088823 0.037051 0.089064 0.087297 0.052115 0.069605 0.088741 0.162741 
0.038069 0.035444 0.026930 0.035649 0.029661 0.020226 0.105337 0.045330 0.091990 0.017522 0.242376 0.302332 0.009134 
0.026094 0.167181 0.005650 0.012557 0.020258 0.105131 0.248652 0.027312 0.027993 0.011733 0.010443 0.012680 0.324316 
Document 14
0.006819 0.009803 0.005817 0.086733 0.043162 0.087167 0.042753 0.010047 0.009848 0.005879 0.200720 0.010010 0.481242 
0.089595 0.083417 0.063380 0.083898 0.069805 0.047602 0.097521 0.106682 0.066110 0.041237 0.119268 0.109987 0.021497 
0.111821 0.007454 0.003487 0.007749 0.060361 0.017020 0.105591 0.304009 0.065134 0.007241 0.054304 0.247121 0.008708 
Document 15
0.060452 0.086899 0.051564 0.084972 0.040675 0.088823 0.037051 0.089064 0.087297 0.052115 0.069605 0.088741 0.162741 
0.089595 0.083417 0.063380 0.083898 0.069805 0.047602 0.097521 0.106682 0.066110 0.041237 0.119268 0.109987 0.021497 
0.042620 0.019728 0.009228 0.020509 0.033088 0.678385 0.026130 0.044610 0.045722 0.019165 0.017057 0.020711 0.023047 
Document 16
0.060452 0.086899 0.051564 0.084972 0.040675 0.088823 0.037051 0.089064 0.087297 0.052115 0.069605 0.088741 0.162741 
0.190172 0.040638 0.104139 0.040872 0.034007 0.023190 0.120771 0.125234 0.032207 0.020089 0.204628 0.053582 0.010473 
0.116239 0.053804 0.025169 0.055935 0.090241 0.122858 0.071264 0.121664 0.124698 0.052268 0.046520 0.056486 0.062855 
Document 17
0.118575 0.025607 0.015194 0.025039 0.314271 0.026173 0.010918 0.026244 0.025724 0.317642 0.020510 0.026149 0.047955 
0.068878 0.064129 0.164337 0.064499 0.053665 0.036595 0.074972 0.197627 0.050824 0.031702 0.091690 0.084556 0.016527 
0.224004 0.077594 0.004891 0.010871 0.017538 0.426705 0.013850 0.023645 0.024234 0.144434 0.009041 0.010978 0.012215 
Document 18
0.019809 0.252580 0.128949 0.027844 0.013329 0.029106 0.012141 0.141237 0.028606 0.241182 0.022809 0.029079 0.053328 
0.317048 0.031428 0.137196 0.031609 0.026300 0.017934 0.206717 0.040193 0.081566 0.015536 0.044935 0.041438 0.008099 
0.086393 0.039989 0.018706 0.041573 0.067070 0.091313 0.309727 0.090426 0.092680 0.038848 0.034576 0.041983 0.046716 
Document 19
0.148501 0.032069 0.019029 0.031358 0.015011 0.411356 0.013673 0.032868 0.032216 0.019232 0.151879 0.032749 0.060058 
0.061740 0.057483 0.043676 0.057815 0.151735 0.032803 0.067203 0.073515 0.252819 0.028416 0.082188 0.075793 0.014814 
0.112359 0.013094 0.006125 0.013612 0.021961 0.450255 0.185485 0.029608 0.030346 0.096791 0.011321 0.013746 0.015296 
Document 20
0.060452 0.086899 0.051564 0.084972 0.040675 0.088823 0.037051 0.089064 0.087297 0.052115 0.069605 0.088741 0.162741 
0.467813 0.024490 0.018607 0.068782 0.020494 0.013975 0.028631 0.163773 0.019409 0.012106 0.035015 0.120593 0.006311 
0.116239 0.053804 0.025169 0.055935 0.090241 0.122858 0.071264 0.121664 0.124698 0.052268 0.046520 0.056486 0.062855 
Document 21
0.045048 0.064756 0.038425 0.318135 0.030310 0.066190 0.027610 0.066369 0.065053 0.038835 0.051869 0.066129 0.121272 
0.043647 0.040638 0.030876 0.040872 0.107269 0.023190 0.340558 0.198496 0.032207 0.020089 0.058103 0.053582 0.010473 
0.034005 0.217869 0.007363 0.016364 0.026400 0.035942 0.020848 0.035593 0.036480 0.419549 0.013609 0.016525 0.119453 
Document 22
0.035900 0.457746 0.030622 0.050461 0.024155 0.052749 0.022003 0.052891 0.051842 0.030949 0.041336 0.052700 0.096646 
0.043647 0.040638 0.030876 0.040872 0.034007 0.023190 0.267296 0.198496 0.105469 0.093351 0.058103 0.053582 0.010473 
0.116239 0.053804 0.025169 0.055935 0.090241 0.122858 0.071264 0.121664 0.124698 0.052268 0.046520 0.056486 0.062855 
Document 23
0.011102 0.267145 0.009469 0.203995 0.007470 0.141905 0.006804 0.016356 0.016032 0.009571 0.075579 0.016297 0.218276 
0.051141 0.047615 0.036177 0.047889 0.125685 0.198851 0.141505 0.060894 0.037736 0.023538 0.153918 0.062781 0.012271 
0.068743 0.031819 0.014885 0.033080 0.053368 0.072657 0.042145 0.480558 0.073745 0.030911 0.027512 0.033406 0.037172 
Document 24
0.025531 0.036701 0.599444 0.035886 0.017178 0.037513 0.015648 0.037615 0.036869 0.022010 0.029396 0.037478 0.068731 
0.161496 0.016009 0.069884 0.016101 0.013396 0.009135 0.047576 0.049334 0.359012 0.007914 0.080609 0.165409 0.004126 
0.024216 0.011209 0.221153 0.083623 0.018800 0.097565 0.014846 0.025346 0.025978 0.010889 0.441512 0.011768 0.013095 
Document 25
0.022309 0.032069 0.019029 0.031358 0.015011 0.032779 0.266058 0.159060 0.032216 0.019232 0.025687 0.158941 0.186250 
0.077882 0.072512 0.055095 0.072930 0.060680 0.041379 0.215499 0.092736 0.057468 0.035846 0.103677 0.095609 0.018687 
0.017808 0.008243 0.268481 0.061494 0.119675 0.018822 0.010918 0.230339 0.124954 0.113857 0.007127 0.008654 0.009629 
Document 26
0.045048 0.064756 0.038425 0.318135 0.030310 0.066190 0.027610 0.066369 0.065053 0.038835 0.051869 0.066129 0.121272 
0.243743 0.052086 0.039574 0.052386 0.043586 0.123623 0.060892 0.160512 0.041279 0.025748 0.074471 0.068676 0.013423 
0.026094 0.012078 0.548510 0.012557 0.020258 0.027580 0.015998 0.104863 0.027993 0.011733 0.165546 0.012680 0.014110 
Document 27
0.060452 0.086899 0.051564 0.084972 0.040675 0.088823 0.037051 0.089064 0.087297 0.052115 0.069605 0.088741 0.162741 
0.101969 0.099344 0.026930 0.035649 0.029661 0.020226 0.233136 0.045330 0.028091 0.017522 0.050678 0.302332 0.009134 
0.086393 0.039989 0.275467 0.041573 0.067070 0.091313 0.052966 0.090426 0.092680 0.038848 0.034576 0.041983 0.046716 
Document 28
0.013678 0.251782 0.011667 0.019227 0.086577 0.329590 0.008384 0.020152 0.019753 0.011792 0.015750 0.020080 0.191569 
0.212280 0.025621 0.019467 0.164340 0.021441 0.014621 0.214714 0.032767 0.020306 0.012666 0.221394 0.033782 0.006603 
0.048802 0.022589 0.010567 0.023484 0.473005 0.196620 0.029919 0.051080 0.052353 0.021944 0.019531 0.023715 0.026389 
Document 29
0.060452 0.086899 0.051564 0.084972 0.040675 0.088823 0.037051 0.089064 0.087297 0.052115 0.069605 0.088741 0.162741 
0.023227 0.021626 0.016431 0.021750 0.018097 0.012341 0.142243 0.027657 0.212074 0.049677 0.303829 0.106488 0.044560 
0.017808 0.008243 0.003856 0.008569 0.013825 0.495147 0.010918 0.018639 0.389578 0.008007 0.007127 0.008654 0.009629 
Document 30
0.060452 0.086899 0.051564 0.084972 0.040675 0.088823 0.037051 0.089064 0.087297 0.052115 0.069605 0.088741 0.162741 
0.108929 0.037864 0.028769 0.038082 0.031685 0.021607 0.249050 0.184946 0.166531 0.018718 0.054137 0.049924 0.009758 
0.116239 0.053804 0.025169 0.055935 0.090241 0.122858 0.071264 0.121664 0.124698 0.052268 0.046520 0.056486 0.062855 
Document 31
0.199492 0.015958 0.009469 0.141198 0.007470 0.267498 0.006804 0.016356 0.078828 0.009571 0.075579 0.079093 0.092683 
0.051141 0.047615 0.036177 0.047889 0.039845 0.027171 0.055665 0.232574 0.037736 0.023538 0.068078 0.320301 0.012271 
0.037829 0.017510 0.120618 0.018204 0.029368 0.039983 0.023192 0.376875 0.040582 0.129437 0.015140 0.130810 0.020455 
Document 32
0.045048 0.064756 0.038425 0.063320 0.030310 0.066190 0.027610 0.066369 0.065053 0.038835 0.051869 0.320944 0.121272 
0.140760 0.016989 0.012908 0.047715 0.014217 0.009695 0.081118 0.113612 0.135977 0.008398 0.024291 0.389940 0.004378 
0.084083 0.009799 0.004584 0.136015 0.016434 0.588602 0.012978 0.085071 0.022709 0.009519 0.008472 0.010287 0.011447 
Document 33
0.045048 0.064756 0.038425 0.063320 0.030310 0.321005 0.027610 0.066369 0.065053 0.038835 0.051869 0.066129 0.121272 
0.233886 0.333579 0.021448 0.028392 0.023623 0.016109 0.033002 0.086994 0.022372 0.013955 0.142145 0.037221 0.007275 
0.240126 0.011209 0.005243 0.011653 0.018800 0.241505 0.014846 0.313226 0.025978 0.082859 0.009692 0.011768 0.013095 
Document 34
0.060452 0.086899 0.051564 0.084972 0.040675 0.088823 0.037051 0.089064 0.087297 0.052115 0.069605 0.088741 0.162741 
0.016712 0.015560 0.039873 0.015649 0.097173 0.121082 0.018190 0.132102 0.012331 0.007692 0.218602 0.301024 0.004010 
0.030884 0.014295 0.006687 0.014862 0.574704 0.032643 0.018934 0.032326 0.033132 0.013887 0.012360 0.198584 0.016700 
Document 35
0.025531 0.036701 0.021777 0.324720 0.017178 0.037513 0.015648 0.037615 0.036869 0.022010 0.029396 0.181895 0.213148 
0.225731 0.105638 0.101679 0.016579 0.043513 0.039125 0.078708 0.080518 0.042782 0.008149 0.142441 0.110889 0.004248 
0.057081 0.026421 0.012360 0.027468 0.044314 0.399620 0.204640 0.059745 0.061235 0.025667 0.022845 0.027739 0.030866 
Document 36
0.060452 0.086899 0.051564 0.084972 0.040675 0.088823 0.037051 0.089064 0.087297 0.052115 0.069605 0.088741 0.162741 
0.089595 0.083417 0.063380 0.083898 0.069805 0.047602 0.097521 0.106682 0.066110 0.041237 0.119268 0.109987 0.021497 
0.037829 0.129937 0.008191 0.018204 0.029368 0.489690 0.135619 0.039594 0.040582 0.017010 0.015140 0.018383 0.020455 
Document 37
0.045048 0.064756 0.038425 0.063320 0.030310 0.066190 0.027610 0.066369 0.319868 0.038835 0.051869 0.066129 0.121272 
0.027519 0.025621 0.019467 0.025769 0.021441 0.014621 0.029953 0.217528 0.020306 0.012666 0.406155 0.172353 0.006603 
0.086393 0.039989 0.018706 0.041573 0.067070 0.091313 0.052966 0.090426 0.092680 0.038848 0.034576 0.298744 0.046716 
Document 38
0.060452 0.086899 0.051564 0.084972 0.040675 0.088823 0.037051 0.089064 0.087297 0.052115 0.069605 0.088741 0.162741 
0.024169 0.306483 0.017098 0.022633 0.018831 0.053410 0.229151 0.028779 0.017834 0.011124 0.153880 0.110808 0.005799 
0.116239 0.053804 0.025169 0.055935 0.090241 0.122858 0.071264 0.121664 0.124698 0.052268 0.046520 0.056486 0.062855 
Document 39
0.029840 0.042895 0.025453 0.041944 0.020078 0.043845 0.187082 0.212757 0.211885 0.025725 0.034358 0.043805 0.080332 
0.024169 0.103640 0.057666 0.022633 0.140537 0.012841 0.026308 0.150485 0.017834 0.011124 0.397292 0.029671 0.005799 
0.057081 0.026421 0.012360 0.027468 0.044314 0.060331 0.034995 0.059745 0.230879 0.364956 0.022845 0.027739 0.030866 
Document 40
0.019809 0.028476 0.016897 0.027844 0.013329 0.253211 0.012141 0.029185 0.140658 0.353234 0.022809 0.029079 0.053328 
0.160413 0.019361 0.014711 0.019473 0.086011 0.045953 0.232062 0.024761 0.050249 0.044476 0.167300 0.130242 0.004990 
0.116239 0.053804 0.025169 0.055935 0.090241 0.122858 0.071264 0.121664 0.124698 0.052268 0.046520 0.056486 0.062855 
Document 41
0.045048 0.064756 0.038425 0.063320 0.030310 0.066190 0.027610 0.066369 0.065053 0.038835 0.051869 0.320944 0.121272 
0.079504 0.108874 0.012908 0.047715 0.044845 0.009695 0.050490 0.266753 0.013464 0.039027 0.085547 0.114285 0.126891 
0.116239 0.053804 0.025169 0.055935 0.090241 0.122858 0.071264 0.121664 0.124698 0.052268 0.046520 0.056486 0.062855 
Document 42
0.060452 0.086899 0.051564 0.084972 0.040675 0.088823 0.037051 0.089064 0.087297 0.052115 0.069605 0.088741 0.162741 
0.031945 0.029743 0.022598 0.083535 0.024889 0.016973 0.249254 0.091658 0.023572 0.014703 0.257007 0.146457 0.007665 
0.193841 0.457707 0.010567 0.023484 0.037887 0.051581 0.029919 0.051080 0.052353 0.021944 0.019531 0.023715 0.026389 
Document 43
0.025531 0.036701 0.021777 0.035886 0.017178 0.037513 0.015648 0.182031 0.036869 0.022010 0.029396 0.326312 0.213148 
0.026304 0.024490 0.460116 0.024631 0.020494 0.013975 0.205234 0.075471 0.019409 0.012106 0.035015 0.076442 0.006311 
0.068743 0.031819 0.014885 0.033080 0.053368 0.072657 0.042145 0.480558 0.073745 0.030911 0.027512 0.033406 0.037172 
Document 44
0.045048 0.064756 0.038425 0.063320 0.030310 0.066190 0.027610 0.066369 0.065053 0.038835 0.051869 0.066129 0.376088 
0.051141 0.047615 0.122017 0.047889 0.039845 0.027171 0.055665 0.060894 0.381095 0.023538 0.068078 0.062781 0.012271 
0.086393 0.039989 0.018706 0.041573 0.067070 0.091313 0.052966 0.090426 0.092680 0.038848 0.034576 0.298744 0.046716 
Document 45
0.029840 0.042895 0.025453 0.041944 0.020078 0.043845 0.018289 0.550343 0.043092 0.025725 0.034358 0.043805 0.080332 
0.018247 0.078246 0.043537 0.017087 0.044845 0.009695 0.019862 0.542408 0.074721 0.008398 0.085547 0.022401 0.035007 
0.116239 0.053804 0.025169 0.055935 0.090241 0.122858 0.071264 0.121664 0.124698 0.052268 0.046520 0.056486 0.062855 
Document 46
0.045048 0.064756 0.038425 0.063320 0.030310 0.066190 0.027610 0.066369 0.065053 0.038835 0.051869 0.066129 0.376088 
0.043647 0.040638 0.030876 0.040872 0.180531 0.023190 0.047509 0.345020 0.032207 0.020089 0.058103 0.053582 0.083735 
0.057081 0.026421 0.012360 0.027468 0.044314 0.060331 0.034995 0.059745 0.061235 0.025667 0.022845 0.197383 0.370155 
Document 47
0.045048 0.064756 0.038425 0.063320 0.285126 0.066190 0.027610 0.066369 0.065053 0.038835 0.051869 0.066129 0.121272 
0.061740 0.368377 0.043676 0.057815 0.048103 0.032803 0.067203 0.073515 0.045557 0.028416 0.082188 0.075793 0.014814 
0.337199 0.015740 0.007363 0.016364 0.026400 0.339135 0.121913 0.035593 0.036480 0.015291 0.013609 0.016525 0.018388 
Document 48
0.060452 0.086899 0.051564 0.084972 0.040675 0.088823 0.037051 0.089064 0.087297 0.052115 0.069605 0.088741 0.162741 
0.040668 0.242648 0.028769 0.038082 0.031685 0.021607 0.249050 0.116685 0.098269 0.018718 0.054137 0.049924 0.009758 
0.282433 0.008243 0.003856 0.008569 0.013825 0.283447 0.010918 0.124489 0.019104 0.008007 0.218827 0.008654 0.009629 
Document 49
0.009863 0.014178 0.287362 0.125443 0.006636 0.126071 0.006045 0.014531 0.125822 0.008503 0.011356 0.014478 0.249711 
0.067162 0.091972 0.010904 0.040308 0.037883 0.034063 0.172019 0.095975 0.244236 0.007095 0.046393 0.096544 0.055446 
0.057081 0.026421 0.012360 0.027468 0.213959 0.229976 0.034995 0.059745 0.061235 0.195312 0.022845 0.027739 0.030866 
Document 50
0.025531 0.036701 0.021777 0.035886 0.017178 0.615179 0.015648 0.037615 0.036869 0.022010 0.029396 0.037478 0.068731 
0.055943 0.052086 0.039574 0.052386 0.043586 0.029722 0.248693 0.160512 0.135179 0.025748 0.074471 0.068676 0.013423 
0.343154 0.039989 0.018706 0.041573 0.067070 0.091313 0.052966 0.090426 0.092680 0.038848 0.034576 0.041983 0.046716 
Document 51
0.035900 0.051606 0.030622 0.050461 0.024155 0.458889 0.022003 0.052891 0.051842 0.030949 0.041336 0.052700 0.096646 
0.165371 0.057483 0.043676 0.057815 0.048103 0.032803 0.170834 0.073515 0.045557 0.028416 0.082188 0.179424 0.014814 
0.068743 0.031819 0.014885 0.033080 0.053368 0.276961 0.042145 0.276255 0.073745 0.030911 0.027512 0.033406 0.037172 
Document 52
0.060452 0.086899 0.051564 0.084972 0.040675 0.088823 0.037051 0.089064 0.087297 0.052115 0.069605 0.088741 0.162741 
0.243743 0.052086 0.039574 0.052386 0.043586 0.029722 0.248693 0.066612 0.041279 0.025748 0.074471 0.068676 0.013423 
0.477350 0.031819 0.014885 0.033080 0.053368 0.072657 0.042145 0.071951 0.073745 0.030911 0.027512 0.033406 0.037172 
Document 53
0.029840 0.211688 0.025453 0.041944 0.020078 0.043845 0.018289 0.043964 0.043092 0.025725 0.034358 0.212598 0.249126 
0.145875 0.225346 0.057666 0.022633 0.018831 0.012841 0.066876 0.191053 0.017834 0.011124 0.113312 0.110808 0.005799 
0.057081 0.026421 0.012360 0.027468 0.044314 0.229976 0.034995 0.059745 0.061235 0.025667 0.022845 0.027739 0.370155 
Document 54
0.060452 0.086899 0.051564 0.084972 0.040675 0.088823 0.037051 0.089064 0.087297 0.052115 0.069605 0.088741 0.162741 
0.077278 0.026862 0.020410 0.027017 0.022479 0.015329 0.079831 0.421770 0.021289 0.013279 0.183688 0.083845 0.006923 
0.057081 0.026421 0.012360 0.027468 0.044314 0.569265 0.034995 0.059745 0.061235 0.025667 0.022845 0.027739 0.030866 
Document 55
0.060452 0.086899 0.051564 0.084972 0.040675 0.088823 0.037051 0.089064 0.087297 0.052115 0.069605 0.088741 0.162741 
0.127340 0.076357 0.074124 0.009353 0.041311 0.005307 0.010871 0.011893 0.024134 0.054891 0.449175 0.112849 0.002396 
0.116239 0.053804 0.025169 0.055935 0.090241 0.122858 0.071264 0.121664 0.124698 0.052268 0.046520 0.056486 0.062855 
Document 56
0.299863 0.064756 0.038425 0.063320 0.030310 0.066190 0.027610 0.066369 0.065053 0.038835 0.051869 0.066129 0.121272 
0.050420 0.049122 0.139700 0.017627 0.014666 0.010001 0.304853 0.054010 0.108678 0.103452 0.025058 0.117896 0.004517 
0.226725 0.026421 0.012360 0.027468 0.044314 0.060331 0.034995 0.229390 0.230879 0.025667 0.022845 0.027739 0.030866 
Document 57
0.209632 0.012755 0.007568 0.012472 0.005970 0.113416 0.005438 0.013072 0.213572 0.007649 0.110596 0.263973 0.023886 
0.152683 0.015135 0.038785 0.042508 0.012665 0.035922 0.099550 0.046641 0.039280 0.062053 0.321779 0.129098 0.003900 
0.396370 0.026421 0.012360 0.027468 0.044314 0.229976 0.034995 0.059745 0.061235 0.025667 0.022845 0.027739 0.030866 
Document 58
0.045048 0.064756 0.038425 0.063320 0.030310 0.066190 0.027610 0.066369 0.065053 0.293651 0.051869 0.066129 0.121272 
0.017194 0.016009 0.012163 0.044961 0.013396 0.095716 0.018715 0.049334 0.012687 0.007914 0.224911 0.482873 0.004126 
0.375109 0.017510 0.120618 0.018204 0.029368 0.152410 0.023192 0.039594 0.040582 0.129437 0.015140 0.018383 0.020455 
Document 59
0.029840 0.549275 0.025453 0.041944 0.020078 0.043845 0.018289 0.043964 0.043092 0.025725 0.034358 0.043805 0.080332 
0.013649 0.150166 0.009655 0.012781 0.079363 0.007252 0.037766 0.062071 0.010071 0.006282 0.361815 0.131304 0.117824 
0.492557 0.010456 0.004891 0.078009 0.084676 0.091015 0.013850 0.023645 0.091372 0.077296 0.009041 0.010978 0.012215 
Document 60
0.035900 0.051606 0.030622 0.456601 0.024155 0.052749 0.022003 0.052891 0.051842 0.030949 0.041336 0.052700 0.096646 
0.077882 0.072512 0.055095 0.072930 0.060680 0.041379 0.084773 0.223462 0.057468 0.035846 0.103677 0.095609 0.018687 
0.028288 0.013094 0.006125 0.013612 0.021961 0.113970 0.017343 0.618107 0.114418 0.012720 0.011321 0.013746 0.015296 
Document 61
0.035900 0.051606 0.030622 0.050461 0.024155 0.052749 0.022003 0.255961 0.051842 0.030949 0.041336 0.255770 0.096646 
0.023227 0.021626 0.016431 0.177698 0.018097 0.012341 0.064269 0.300566 0.056126 0.049677 0.186868 0.067501 0.005573 
0.116239 0.053804 0.025169 0.055935 0.090241 0.122858 0.071264 0.121664 0.124698 0.052268 0.046520 0.056486 0.062855 
Document 62
0.060452 0.086899 0.051564 0.084972 0.040675 0.088823 0.037051 0.089064 0.087297 0.052115 0.069605 0.088741 0.162741 
0.084692 0.050725 0.079004 0.050829 0.047772 0.075581 0.216919 0.055772 0.014343 0.074200 0.025876 0.186997 0.037291 
0.022590 0.010456 0.004891 0.010871 0.084676 0.292429 0.215264 0.023645 0.292786 0.010158 0.009041 0.010978 0.012215 
Document 63
0.060452 0.086899 0.051564 0.084972 0.040675 0.088823 0.037051 0.089064 0.087297 0.052115 0.069605 0.088741 0.162741 
0.015415 0.143719 0.010904 0.092055 0.012010 0.008190 0.327260 0.251216 0.011374 0.007095 0.046393 0.070670 0.003699 
0.116239 0.053804 0.025169 0.055935 0.090241 0.122858 0.071264 0.121664 0.124698 0.052268 0.046520 0.056486 0.062855 
Document 64
0.299863 0.064756 0.038425 0.063320 0.030310 0.066190 0.027610 0.066369 0.065053 0.038835 0.051869 0.066129 0.121272 
0.357566 0.291042 0.026930 0.035649 0.029661 0.020226 0.041437 0.045330 0.028091 0.017522 0.050678 0.046734 0.009134 
0.295955 0.019728 0.009228 0.020509 0.033088 0.171715 0.026130 0.297945 0.045722 0.019165 0.017057 0.020711 0.023047 
Document 65
0.035900 0.051606 0.030622 0.050461 0.024155 0.052749 0.225073 0.255961 0.051842 0.030949 0.041336 0.052700 0.096646 
0.075463 0.179533 0.008845 0.032695 0.030728 0.027629 0.076569 0.056861 0.009226 0.005755 0.289469 0.204228 0.003000 
0.483920 0.167629 0.010567 0.023484 0.037887 0.051581 0.029919 0.051080 0.052353 0.021944 0.019531 0.023715 0.026389 
Document 66
0.060452 0.086899 0.051564 0.084972 0.040675 0.088823 0.037051 0.089064 0.087297 0.052115 0.069605 0.088741 0.162741 
0.116909 0.040638 0.030876 0.040872 0.034007 0.023190 0.047509 0.051972 0.105469 0.093351 0.351152 0.053582 0.010473 
0.037829 0.017510 0.008191 0.018204 0.254221 0.377263 0.023192 0.039594 0.153008 0.017010 0.015140 0.018383 0.020455 
Document 67
0.274694 0.032069 0.019029 0.409935 0.015011 0.032779 0.013673 0.032868 0.032216 0.019232 0.025687 0.032749 0.060058 
0.108929 0.037864 0.097030 0.038082 0.031685 0.021607 0.044266 0.048424 0.030008 0.018718 0.463704 0.049924 0.009758 
0.026094 0.012078 0.703612 0.012557 0.020258 0.027580 0.093549 0.027312 0.027993 0.011733 0.010443 0.012680 0.014110 
Document 68
0.045048 0.319571 0.038425 0.063320 0.030310 0.066190 0.027610 0.066369 0.065053 0.038835 0.051869 0.066129 0.121272 
0.147072 0.031428 0.023879 0.031609 0.026300 0.017934 0.036742 0.040193 0.024907 0.072195 0.498203 0.041438 0.008099 
0.068743 0.031819 0.014885 0.033080 0.053368 0.072657 0.450752 0.071951 0.073745 0.030911 0.027512 0.033406 0.037172 
Document 69
0.440336 0.041910 0.005039 0.041722 0.003975 0.008680 0.003621 0.008704 0.075366 0.305851 0.006802 0.008672 0.049322 
0.072423 0.111878 0.008489 0.011237 0.029490 0.006375 0.033202 0.014288 0.028995 0.025664 0.559785 0.095295 0.002879 
0.273046 0.031819 0.014885 0.033080 0.053368 0.072657 0.042145 0.071951 0.278049 0.030911 0.027512 0.033406 0.037172 
Document 70
0.279863 0.017028 0.010104 0.016650 0.007970 0.084409 0.007260 0.084456 0.084110 0.211225 0.080643 0.084393 0.031889 
0.077024 0.117753 0.074625 0.048973 0.157801 0.004357 0.119044 0.009765 0.006051 0.003774 0.327505 0.051361 0.001968 
0.223333 0.006518 0.254151 0.006776 0.010932 0.014883 0.259735 0.098439 0.056957 0.048182 0.005636 0.006843 0.007614 
Document 71
0.025531 0.036701 0.021777 0.324720 0.017178 0.037513 0.015648 0.037615 0.036869 0.022010 0.029396 0.326312 0.068731 
0.089595 0.083417 0.063380 0.083898 0.069805 0.047602 0.097521 0.106682 0.066110 0.041237 0.119268 0.109987 0.021497 
0.057081 0.026421 0.012360 0.027468 0.044314 0.229976 0.034995 0.059745 0.061235 0.195312 0.022845 0.027739 0.200511 
Document 72
0.022309 0.032069 0.019029 0.031358 0.015011 0.158972 0.013673 0.032868 0.158408 0.019232 0.025687 0.411326 0.060058 
0.089595 0.083417 0.063380 0.083898 0.069805 0.047602 0.097521 0.106682 0.066110 0.041237 0.119268 0.109987 0.021497 
0.338881 0.022589 0.010567 0.023484 0.037887 0.341660 0.029919 0.051080 0.052353 0.021944 0.019531 0.023715 0.026389 
Document 73
0.045048 0.319571 0.038425 0.063320 0.030310 0.066190 0.027610 0.066369 0.065053 0.038835 0.051869 0.066129 0.121272 
0.089595 0.083417 0.063380 0.083898 0.069805 0.047602 0.097521 0.106682 0.066110 0.041237 0.119268 0.109987 0.021497 
0.026094 0.012078 0.083201 0.012557 0.020258 0.182683 0.015998 0.027312 0.570853 0.011733 0.010443 0.012680 0.014110 
Document 74
0.060452 0.086899 0.051564 0.084972 0.040675 0.088823 0.037051 0.089064 0.087297 0.052115 0.069605 0.088741 0.162741 
0.015026 0.039211 0.035850 0.064512 0.062149 0.007983 0.041576 0.068333 0.263297 0.006916 0.171328 0.018446 0.205373 
0.048802 0.602747 0.010567 0.023484 0.037887 0.051581 0.029919 0.051080 0.052353 0.021944 0.019531 0.023715 0.026389 
Document 75
0.045048 0.064756 0.038425 0.063320 0.030310 0.066190 0.027610 0.321184 0.065053 0.038835 0.051869 0.066129 0.121272 
0.014304 0.013318 0.010119 0.085424 0.083174 0.007600 0.015570 0.089062 0.274663 0.006584 0.259140 0.017560 0.123481 
0.343154 0.039989 0.018706 0.041573 0.067070 0.091313 0.052966 0.090426 0.092680 0.038848 0.034576 0.041983 0.046716 
Document 76
0.019809 0.028476 0.016897 0.027844 0.013329 0.141158 0.012141 0.029185 0.028606 0.017077 0.022809 0.477288 0.165380 
0.068878 0.295354 0.048725 0.064499 0.053665 0.036595 0.074972 0.082014 0.050824 0.031702 0.091690 0.084556 0.016527 
0.030884 0.014295 0.006687 0.014862 0.023977 0.216219 0.202510 0.032326 0.216708 0.197463 0.012360 0.015008 0.016700 
Document 77
0.314364 0.036701 0.021777 0.035886 0.017178 0.037513 0.015648 0.182031 0.181285 0.022010 0.029396 0.037478 0.068731 
0.019438 0.050725 0.046377 0.018202 0.015145 0.010327 0.347426 0.023145 0.079597 0.008947 0.319518 0.056489 0.004664 
0.116239 0.053804 0.025169 0.055935 0.090241 0.122858 0.071264 0.121664 0.124698 0.052268 0.046520 0.056486 0.062855 
Document 78
0.011845 0.084032 0.010104 0.016650 0.007970 0.620444 0.007260 0.017452 0.084110 0.010212 0.013639 0.084393 0.031889 
0.055943 0.052086 0.039574 0.146286 0.137487 0.029722 0.060892 0.066612 0.041279 0.025748 0.074471 0.256477 0.013423 
0.086393 0.039989 0.018706 0.041573 0.323831 0.091313 0.052966 0.090426 0.092680 0.038848 0.034576 0.041983 0.046716 
Document 79
0.060452 0.086899 0.051564 0.084972 0.040675 0.088823 0.037051 0.089064 0.087297 0.052115 0.069605 0.088741 0.162741 
0.089595 0.083417 0.063380 0.083898 0.069805 0.047602 0.097521 0.106682 0.066110 0.041237 0.119268 0.109987 0.021497 
0.022590 0.077594 0.004891 0.010871 0.353228 0.292429 0.013850 0.023645 0.024234 0.010158 0.143317 0.010978 0.012215 
Document 80
0.107721 0.572491 0.105342 0.022747 0.010889 0.023778 0.009918 0.023842 0.023369 0.013951 0.018633 0.023756 0.043565 
0.047423 0.016484 0.220551 0.016579 0.013794 0.009407 0.197580 0.021082 0.013064 0.008149 0.023569 0.408069 0.004248 
0.364573 0.013094 0.006125 0.013612 0.021961 0.113970 0.017343 0.029608 0.198489 0.180862 0.011321 0.013746 0.015296 
Document 81
0.017813 0.025607 0.115956 0.528847 0.011986 0.026173 0.010918 0.026244 0.025724 0.015357 0.020510 0.026149 0.148716 
0.055943 0.052086 0.039574 0.052386 0.137487 0.029722 0.060892 0.348313 0.041279 0.025748 0.074471 0.068676 0.013423 
0.116239 0.053804 0.025169 0.055935 0.090241 0.122858 0.071264 0.121664 0.124698 0.052268 0.046520 0.056486 0.062855 
Document 82
0.019809 0.476685 0.016897 0.027844 0.013329 0.029106 0.012141 0.141237 0.028606 0.017077 0.022809 0.141132 0.053328 
0.077882 0.203238 0.055095 0.072930 0.060680 0.041379 0.084773 0.092736 0.057468 0.035846 0.103677 0.095609 0.018687 
0.057081 0.026421 0.012360 0.027468 0.044314 0.060331 0.034995 0.059745 0.061235 0.534601 0.022845 0.027739 0.030866 
Document 83
0.014825 0.440620 0.012646 0.020839 0.009975 0.021784 0.009087 0.105704 0.021409 0.012781 0.100932 0.105625 0.123773 
0.456213 0.033316 0.025313 0.033508 0.087941 0.019011 0.038949 0.042607 0.026403 0.136592 0.047634 0.043927 0.008586 
0.037829 0.467217 0.008191 0.018204 0.141795 0.039983 0.023192 0.039594 0.040582 0.017010 0.015140 0.018383 0.132882 
Document 84
0.098687 0.021312 0.012646 0.020839 0.009975 0.357230 0.009087 0.021842 0.021409 0.012781 0.017070 0.105625 0.291496 
0.055943 0.052086 0.133475 0.146286 0.043586 0.029722 0.060892 0.066612 0.041279 0.025748 0.262271 0.068676 0.013423 
0.057081 0.026421 0.012360 0.027468 0.044314 0.399620 0.034995 0.059745 0.061235 0.195312 0.022845 0.027739 0.030866 
Document 85
0.016183 0.206339 0.013803 0.022747 0.010889 0.389930 0.009918 0.023842 0.023369 0.013951 0.018633 0.206832 0.043565 
0.300103 0.064129 0.048725 0.064499 0.053665 0.036595 0.074972 0.082014 0.050824 0.031702 0.091690 0.084556 0.016527 
0.169288 0.019728 0.135896 0.020509 0.033088 0.045047 0.026130 0.171277 0.045722 0.272500 0.017057 0.020711 0.023047 
Document 86
0.400886 0.032069 0.019029 0.031358 0.015011 0.032779 0.013673 0.032868 0.032216 0.019232 0.025687 0.285134 0.060058 
0.077882 0.072512 0.055095 0.072930 0.191406 0.041379 0.084773 0.092736 0.057468 0.035846 0.103677 0.095609 0.018687 
0.421514 0.005791 0.002709 0.006020 0.009713 0.199134 0.193580 0.013095 0.013421 0.005626 0.116553 0.006080 0.006765 
Document 87
0.060452 0.086899 0.051564 0.084972 0.040675 0.088823 0.037051 0.089064 0.087297 0.052115 0.069605 0.088741 0.162741 
0.089595 0.083417 0.063380 0.083898 0.069805 0.047602 0.097521 0.106682 0.066110 0.041237 0.119268 0.109987 0.021497 
0.028288 0.013094 0.006125 0.013612 0.021961 0.618397 0.017343 0.029608 0.030346 0.180862 0.011321 0.013746 0.015296 
Document 88
0.060452 0.086899 0.051564 0.084972 0.040675 0.088823 0.037051 0.089064 0.087297 0.052115 0.069605 0.088741 0.162741 
0.018824 0.112314 0.013316 0.049223 0.014666 0.010001 0.020489 0.306778 0.140274 0.008664 0.056654 0.244280 0.004517 
0.057081 0.026421 0.012360 0.027468 0.044314 0.569265 0.034995 0.059745 0.061235 0.025667 0.022845 0.027739 0.030866 
Document 89
0.442040 0.051606 0.030622 0.050461 0.024155 0.052749 0.022003 0.052891 0.051842 0.030949 0.041336 0.052700 0.096646 
0.073912 0.052512 0.173104 0.032023 0.071207 0.006506 0.116105 0.117357 0.009036 0.005636 0.139633 0.138364 0.064604 
0.116239 0.053804 0.025169 0.055935 0.090241 0.122858 0.071264 0.121664 0.124698 0.052268 0.046520 0.056486 0.062855 
Document 90
0.238970 0.051606 0.030622 0.050461 0.024155 0.052749 0.225073 0.052891 0.051842 0.030949 0.041336 0.052700 0.096646 
0.269003 0.057483 0.043676 0.057815 0.048103 0.032803 0.067203 0.073515 0.045557 0.132048 0.082188 0.075793 0.014814 
0.086393 0.296750 0.018706 0.041573 0.067070 0.091313 0.052966 0.090426 0.092680 0.038848 0.034576 0.041983 0.046716 
Document 91
0.022309 0.032069 0.019029 0.409935 0.015011 0.158972 0.013673 0.159060 0.032216 0.019232 0.025687 0.032749 0.060058 
0.025191 0.065739 0.017821 0.150442 0.019627 0.013384 0.027420 0.537404 0.018588 0.011595 0.033535 0.073209 0.006044 
0.116239 0.053804 0.025169 0.055935 0.090241 0.122858 0.071264 0.121664 0.124698 0.052268 0.046520 0.056486 0.062855 
Document 92
0.060452 0.086899 0.051564 0.084972 0.040675 0.088823 0.037051 0.089064 0.087297 0.052115 0.069605 0.088741 0.162741 
0.033755 0.031428 0.023879 0.088268 0.026300 0.017934 0.206717 0.153510 0.194883 0.015536 0.101593 0.098097 0.008099 
0.086393 0.039989 0.018706 0.041573 0.067070 0.348073 0.052966 0.090426 0.092680 0.038848 0.034576 0.041983 0.046716 
Document 93
0.035900 0.051606 0.030622 0.050461 0.227225 0.052749 0.225073 0.052891 0.051842 0.030949 0.041336 0.052700 0.096646 
0.040668 0.174386 0.028769 0.038082 0.099947 0.021607 0.044266 0.321469 0.030008 0.018718 0.122398 0.049924 0.009758 
0.116239 0.053804 0.025169 0.055935 0.090241 0.122858 0.071264 0.121664 0.124698 0.052268 0.046520 0.056486 0.062855 
Document 94
0.045048 0.064756 0.038425 0.063320 0.030310 0.321005 0.027610 0.066369 0.065053 0.038835 0.051869 0.066129 0.121272 
0.179175 0.138587 0.016431 0.021750 0.057084 0.012341 0.064269 0.261579 0.017139 0.010691 0.069907 0.067501 0.083547 
0.086393 0.039989 0.018706 0.041573 0.323831 0.091313 0.052966 0.090426 0.092680 0.038848 0.034576 0.041983 0.046716 
Document 95
0.060452 0.086899 0.051564 0.084972 0.040675 0.088823 0.037051 0.089064 0.087297 0.052115 0.069605 0.088741 0.162741 
0.047098 0.043850 0.112371 0.044103 0.036695 0.025023 0.051265 0.056080 0.192860 0.021677 0.220804 0.136872 0.011301 
0.057081 0.026421 0.012360 0.027468 0.044314 0.060331 0.034995 0.059745 0.570169 0.025667 0.022845 0.027739 0.030866 
Document 96
0.073898 0.015958 0.009469 0.015605 0.007470 0.079108 0.006804 0.204746 0.267218 0.009571 0.012782 0.079093 0.218276 
0.011999 0.011172 0.008489 0.011237 0.009349 0.086940 0.053343 0.074711 0.008854 0.005523 0.197244 0.518259 0.002879 
0.150255 0.017510 0.008191 0.018204 0.141795 0.039983 0.135619 0.152021 0.040582 0.017010 0.015140 0.018383 0.245309 
Document 97
0.005717 0.137565 0.004876 0.040372 0.003846 0.267095 0.003504 0.073096 0.040592 0.004928 0.006582 0.267087 0.144738 
0.108929 0.037864 0.097030 0.038082 0.031685 0.021607 0.180788 0.048424 0.098269 0.018718 0.122398 0.186447 0.009758 
0.461555 0.039999 0.002521 0.005604 0.009040 0.046916 0.007139 0.150622 0.185535 0.005236 0.073877 0.005659 0.006297 
Document 98
0.029840 0.042895 0.025453 0.041944 0.020078 0.043845 0.018289 0.043964 0.043092 0.025725 0.034358 0.550184 0.080332 
0.089595 0.083417 0.063380 0.083898 0.069805 0.047602 0.097521 0.106682 0.066110 0.041237 0.119268 0.109987 0.021497 
0.236134 0.015740 0.007363 0.016364 0.026400 0.035942 0.020848 0.035593 0.541802 0.015291 0.013609 0.016525 0.018388 
Document 99
0.198633 0.042895 0.025453 0.041944 0.020078 0.043845 0.018289 0.212757 0.043092 0.025725 0.203152 0.043805 0.080332 
0.097404 0.133386 0.015815 0.058458 0.017418 0.049402 0.061858 0.064143 0.129068 0.010289 0.179856 0.177540 0.005364 
0.116239 0.053804 0.025169 0.055935 0.090241 0.122858 0.071264 0.121664 0.124698 0.052268 0.046520 0.056486 0.062855 
Document 100
0.035900 0.051606 0.030622 0.050461 0.024155 0.052749 0.022003 0.052891 0.457982 0.030949 0.041336 0.052700 0.096646 
0.026304 0.068641 0.062758 0.024631 0.020494 0.013975 0.028631 0.163773 0.019409 0.012106 0.255770 0.297196 0.006311 
0.116239 0.053804 0.025169 0.055935 0.090241 0.122858 0.071264 0.121664 0.124698 0.052268 0.046520 0.056486 0.062855 
Document 101
0.219336 0.126368 0.418241 0.025039 0.011986 0.026173 0.010918 0.026244 0.025724 0.015357 0.020510 0.026149 0.047955 
0.184490 0.064129 0.048725 0.180111 0.053665 0.036595 0.074972 0.082014 0.050824 0.031702 0.091690 0.084556 0.016527 
0.086393 0.039989 0.018706 0.041573 0.067070 0.348073 0.052966 0.090426 0.092680 0.038848 0.034576 0.041983 0.046716 
Document 102
0.029840 0.042895 0.025453 0.041944 0.020078 0.043845 0.018289 0.043964 0.043092 0.194518 0.371945 0.043805 0.080332 
0.276029 0.033316 0.025313 0.033508 0.027879 0.019011 0.159072 0.042607 0.086465 0.016469 0.107695 0.164050 0.008586 
0.150255 0.017510 0.008191 0.018204 0.029368 0.039983 0.248046 0.264448 0.040582 0.129437 0.015140 0.018383 0.020455 
Document 103
0.014825 0.021312 0.012646 0.020839 0.009975 0.021784 0.009087 0.021842 0.524579 0.012781 0.017070 0.021763 0.291496 
0.089595 0.083417 0.063380 0.083898 0.069805 0.047602 0.097521 0.106682 0.066110 0.041237 0.119268 0.109987 0.021497 
0.138296 0.009219 0.004312 0.187154 0.311413 0.198621 0.012210 0.020846 0.021365 0.008955 0.007971 0.068868 0.010769 
Document 104
0.016183 0.297877 0.013803 0.297361 0.010889 0.023778 0.009918 0.023842 0.023369 0.013951 0.018633 0.206832 0.043565 
0.089595 0.083417 0.063380 0.083898 0.069805 0.047602 0.097521 0.106682 0.066110 0.041237 0.119268 0.109987 0.021497 
0.146997 0.009799 0.004584 0.010187 0.079348 0.336945 0.012978 0.022157 0.148538 0.198261 0.008472 0.010287 0.011447 
Document 105
0.008063 0.011591 0.006878 0.102557 0.005425 0.239904 0.050553 0.057491 0.011644 0.052563 0.009284 0.422338 0.021707 
0.043647 0.187162 0.030876 0.040872 0.107269 0.096452 0.047509 0.198496 0.032207 0.020089 0.131365 0.053582 0.010473 
0.086393 0.039989 0.018706 0.041573 0.067070 0.091313 0.052966 0.347186 0.092680 0.038848 0.034576 0.041983 0.046716 
Document 106
0.045048 0.064756 0.038425 0.063320 0.030310 0.066190 0.027610 0.066369 0.319868 0.038835 0.051869 0.066129 0.121272 
0.068878 0.064129 0.164337 0.064499 0.053665 0.036595 0.190584 0.082014 0.050824 0.031702 0.091690 0.084556 0.016527 
0.048802 0.022589 0.155606 0.023484 0.037887 0.051581 0.465038 0.051080 0.052353 0.021944 0.019531 0.023715 0.026389 
Document 107
0.029840 0.042895 0.025453 0.041944 0.020078 0.212638 0.018289 0.212757 0.043092 0.025725 0.034358 0.043805 0.249126 
0.222820 0.047615 0.036177 0.219569 0.039845 0.027171 0.055665 0.060894 0.037736 0.023538 0.153918 0.062781 0.012271 
0.116239 0.053804 0.025169 0.055935 0.090241 0.122858 0.071264 0.121664 0.124698 0.052268 0.046520 0.056486 0.062855 
Document 108
0.035900 0.051606 0.030622 0.050461 0.227225 0.255819 0.022003 0.052891 0.051842 0.030949 0.041336 0.052700 0.096646 
0.089595 0.083417 0.063380 0.083898 0.069805 0.047602 0.097521 0.106682 0.066110 0.041237 0.119268 0.109987 0.021497 
0.524482 0.009799 0.004584 0.010187 0.016434 0.022374 0.012978 0.022157 0.022709 0.009519 0.008472 0.010287 0.326018 
Document 109
