Document 0
0.265205 0.017984 0.021845 0.507013 0.019045 0.021311 0.027103 0.018247 0.021053 0.021353 0.018544 0.019673 0.021624 
0.009596 0.010743 0.008742 0.009679 0.011563 0.012648 0.008618 0.009551 0.687364 0.202128 0.010253 0.009143 0.009973 
0.084239 0.078272 0.067646 0.055065 0.079750 0.073254 0.088542 0.085009 0.079118 0.072582 0.090743 0.075536 0.070242 
Document 1
0.015085 0.010469 0.012717 0.016551 0.011087 0.848174 0.015777 0.010622 0.012255 0.012430 0.010795 0.011452 0.012588 
0.011889 0.013310 0.010831 0.011992 0.014326 0.015670 0.010677 0.011833 0.134732 0.011468 0.012703 0.011327 0.729242 
0.084239 0.078272 0.067646 0.055065 0.079750 0.073254 0.088542 0.085009 0.079118 0.072582 0.090743 0.075536 0.070242 
Document 2
0.008217 0.005703 0.006927 0.236650 0.006039 0.689661 0.008594 0.005786 0.006676 0.006771 0.005880 0.006238 0.006857 
0.010620 0.011889 0.009675 0.010712 0.012797 0.013997 0.009538 0.010570 0.013624 0.010244 0.011347 0.010118 0.864868 
0.016105 0.014964 0.012933 0.010527 0.015247 0.822826 0.016927 0.016252 0.015126 0.013876 0.017348 0.014441 0.013429 
Document 3
0.265205 0.017984 0.021845 0.507013 0.019045 0.021311 0.027103 0.018247 0.021053 0.021353 0.018544 0.019673 0.021624 
0.015622 0.017489 0.014232 0.329752 0.489815 0.020590 0.014030 0.015549 0.020040 0.015068 0.016691 0.014884 0.016236 
0.027040 0.025125 0.021714 0.017675 0.025599 0.023514 0.028421 0.027287 0.025396 0.023298 0.029128 0.703255 0.022547 
Document 4
0.017526 0.012163 0.014775 0.019229 0.012881 0.823603 0.018331 0.012341 0.014238 0.014441 0.012542 0.013306 0.014625 
0.005137 0.005751 0.004680 0.005182 0.006190 0.006771 0.004614 0.005113 0.419610 0.004955 0.160371 0.004895 0.366731 
0.034951 0.032475 0.028066 0.022846 0.033088 0.030393 0.036736 0.035270 0.032826 0.030114 0.037649 0.616442 0.029143 
Document 5
0.049699 0.034490 0.500818 0.054529 0.036526 0.040871 0.051980 0.034995 0.040376 0.040951 0.035564 0.037730 0.041472 
0.051452 0.098804 0.004242 0.004697 0.145997 0.006137 0.004182 0.004635 0.146360 0.004491 0.004975 0.004436 0.519591 
0.049404 0.045904 0.039673 0.032294 0.046771 0.042962 0.051927 0.049855 0.046401 0.042567 0.053218 0.457830 0.041195 
Document 6
0.013241 0.009189 0.011162 0.870375 0.009731 0.010889 0.013848 0.009323 0.010757 0.010910 0.009475 0.010052 0.011049 
0.005417 0.006064 0.004935 0.005464 0.006527 0.116015 0.004865 0.277581 0.006949 0.005225 0.005788 0.005161 0.550009 
0.084239 0.078272 0.067646 0.055065 0.079750 0.073254 0.088542 0.085009 0.079118 0.072582 0.090743 0.075536 0.070242 
Document 7
0.572264 0.010469 0.012717 0.016551 0.011087 0.290995 0.015777 0.010622 0.012255 0.012430 0.010795 0.011452 0.012588 
0.010620 0.011889 0.009675 0.010712 0.012797 0.120726 0.009538 0.437486 0.013624 0.010244 0.118076 0.010118 0.224495 
0.027040 0.025125 0.021714 0.017675 0.478272 0.023514 0.028421 0.027287 0.025396 0.023298 0.255464 0.024246 0.022547 
Document 8
0.034066 0.023641 0.028717 0.037376 0.025036 0.028015 0.350191 0.023987 0.027675 0.028069 0.024377 0.025862 0.342989 
0.555881 0.067894 0.005538 0.128309 0.007325 0.008012 0.005459 0.189317 0.007798 0.005863 0.006495 0.005792 0.006318 
0.049404 0.045904 0.039673 0.032294 0.046771 0.456492 0.051927 0.049855 0.046401 0.042567 0.053218 0.044300 0.041195 
Document 9
0.091853 0.063743 0.077430 0.100778 0.067506 0.075536 0.096067 0.064676 0.074621 0.075684 0.065728 0.069732 0.076647 
0.013503 0.015116 0.012301 0.013619 0.016270 0.017796 0.012126 0.013439 0.017321 0.148717 0.285814 0.012864 0.421114 
0.084239 0.078272 0.067646 0.055065 0.079750 0.073254 0.088542 0.085009 0.079118 0.072582 0.090743 0.075536 0.070242 
Document 10
0.034066 0.023641 0.028717 0.037376 0.025036 0.028015 0.035629 0.023987 0.027675 0.028069 0.024377 0.025862 0.657551 
0.577239 0.020746 0.016882 0.018692 0.022329 0.024425 0.016643 0.018445 0.023773 0.017875 0.019800 0.017656 0.205496 
0.034951 0.032475 0.028066 0.022846 0.033088 0.615496 0.036736 0.035270 0.032826 0.030114 0.037649 0.031340 0.029143 
Document 11
0.009687 0.006723 0.008166 0.100082 0.096573 0.007967 0.367945 0.006821 0.365683 0.007982 0.006932 0.007354 0.008084 
0.004448 0.004980 0.004052 0.004487 0.005360 0.229381 0.003995 0.004427 0.005706 0.361920 0.004753 0.317164 0.049327 
0.052267 0.378697 0.004479 0.003646 0.098659 0.098229 0.005863 0.005629 0.332064 0.004806 0.006009 0.005002 0.004651 
Document 12
0.091853 0.063743 0.077430 0.100778 0.067506 0.075536 0.096067 0.064676 0.074621 0.075684 0.065728 0.069732 0.076647 
0.008752 0.009798 0.007973 0.008828 0.538271 0.011535 0.007860 0.008711 0.011227 0.360259 0.009351 0.008338 0.009096 
0.027040 0.025125 0.021714 0.017675 0.025599 0.023514 0.481094 0.027287 0.025396 0.023298 0.029128 0.024246 0.248883 
Document 13
0.017526 0.012163 0.014775 0.019229 0.012881 0.014413 0.018331 0.012341 0.014238 0.014441 0.012542 0.822495 0.014625 
0.096706 0.097752 0.007973 0.008828 0.010546 0.011535 0.007860 0.008711 0.275090 0.008442 0.449122 0.008338 0.009096 
0.022049 0.020488 0.017706 0.014413 0.759127 0.019174 0.023176 0.022251 0.020709 0.018998 0.023752 0.019771 0.018386 
Document 14
0.007135 0.004951 0.335416 0.271349 0.005243 0.071748 0.007462 0.005024 0.005796 0.137640 0.005105 0.137177 0.005954 
0.008752 0.009798 0.007973 0.008828 0.010546 0.275398 0.007860 0.360528 0.011227 0.008442 0.009351 0.272201 0.009096 
0.006486 0.006027 0.276679 0.004240 0.006141 0.005641 0.006818 0.115134 0.114680 0.005589 0.169870 0.005816 0.276879 
Document 15
0.091853 0.063743 0.077430 0.100778 0.067506 0.075536 0.096067 0.064676 0.074621 0.075684 0.065728 0.069732 0.076647 
0.015622 0.017489 0.014232 0.015757 0.803810 0.020590 0.014030 0.015549 0.020040 0.015068 0.016691 0.014884 0.016236 
0.084239 0.078272 0.067646 0.055065 0.079750 0.073254 0.088542 0.085009 0.079118 0.072582 0.090743 0.075536 0.070242 
Document 16
0.017526 0.012163 0.014775 0.019229 0.012881 0.661765 0.018331 0.012341 0.176076 0.014441 0.012542 0.013306 0.014625 
0.041995 0.047012 0.038257 0.042357 0.050600 0.055348 0.037713 0.041797 0.053870 0.462528 0.044867 0.040010 0.043645 
0.049404 0.045904 0.039673 0.032294 0.046771 0.042962 0.051927 0.049855 0.046401 0.042567 0.053218 0.044300 0.454725 
Document 17
0.007135 0.004951 0.006014 0.007828 0.071124 0.598791 0.007462 0.005024 0.005796 0.005879 0.005105 0.268938 0.005954 
0.018532 0.020746 0.016882 0.018692 0.022329 0.024425 0.016643 0.018445 0.768715 0.017875 0.019800 0.017656 0.019260 
0.027040 0.025125 0.021714 0.017675 0.025599 0.023514 0.254758 0.253623 0.025396 0.023298 0.255464 0.024246 0.022547 
Document 18
0.020911 0.014511 0.017627 0.216029 0.015368 0.017196 0.021870 0.014724 0.016988 0.017230 0.014963 0.595135 0.017449 
0.009596 0.010743 0.008742 0.009679 0.204435 0.012648 0.008618 0.395296 0.301619 0.009256 0.010253 0.009143 0.009973 
0.018614 0.017295 0.014948 0.012167 0.017622 0.016187 0.486985 0.018784 0.017482 0.327652 0.020051 0.016691 0.015521 
Document 19
0.015085 0.010469 0.012717 0.016551 0.011087 0.012405 0.155072 0.010622 0.708729 0.012430 0.010795 0.011452 0.012588 
0.008045 0.009006 0.007329 0.008114 0.413912 0.010603 0.007224 0.412226 0.010320 0.007759 0.008595 0.007664 0.089205 
0.084239 0.078272 0.067646 0.055065 0.079750 0.073254 0.088542 0.085009 0.079118 0.072582 0.090743 0.075536 0.070242 
Document 20
0.049699 0.034490 0.041896 0.054529 0.495447 0.040871 0.051980 0.034995 0.040376 0.040951 0.035564 0.037730 0.041472 
0.006474 0.007248 0.005898 0.071594 0.463247 0.008533 0.005814 0.006444 0.398688 0.006245 0.006917 0.006168 0.006729 
0.049404 0.045904 0.039673 0.032294 0.460301 0.042962 0.051927 0.049855 0.046401 0.042567 0.053218 0.044300 0.041195 
Document 21
0.015085 0.010469 0.012717 0.016551 0.011087 0.012405 0.015777 0.010622 0.012255 0.012430 0.010795 0.847221 0.012588 
0.009596 0.010743 0.008742 0.009679 0.011563 0.012648 0.008618 0.009551 0.012310 0.009256 0.299562 0.009143 0.588591 
0.084239 0.078272 0.067646 0.055065 0.079750 0.073254 0.088542 0.085009 0.079118 0.072582 0.090743 0.075536 0.070242 
Document 22
0.015085 0.010469 0.012717 0.434435 0.011087 0.012405 0.015777 0.010622 0.430139 0.012430 0.010795 0.011452 0.012588 
0.022773 0.025494 0.020746 0.022970 0.027440 0.030015 0.707023 0.022666 0.029213 0.021966 0.024331 0.021697 0.023668 
0.084239 0.078272 0.067646 0.055065 0.079750 0.073254 0.088542 0.085009 0.079118 0.072582 0.090743 0.075536 0.070242 
Document 23
0.013241 0.009189 0.377954 0.014527 0.131995 0.010889 0.013848 0.009323 0.133021 0.010910 0.254003 0.010052 0.011049 
0.007443 0.008332 0.829546 0.007507 0.008968 0.009810 0.006684 0.007408 0.009548 0.007179 0.007952 0.007091 0.082532 
0.049404 0.045904 0.039673 0.032294 0.046771 0.042962 0.051927 0.049855 0.046401 0.042567 0.053218 0.457830 0.041195 
Document 24
0.025914 0.017984 0.021845 0.028432 0.736917 0.021311 0.027103 0.018247 0.021053 0.021353 0.018544 0.019673 0.021624 
0.003172 0.003551 0.034768 0.003200 0.131334 0.004181 0.130361 0.003157 0.067825 0.003060 0.609072 0.003022 0.003297 
0.623519 0.009722 0.008402 0.006839 0.009905 0.009099 0.186156 0.010559 0.009827 0.096595 0.011271 0.009382 0.008724 
Document 25
0.091853 0.063743 0.077430 0.100778 0.067506 0.075536 0.096067 0.064676 0.074621 0.075684 0.065728 0.069732 0.076647 
0.006079 0.006805 0.310983 0.006131 0.007325 0.008012 0.433083 0.006050 0.191065 0.005863 0.006495 0.005792 0.006318 
0.014192 0.013186 0.011396 0.009277 0.013435 0.012341 0.727658 0.133112 0.013329 0.012228 0.015287 0.012725 0.011834 
Document 26
0.049699 0.034490 0.041896 0.513450 0.036526 0.040871 0.051980 0.034995 0.040376 0.040951 0.035564 0.037730 0.041472 
0.006925 0.007752 0.145492 0.006985 0.008344 0.009127 0.771727 0.006892 0.008883 0.006679 0.007399 0.006598 0.007197 
0.049404 0.045904 0.039673 0.032294 0.046771 0.042962 0.051927 0.049855 0.046401 0.042567 0.053218 0.044300 0.454725 
Document 27
0.017526 0.012163 0.014775 0.019229 0.336557 0.176251 0.342006 0.012341 0.014238 0.014441 0.012542 0.013306 0.014625 
0.015622 0.017489 0.014232 0.015757 0.018824 0.020590 0.014030 0.015549 0.020040 0.486060 0.016691 0.014884 0.330231 
0.084239 0.078272 0.067646 0.055065 0.079750 0.073254 0.088542 0.085009 0.079118 0.072582 0.090743 0.075536 0.070242 
Document 28
0.034066 0.023641 0.028717 0.666500 0.025036 0.028015 0.035629 0.023987 0.027675 0.028069 0.024377 0.025862 0.028427 
0.004657 0.005213 0.051038 0.004697 0.005611 0.006137 0.004182 0.098226 0.005973 0.566038 0.004975 0.238414 0.004840 
0.251772 0.013186 0.011396 0.009277 0.607386 0.012341 0.014917 0.014321 0.013329 0.012228 0.015287 0.012725 0.011834 
Document 29
0.202879 0.002985 0.003626 0.004719 0.082592 0.003537 0.639948 0.003028 0.003494 0.003544 0.042793 0.003265 0.003589 
0.008045 0.009006 0.007329 0.008114 0.656443 0.010603 0.007224 0.008007 0.010320 0.007759 0.008595 0.007664 0.250892 
0.084239 0.078272 0.067646 0.055065 0.079750 0.073254 0.088542 0.085009 0.079118 0.072582 0.090743 0.075536 0.070242 
Document 30
0.034066 0.023641 0.028717 0.037376 0.025036 0.342577 0.035629 0.338549 0.027675 0.028069 0.024377 0.025862 0.028427 
0.013503 0.015116 0.012301 0.013619 0.016270 0.017796 0.826288 0.013439 0.017321 0.013024 0.014426 0.012864 0.014033 
0.084239 0.078272 0.067646 0.055065 0.079750 0.073254 0.088542 0.085009 0.079118 0.072582 0.090743 0.075536 0.070242 
Document 31
0.017526 0.012163 0.014775 0.019229 0.012881 0.014413 0.018331 0.497855 0.337914 0.014441 0.012542 0.013306 0.014625 
0.010620 0.011889 0.009675 0.010712 0.012797 0.013997 0.009538 0.117299 0.013624 0.757346 0.011347 0.010118 0.011038 
0.009620 0.008939 0.007725 0.086816 0.009108 0.330474 0.010112 0.009708 0.009036 0.008289 0.010363 0.491788 0.008022 
Document 32
0.011798 0.008188 0.009946 0.012945 0.008671 0.009702 0.774948 0.117252 0.009585 0.009721 0.008443 0.008957 0.009845 
0.105535 0.003793 0.003087 0.003417 0.004082 0.004466 0.003043 0.173617 0.004346 0.275659 0.003620 0.071326 0.344010 
0.022049 0.205051 0.017706 0.014413 0.020875 0.019174 0.023176 0.575940 0.020709 0.018998 0.023752 0.019771 0.018386 
Document 33
0.009687 0.096176 0.008166 0.010629 0.007120 0.007967 0.010132 0.006821 0.097323 0.007982 0.006932 0.722981 0.008084 
0.006474 0.007248 0.005898 0.136658 0.007801 0.203724 0.005814 0.006444 0.203497 0.071309 0.006917 0.331487 0.006729 
0.049404 0.045904 0.039673 0.445824 0.046771 0.042962 0.051927 0.049855 0.046401 0.042567 0.053218 0.044300 0.041195 
Document 34
0.224743 0.260317 0.040152 0.114751 0.002928 0.003277 0.077754 0.002806 0.003237 0.003283 0.260403 0.003025 0.003325 
0.022773 0.483208 0.020746 0.022970 0.027440 0.030015 0.020451 0.022666 0.258070 0.021966 0.024331 0.021697 0.023668 
0.012685 0.011786 0.010186 0.114469 0.330541 0.011031 0.225688 0.012801 0.224268 0.010930 0.013664 0.011374 0.010577 
Document 35
0.503040 0.012163 0.014775 0.019229 0.012881 0.014413 0.342006 0.012341 0.014238 0.014441 0.012542 0.013306 0.014625 
0.365482 0.168307 0.002985 0.003305 0.003948 0.004318 0.002943 0.003261 0.037131 0.003160 0.003501 0.398254 0.003405 
0.084239 0.078272 0.067646 0.055065 0.079750 0.073254 0.088542 0.085009 0.079118 0.072582 0.090743 0.075536 0.070242 
Document 36
0.091853 0.063743 0.077430 0.100778 0.067506 0.075536 0.096067 0.064676 0.074621 0.075684 0.065728 0.069732 0.076647 
0.018532 0.020746 0.016882 0.018692 0.581037 0.024425 0.016643 0.018445 0.210008 0.017875 0.019800 0.017656 0.019260 
0.034951 0.032475 0.613169 0.022846 0.033088 0.030393 0.036736 0.035270 0.032826 0.030114 0.037649 0.031340 0.029143 
Document 37
0.135505 0.009189 0.011162 0.014527 0.254259 0.010889 0.502904 0.009323 0.010757 0.010910 0.009475 0.010052 0.011049 
0.015622 0.017489 0.014232 0.172755 0.018824 0.020590 0.171027 0.015549 0.020040 0.015068 0.487683 0.014884 0.016236 
0.174421 0.017295 0.014948 0.012167 0.017622 0.016187 0.486985 0.174591 0.017482 0.016038 0.020051 0.016691 0.015521 
Document 38
0.508621 0.034490 0.041896 0.054529 0.036526 0.040871 0.051980 0.034995 0.040376 0.040951 0.035564 0.037730 0.041472 
0.007443 0.457113 0.006780 0.007507 0.008968 0.009810 0.006684 0.007408 0.009548 0.231570 0.007952 0.007091 0.232126 
0.330228 0.017295 0.014948 0.012167 0.017622 0.016187 0.019565 0.018784 0.484903 0.016038 0.020051 0.016691 0.015521 
Document 39
0.006694 0.375496 0.067451 0.007344 0.004919 0.005505 0.501468 0.004713 0.005438 0.005515 0.004790 0.005082 0.005586 
0.009596 0.010743 0.008742 0.009679 0.011563 0.109084 0.008618 0.009551 0.012310 0.202128 0.010253 0.009143 0.588591 
0.084239 0.078272 0.067646 0.055065 0.079750 0.073254 0.088542 0.085009 0.079118 0.072582 0.090743 0.075536 0.070242 
Document 40
0.091853 0.063743 0.077430 0.100778 0.067506 0.075536 0.096067 0.064676 0.074621 0.075684 0.065728 0.069732 0.076647 
0.003388 0.208086 0.003087 0.003417 0.038131 0.004466 0.037092 0.003372 0.038395 0.343757 0.003620 0.003228 0.309961 
0.084239 0.078272 0.067646 0.055065 0.079750 0.073254 0.088542 0.085009 0.079118 0.072582 0.090743 0.075536 0.070242 
Document 41
0.015085 0.289058 0.012717 0.016551 0.150381 0.012405 0.294367 0.010622 0.012255 0.151724 0.010795 0.011452 0.012588 
0.056765 0.005751 0.004680 0.005182 0.006190 0.006771 0.004614 0.005113 0.316355 0.004955 0.521763 0.056522 0.005339 
0.027040 0.025125 0.021714 0.470348 0.025599 0.023514 0.028421 0.253623 0.025396 0.023298 0.029128 0.024246 0.022547 
Document 42
0.508621 0.034490 0.041896 0.054529 0.036526 0.040871 0.051980 0.034995 0.040376 0.040951 0.035564 0.037730 0.041472 
0.010620 0.865720 0.009675 0.010712 0.012797 0.013997 0.009538 0.010570 0.013624 0.010244 0.011347 0.010118 0.011038 
0.014192 0.488347 0.011396 0.009277 0.013435 0.012341 0.371287 0.014321 0.013329 0.012228 0.015287 0.012725 0.011834 
Document 43
0.010639 0.105624 0.008969 0.011673 0.400784 0.008749 0.011127 0.007491 0.008643 0.008766 0.007613 0.401042 0.008878 
0.010620 0.438805 0.009675 0.010712 0.439712 0.013997 0.009538 0.010570 0.013624 0.010244 0.011347 0.010118 0.011038 
0.018614 0.328909 0.014948 0.012167 0.173429 0.016187 0.175372 0.018784 0.017482 0.016038 0.020051 0.016691 0.171328 
Document 44
0.091853 0.063743 0.077430 0.100778 0.067506 0.075536 0.096067 0.064676 0.074621 0.075684 0.065728 0.069732 0.076647 
0.013503 0.286503 0.012301 0.013619 0.016270 0.017796 0.012126 0.013439 0.017321 0.420105 0.014426 0.012864 0.149727 
0.049404 0.045904 0.039673 0.445824 0.046771 0.042962 0.051927 0.049855 0.046401 0.042567 0.053218 0.044300 0.041195 
Document 45
0.013241 0.620509 0.011162 0.014527 0.009731 0.010889 0.013848 0.253851 0.010757 0.010910 0.009475 0.010052 0.011049 
0.004657 0.707147 0.004242 0.004697 0.005611 0.193320 0.004182 0.004635 0.005973 0.004491 0.004975 0.004436 0.051635 
0.620053 0.032475 0.028066 0.022846 0.033088 0.030393 0.036736 0.035270 0.032826 0.030114 0.037649 0.031340 0.029143 
Document 46
0.091853 0.063743 0.077430 0.100778 0.067506 0.075536 0.096067 0.064676 0.074621 0.075684 0.065728 0.069732 0.076647 
0.013503 0.150810 0.012301 0.013619 0.151963 0.560571 0.012126 0.013439 0.017321 0.013024 0.014426 0.012864 0.014033 
0.018614 0.017295 0.014948 0.323781 0.017622 0.016187 0.019565 0.018784 0.017482 0.483459 0.020051 0.016691 0.015521 
Document 47
0.091853 0.063743 0.077430 0.100778 0.067506 0.075536 0.096067 0.064676 0.074621 0.075684 0.065728 0.069732 0.076647 
0.298905 0.010743 0.008742 0.009679 0.011563 0.012648 0.008618 0.009551 0.301619 0.298565 0.010253 0.009143 0.009973 
0.034951 0.325026 0.028066 0.022846 0.033088 0.322944 0.036736 0.035270 0.032826 0.030114 0.037649 0.031340 0.029143 
Document 48
0.020911 0.014511 0.017627 0.216029 0.208455 0.403369 0.021870 0.014724 0.016988 0.017230 0.014963 0.015875 0.017449 
0.189346 0.006805 0.005538 0.006131 0.129503 0.008012 0.005459 0.311496 0.007798 0.005863 0.006495 0.311237 0.006318 
0.018614 0.017295 0.014948 0.167974 0.017622 0.016187 0.019565 0.018784 0.640710 0.016038 0.020051 0.016691 0.015521 
Document 49
0.005957 0.004134 0.005022 0.006536 0.444446 0.004899 0.446298 0.004195 0.004840 0.059917 0.004263 0.004523 0.004971 
0.003172 0.449844 0.002890 0.066956 0.003822 0.004181 0.002849 0.162547 0.004069 0.034938 0.003389 0.258047 0.003297 
0.027040 0.025125 0.021714 0.017675 0.704608 0.023514 0.028421 0.027287 0.025396 0.023298 0.029128 0.024246 0.022547 
Document 50
0.663190 0.023641 0.028717 0.037376 0.025036 0.028015 0.035629 0.023987 0.027675 0.028069 0.024377 0.025862 0.028427 
0.013503 0.015116 0.012301 0.013619 0.559044 0.017796 0.012126 0.013439 0.288708 0.013024 0.014426 0.012864 0.014033 
0.049404 0.045904 0.039673 0.032294 0.046771 0.042962 0.051927 0.049855 0.046401 0.042567 0.053218 0.044300 0.454725 
Document 51
0.091853 0.063743 0.077430 0.100778 0.067506 0.075536 0.096067 0.064676 0.074621 0.075684 0.065728 0.069732 0.076647 
0.011889 0.013310 0.010831 0.011992 0.014326 0.015670 0.010677 0.489757 0.015251 0.369910 0.012703 0.011327 0.012357 
0.084239 0.078272 0.067646 0.055065 0.079750 0.073254 0.088542 0.085009 0.079118 0.072582 0.090743 0.075536 0.070242 
Document 52
0.091853 0.063743 0.077430 0.100778 0.067506 0.075536 0.096067 0.064676 0.074621 0.075684 0.065728 0.069732 0.076647 
0.022773 0.025494 0.020746 0.022970 0.027440 0.030015 0.020451 0.022666 0.029213 0.021966 0.024331 0.708268 0.023668 
0.027040 0.025125 0.021714 0.017675 0.025599 0.702523 0.028421 0.027287 0.025396 0.023298 0.029128 0.024246 0.022547 
Document 53
0.034066 0.023641 0.343279 0.037376 0.025036 0.028015 0.035629 0.023987 0.027675 0.028069 0.024377 0.025862 0.342989 
0.005137 0.367143 0.004680 0.005182 0.212700 0.058398 0.004614 0.005113 0.316355 0.004955 0.005489 0.004895 0.005339 
0.575738 0.020488 0.017706 0.014413 0.020875 0.019174 0.023176 0.022251 0.205272 0.018998 0.023752 0.019771 0.018386 
Document 54
0.869089 0.009189 0.011162 0.014527 0.009731 0.010889 0.013848 0.009323 0.010757 0.010910 0.009475 0.010052 0.011049 
0.184661 0.625478 0.007973 0.008828 0.098500 0.011535 0.007860 0.008711 0.011227 0.008442 0.009351 0.008338 0.009096 
0.084239 0.078272 0.067646 0.055065 0.079750 0.073254 0.088542 0.085009 0.079118 0.072582 0.090743 0.075536 0.070242 
Document 55
0.007135 0.004951 0.006014 0.007828 0.005243 0.269389 0.205103 0.466186 0.005796 0.005879 0.005105 0.005416 0.005954 
0.006079 0.006805 0.005538 0.006131 0.312770 0.008012 0.005459 0.616941 0.007798 0.005863 0.006495 0.005792 0.006318 
0.712854 0.004367 0.003774 0.081756 0.043792 0.004087 0.004940 0.004743 0.004414 0.004050 0.005063 0.122240 0.003919 
Document 56
0.883351 0.008188 0.009946 0.012945 0.008671 0.009702 0.012340 0.008307 0.009585 0.009721 0.008443 0.008957 0.009845 
0.006079 0.006805 0.005538 0.006131 0.007325 0.069101 0.005459 0.861297 0.007798 0.005863 0.006495 0.005792 0.006318 
0.016105 0.688982 0.012933 0.010527 0.015247 0.148808 0.016927 0.016252 0.015126 0.013876 0.017348 0.014441 0.013429 
Document 57
0.011798 0.008188 0.009946 0.448721 0.008671 0.009702 0.230228 0.008307 0.227473 0.009721 0.008443 0.008957 0.009845 
0.003388 0.105940 0.037135 0.003417 0.378620 0.004466 0.003043 0.207665 0.004346 0.241610 0.003620 0.003228 0.003521 
0.526616 0.201775 0.006222 0.069923 0.007336 0.071597 0.008144 0.007819 0.007278 0.006676 0.008347 0.071806 0.006461 
Document 58
0.008217 0.005703 0.006927 0.009016 0.006039 0.006758 0.843254 0.005786 0.006676 0.082649 0.005880 0.006238 0.006857 
0.005729 0.006413 0.005219 0.005778 0.179619 0.007551 0.005145 0.005702 0.007349 0.005526 0.754557 0.005458 0.005954 
0.132982 0.131977 0.011396 0.009277 0.013435 0.012341 0.133707 0.251902 0.013329 0.249808 0.015287 0.012725 0.011834 
Document 59
0.078165 0.005300 0.006439 0.008380 0.076140 0.782075 0.007988 0.005378 0.006205 0.006293 0.005465 0.005798 0.006373 
0.004258 0.389883 0.003879 0.004295 0.005131 0.005612 0.046615 0.004238 0.005462 0.346433 0.004549 0.004057 0.175588 
0.386545 0.006027 0.005209 0.167122 0.006141 0.385699 0.006818 0.006546 0.006092 0.005589 0.006987 0.005816 0.005409 
Document 60
0.091853 0.063743 0.077430 0.100778 0.067506 0.075536 0.096067 0.064676 0.074621 0.075684 0.065728 0.069732 0.076647 
0.360569 0.009798 0.359790 0.008828 0.010546 0.011535 0.007860 0.008711 0.011227 0.184350 0.009351 0.008338 0.009096 
0.034951 0.032475 0.028066 0.022846 0.033088 0.030393 0.621839 0.035270 0.032826 0.030114 0.037649 0.031340 0.029143 
Document 61
0.025914 0.017984 0.261136 0.028432 0.497626 0.021311 0.027103 0.018247 0.021053 0.021353 0.018544 0.019673 0.021624 
0.006079 0.862052 0.066627 0.006131 0.007325 0.008012 0.005459 0.006050 0.007798 0.005863 0.006495 0.005792 0.006318 
0.253376 0.025125 0.021714 0.017675 0.025599 0.023514 0.481094 0.027287 0.025396 0.023298 0.029128 0.024246 0.022547 
Document 62
0.049699 0.034490 0.041896 0.054529 0.036526 0.040871 0.051980 0.034995 0.040376 0.040951 0.035564 0.037730 0.500394 
0.004083 0.004571 0.003720 0.004119 0.004920 0.128486 0.003667 0.004064 0.497656 0.003938 0.332641 0.003890 0.004244 
0.083429 0.008273 0.007150 0.005820 0.082955 0.305845 0.083884 0.381613 0.008362 0.007671 0.009591 0.007984 0.007424 
Document 63
0.091853 0.063743 0.077430 0.100778 0.067506 0.075536 0.096067 0.064676 0.074621 0.075684 0.065728 0.069732 0.076647 
0.003388 0.003793 0.003087 0.003417 0.004082 0.004466 0.003043 0.003372 0.004346 0.752343 0.207913 0.003228 0.003521 
0.022049 0.758740 0.017706 0.014413 0.020875 0.019174 0.023176 0.022251 0.020709 0.018998 0.023752 0.019771 0.018386 
Document 64
0.010639 0.203866 0.008969 0.011673 0.007819 0.008749 0.109369 0.105733 0.008643 0.008766 0.007613 0.008077 0.500084 
0.015622 0.017489 0.014232 0.800743 0.018824 0.020590 0.014030 0.015549 0.020040 0.015068 0.016691 0.014884 0.016236 
0.049404 0.045904 0.039673 0.032294 0.046771 0.042962 0.051927 0.049855 0.046401 0.456097 0.053218 0.044300 0.041195 
Document 65
0.270656 0.202592 0.006014 0.007828 0.005243 0.335269 0.139223 0.005024 0.005796 0.005879 0.005105 0.005416 0.005954 
0.004657 0.005213 0.004242 0.004697 0.052406 0.240115 0.097773 0.004635 0.286747 0.285265 0.004975 0.004436 0.004840 
0.701854 0.007699 0.006654 0.005416 0.007844 0.007205 0.008709 0.008362 0.007782 0.007139 0.008926 0.215500 0.006909 
Document 66
0.305363 0.007383 0.008969 0.011673 0.007819 0.008749 0.305851 0.007491 0.008643 0.303490 0.007613 0.008077 0.008878 
0.029532 0.033060 0.026903 0.029787 0.035583 0.335699 0.026521 0.029393 0.037883 0.028484 0.031552 0.324912 0.030692 
0.034951 0.032475 0.028066 0.022846 0.618191 0.030393 0.036736 0.035270 0.032826 0.030114 0.037649 0.031340 0.029143 
Document 67
0.011798 0.008188 0.009946 0.012945 0.662335 0.009702 0.012340 0.008307 0.227473 0.009721 0.008443 0.008957 0.009845 
0.006474 0.722949 0.070962 0.006530 0.007801 0.008533 0.135942 0.006444 0.008305 0.006245 0.006917 0.006168 0.006729 
0.049404 0.045904 0.039673 0.032294 0.046771 0.042962 0.465457 0.049855 0.046401 0.042567 0.053218 0.044300 0.041195 
Document 68
0.011798 0.008188 0.009946 0.012945 0.008671 0.881255 0.012340 0.008307 0.009585 0.009721 0.008443 0.008957 0.009845 
0.018532 0.206982 0.016882 0.018692 0.022329 0.024425 0.016643 0.577152 0.023773 0.017875 0.019800 0.017656 0.019260 
0.620053 0.032475 0.028066 0.022846 0.033088 0.030393 0.036736 0.035270 0.032826 0.030114 0.037649 0.031340 0.029143 
Document 69
0.049699 0.034490 0.041896 0.054529 0.036526 0.040871 0.051980 0.034995 0.040376 0.040951 0.035564 0.496652 0.041472 
0.002895 0.556056 0.002638 0.002920 0.003489 0.149294 0.002600 0.264741 0.003714 0.002793 0.003093 0.002758 0.003009 
0.687994 0.002816 0.002434 0.001981 0.155083 0.104112 0.003186 0.028427 0.002847 0.002611 0.003265 0.002718 0.002527 
Document 70
0.293986 0.003108 0.003776 0.004914 0.086008 0.210474 0.376908 0.003154 0.003639 0.003691 0.003205 0.003400 0.003737 
0.002193 0.619609 0.001998 0.002212 0.002643 0.002891 0.178299 0.178513 0.002814 0.002115 0.002343 0.002090 0.002279 
0.542204 0.093093 0.212337 0.002337 0.093156 0.003109 0.003758 0.033531 0.003358 0.003080 0.003851 0.003206 0.002981 
Document 71
0.034066 0.023641 0.028717 0.037376 0.025036 0.342577 0.035629 0.023987 0.027675 0.028069 0.024377 0.340424 0.028427 
0.329617 0.017489 0.014232 0.015757 0.332818 0.020590 0.014030 0.015549 0.020040 0.172066 0.016691 0.014884 0.016236 
0.084239 0.078272 0.067646 0.055065 0.079750 0.073254 0.088542 0.085009 0.079118 0.072582 0.090743 0.075536 0.070242 
Document 72
0.091853 0.063743 0.077430 0.100778 0.067506 0.075536 0.096067 0.064676 0.074621 0.075684 0.065728 0.069732 0.076647 
0.009596 0.010743 0.008742 0.009679 0.397308 0.012648 0.008618 0.009551 0.012310 0.105692 0.010253 0.009143 0.395719 
0.084239 0.078272 0.067646 0.055065 0.079750 0.073254 0.088542 0.085009 0.079118 0.072582 0.090743 0.075536 0.070242 
Document 73
0.020911 0.014511 0.017627 0.409116 0.015368 0.403369 0.021870 0.014724 0.016988 0.017230 0.014963 0.015875 0.017449 
0.018532 0.020746 0.016882 0.018692 0.767272 0.024425 0.016643 0.018445 0.023773 0.017875 0.019800 0.017656 0.019260 
0.027040 0.025125 0.021714 0.017675 0.704608 0.023514 0.028421 0.027287 0.025396 0.023298 0.029128 0.024246 0.022547 
Document 74
0.239146 0.004375 0.063525 0.006917 0.470317 0.005184 0.006593 0.120860 0.005121 0.005194 0.062722 0.004786 0.005260 
0.189346 0.067894 0.005538 0.006131 0.007325 0.008012 0.005459 0.006050 0.007798 0.005863 0.434118 0.005792 0.250674 
0.016105 0.014964 0.012933 0.819348 0.015247 0.014005 0.016927 0.016252 0.015126 0.013876 0.017348 0.014441 0.013429 
Document 75
0.270656 0.004951 0.006014 0.007828 0.532287 0.005867 0.007462 0.136784 0.005796 0.005879 0.005105 0.005416 0.005954 
0.005137 0.315516 0.004680 0.005182 0.006190 0.006771 0.004614 0.005113 0.006590 0.004955 0.418508 0.004895 0.211849 
0.018614 0.017295 0.014948 0.791202 0.017622 0.016187 0.019565 0.018784 0.017482 0.016038 0.020051 0.016691 0.015521 
Document 76
0.091853 0.063743 0.077430 0.100778 0.067506 0.075536 0.096067 0.064676 0.074621 0.075684 0.065728 0.069732 0.076647 
0.008045 0.009006 0.007329 0.008114 0.575599 0.010603 0.007224 0.008007 0.010320 0.007759 0.331970 0.007664 0.008361 
0.018614 0.017295 0.014948 0.167974 0.173429 0.483607 0.019565 0.018784 0.017482 0.016038 0.020051 0.016691 0.015521 
Document 77
0.010639 0.007383 0.008969 0.011673 0.007819 0.008749 0.895299 0.007491 0.008643 0.008766 0.007613 0.008077 0.008878 
0.010620 0.011889 0.009675 0.010712 0.012797 0.013997 0.116266 0.010570 0.013624 0.010244 0.011347 0.010118 0.758140 
0.009620 0.250520 0.007725 0.167343 0.009108 0.411001 0.090639 0.009708 0.009036 0.008289 0.010363 0.008626 0.008022 
Document 78
0.508621 0.034490 0.041896 0.054529 0.036526 0.040871 0.051980 0.034995 0.040376 0.040951 0.035564 0.037730 0.041472 
0.007443 0.008332 0.006780 0.082304 0.158562 0.009810 0.156278 0.306595 0.009548 0.007179 0.157546 0.081888 0.007735 
0.022049 0.389614 0.017706 0.014413 0.205438 0.019174 0.207739 0.022251 0.020709 0.018998 0.023752 0.019771 0.018386 
Document 79
0.091853 0.063743 0.077430 0.100778 0.067506 0.075536 0.096067 0.064676 0.074621 0.075684 0.065728 0.069732 0.076647 
0.010620 0.011889 0.009675 0.010712 0.012797 0.013997 0.009538 0.010570 0.013624 0.757346 0.011347 0.010118 0.117767 
0.022049 0.020488 0.017706 0.014413 0.020875 0.019174 0.761428 0.022251 0.020709 0.018998 0.023752 0.019771 0.018386 
Document 80
0.008892 0.006171 0.007496 0.584515 0.006535 0.253638 0.091408 0.006261 0.007224 0.007327 0.006363 0.006751 0.007420 
0.004258 0.090348 0.003879 0.004295 0.005131 0.048403 0.003824 0.474936 0.048253 0.004107 0.175712 0.004057 0.132798 
0.009620 0.411574 0.007725 0.006289 0.331216 0.008366 0.010112 0.009708 0.009036 0.008289 0.010363 0.169680 0.008022 
Document 81
0.091853 0.063743 0.077430 0.100778 0.067506 0.075536 0.096067 0.064676 0.074621 0.075684 0.065728 0.069732 0.076647 
0.250576 0.251537 0.007329 0.250645 0.009693 0.010603 0.007224 0.008007 0.010320 0.007759 0.008595 0.007664 0.170048 
0.084239 0.078272 0.067646 0.055065 0.079750 0.073254 0.088542 0.085009 0.079118 0.072582 0.090743 0.075536 0.070242 
Document 82
0.017526 0.012163 0.014775 0.828419 0.012881 0.014413 0.018331 0.012341 0.014238 0.014441 0.012542 0.013306 0.014625 
0.018532 0.020746 0.016882 0.018692 0.208565 0.024425 0.016643 0.204680 0.023773 0.017875 0.019800 0.390127 0.019260 
0.049404 0.045904 0.039673 0.032294 0.046771 0.042962 0.051927 0.049855 0.046401 0.042567 0.466748 0.044300 0.041195 
Document 83
0.008217 0.005703 0.006927 0.388407 0.006039 0.234392 0.008594 0.005786 0.006676 0.006771 0.005880 0.006238 0.310370 
0.009596 0.010743 0.008742 0.877606 0.011563 0.012648 0.008618 0.009551 0.012310 0.009256 0.010253 0.009143 0.009973 
0.022049 0.389614 0.202269 0.014413 0.020875 0.019174 0.023176 0.022251 0.020709 0.018998 0.208315 0.019771 0.018386 
Document 84
0.020911 0.014511 0.017627 0.216029 0.015368 0.017196 0.021870 0.014724 0.016988 0.596490 0.014963 0.015875 0.017449 
0.008045 0.009006 0.007329 0.008114 0.009693 0.253134 0.007224 0.654757 0.010320 0.007759 0.008595 0.007664 0.008361 
0.049404 0.045904 0.039673 0.445824 0.046771 0.042962 0.051927 0.049855 0.046401 0.042567 0.053218 0.044300 0.041195 
Document 85
0.025914 0.017984 0.021845 0.746304 0.019045 0.021311 0.027103 0.018247 0.021053 0.021353 0.018544 0.019673 0.021624 
0.008752 0.009798 0.007973 0.008828 0.010546 0.011535 0.095814 0.272574 0.538953 0.008442 0.009351 0.008338 0.009096 
0.034951 0.032475 0.028066 0.022846 0.033088 0.322944 0.329287 0.035270 0.032826 0.030114 0.037649 0.031340 0.029143 
Document 86
0.120742 0.008188 0.009946 0.012945 0.008671 0.772311 0.012340 0.008307 0.009585 0.009721 0.008443 0.008957 0.009845 
0.005417 0.006064 0.004935 0.005464 0.006527 0.007140 0.168179 0.005392 0.006949 0.005225 0.005788 0.005161 0.767761 
0.330228 0.017295 0.014948 0.012167 0.173429 0.327800 0.019565 0.018784 0.017482 0.016038 0.020051 0.016691 0.015521 
Document 87
0.091853 0.063743 0.077430 0.100778 0.067506 0.075536 0.096067 0.064676 0.074621 0.075684 0.065728 0.069732 0.076647 
0.009596 0.010743 0.008742 0.009679 0.011563 0.012648 0.008618 0.009551 0.012310 0.009256 0.010253 0.877069 0.009973 
0.084239 0.078272 0.067646 0.055065 0.079750 0.073254 0.088542 0.085009 0.079118 0.072582 0.090743 0.075536 0.070242 
Document 88
0.010639 0.007383 0.008969 0.011673 0.007819 0.008749 0.895299 0.007491 0.008643 0.008766 0.007613 0.008077 0.008878 
0.005729 0.524562 0.005219 0.005778 0.006903 0.065123 0.005145 0.005702 0.007349 0.005526 0.351553 0.005458 0.005954 
0.027040 0.251461 0.021714 0.017675 0.025599 0.023514 0.028421 0.027287 0.025396 0.023298 0.481800 0.024246 0.022547 
Document 89
0.020911 0.014511 0.017627 0.022942 0.015368 0.017196 0.021870 0.787070 0.016988 0.017230 0.014963 0.015875 0.017449 
0.003774 0.269682 0.003438 0.003806 0.004547 0.004974 0.003389 0.003756 0.004841 0.686246 0.004032 0.003595 0.003922 
0.311817 0.372209 0.005843 0.004757 0.006889 0.189052 0.007648 0.007343 0.067742 0.006270 0.007838 0.006525 0.006068 
Document 90
0.049699 0.034490 0.500818 0.054529 0.036526 0.040871 0.051980 0.034995 0.040376 0.040951 0.035564 0.037730 0.041472 
0.015622 0.331483 0.014232 0.015757 0.018824 0.177587 0.014030 0.015549 0.334035 0.015068 0.016691 0.014884 0.016236 
0.084239 0.078272 0.067646 0.055065 0.079750 0.073254 0.088542 0.085009 0.079118 0.072582 0.090743 0.075536 0.070242 
Document 91
0.011798 0.552908 0.009946 0.012945 0.008671 0.009702 0.012340 0.335140 0.009585 0.009721 0.008443 0.008957 0.009845 
0.266729 0.267503 0.005898 0.006530 0.007801 0.008533 0.396197 0.006444 0.008305 0.006245 0.006917 0.006168 0.006729 
0.084239 0.078272 0.067646 0.055065 0.079750 0.073254 0.088542 0.085009 0.079118 0.072582 0.090743 0.075536 0.070242 
Document 92
0.034066 0.652765 0.028717 0.037376 0.025036 0.028015 0.035629 0.023987 0.027675 0.028069 0.024377 0.025862 0.028427 
0.008752 0.009798 0.007973 0.008828 0.186454 0.011535 0.007860 0.008711 0.011227 0.712076 0.009351 0.008338 0.009096 
0.084239 0.078272 0.067646 0.055065 0.079750 0.073254 0.088542 0.085009 0.079118 0.072582 0.090743 0.075536 0.070242 
Document 93
0.017526 0.821352 0.014775 0.019229 0.012881 0.014413 0.018331 0.012341 0.014238 0.014441 0.012542 0.013306 0.014625 
0.015622 0.802475 0.014232 0.015757 0.018824 0.020590 0.014030 0.015549 0.020040 0.015068 0.016691 0.014884 0.016236 
0.084239 0.078272 0.067646 0.055065 0.079750 0.073254 0.088542 0.085009 0.079118 0.072582 0.090743 0.075536 0.070242 
Document 94
0.009687 0.722349 0.008166 0.010629 0.007120 0.186873 0.010132 0.006821 0.007870 0.007982 0.006932 0.007354 0.008084 
0.008045 0.574912 0.249860 0.008114 0.009693 0.010603 0.007224 0.008007 0.091163 0.007759 0.008595 0.007664 0.008361 
0.084239 0.078272 0.067646 0.055065 0.079750 0.073254 0.088542 0.085009 0.079118 0.072582 0.090743 0.075536 0.070242 
Document 95
0.091853 0.063743 0.077430 0.100778 0.067506 0.075536 0.096067 0.064676 0.074621 0.075684 0.065728 0.069732 0.076647 
0.018532 0.020746 0.016882 0.018692 0.022329 0.024425 0.016643 0.390916 0.023773 0.390346 0.019800 0.017656 0.019260 
0.018614 0.017295 0.014948 0.012167 0.017622 0.016187 0.019565 0.797818 0.017482 0.016038 0.020051 0.016691 0.015521 
Document 96
0.005647 0.003919 0.004760 0.006195 0.838395 0.004644 0.005906 0.056116 0.004587 0.004653 0.004041 0.004287 0.056852 
0.003074 0.497733 0.002800 0.064887 0.003704 0.004052 0.002761 0.003060 0.003943 0.002965 0.404897 0.002929 0.003195 
0.008286 0.285126 0.006654 0.005416 0.285271 0.007205 0.355493 0.008362 0.007782 0.007139 0.008926 0.007430 0.006909 
Document 97
0.007135 0.004951 0.006014 0.468991 0.005243 0.005867 0.139223 0.005024 0.005796 0.137640 0.202747 0.005416 0.005954 
0.002895 0.003241 0.002638 0.002920 0.003489 0.003816 0.002600 0.264741 0.003714 0.002793 0.235858 0.002758 0.468538 
0.007277 0.006761 0.005843 0.004757 0.128705 0.493592 0.007648 0.007343 0.006834 0.006270 0.007838 0.006525 0.310608 
Document 98
0.091853 0.063743 0.077430 0.100778 0.067506 0.075536 0.096067 0.064676 0.074621 0.075684 0.065728 0.069732 0.076647 
0.041995 0.047012 0.038257 0.042357 0.050600 0.055348 0.037713 0.041797 0.053870 0.040505 0.044867 0.040010 0.465668 
0.011467 0.010655 0.009209 0.007496 0.010856 0.297929 0.012053 0.299530 0.010770 0.009880 0.012353 0.298240 0.009562 
Document 99
0.007638 0.005300 0.006439 0.078907 0.076140 0.006281 0.501675 0.287485 0.006205 0.006293 0.005465 0.005798 0.006373 
0.011889 0.013310 0.010831 0.011992 0.014326 0.015670 0.727563 0.011833 0.015251 0.011468 0.012703 0.130808 0.012357 
0.027040 0.025125 0.021714 0.017675 0.025599 0.023514 0.028421 0.027287 0.025396 0.023298 0.029128 0.703255 0.022547 
Document 100
0.009687 0.006723 0.008166 0.010629 0.007120 0.007967 0.904665 0.006821 0.007870 0.007982 0.006932 0.007354 0.008084 
0.149196 0.015116 0.012301 0.013619 0.287657 0.289184 0.012126 0.013439 0.153015 0.013024 0.014426 0.012864 0.014033 
0.034951 0.325026 0.028066 0.022846 0.033088 0.322944 0.036736 0.035270 0.032826 0.030114 0.037649 0.031340 0.029143 
Document 101
0.179364 0.012163 0.014775 0.019229 0.012881 0.338089 0.018331 0.012341 0.014238 0.014441 0.012542 0.013306 0.338301 
0.041995 0.047012 0.038257 0.464380 0.050600 0.055348 0.037713 0.041797 0.053870 0.040505 0.044867 0.040010 0.043645 
0.760301 0.020488 0.017706 0.014413 0.020875 0.019174 0.023176 0.022251 0.020709 0.018998 0.023752 0.019771 0.018386 
Document 102
0.091853 0.063743 0.077430 0.100778 0.067506 0.075536 0.096067 0.064676 0.074621 0.075684 0.065728 0.069732 0.076647 
0.215700 0.007752 0.354267 0.006985 0.008344 0.009127 0.006219 0.215667 0.008883 0.076271 0.007399 0.006598 0.076789 
0.016105 0.014964 0.012933 0.010527 0.015247 0.688022 0.016927 0.016252 0.015126 0.013876 0.152152 0.014441 0.013429 
Document 103
0.049699 0.034490 0.041896 0.513450 0.036526 0.040871 0.051980 0.034995 0.040376 0.040951 0.035564 0.037730 0.041472 
0.082240 0.083129 0.006780 0.007507 0.382953 0.009810 0.006684 0.007408 0.009548 0.007179 0.381937 0.007091 0.007735 
0.010463 0.009722 0.008402 0.006839 0.009905 0.009099 0.536474 0.010559 0.009827 0.009015 0.011271 0.359700 0.008724 
Document 104
0.008217 0.005703 0.006927 0.160772 0.006039 0.386148 0.084472 0.005786 0.006676 0.006771 0.005880 0.309751 0.006857 
0.011889 0.013310 0.010831 0.011992 0.611730 0.015670 0.010677 0.011833 0.015251 0.011468 0.251664 0.011327 0.012357 
0.034951 0.032475 0.028066 0.022846 0.325640 0.030393 0.036736 0.035270 0.032826 0.030114 0.037649 0.031340 0.321695 
Document 105
0.007638 0.216881 0.006439 0.008380 0.146667 0.076808 0.007988 0.428538 0.076732 0.006293 0.005465 0.005798 0.006373 
0.006474 0.462694 0.005898 0.006530 0.463247 0.008533 0.005814 0.006444 0.008305 0.006245 0.006917 0.006168 0.006729 
0.084239 0.078272 0.067646 0.055065 0.079750 0.073254 0.088542 0.085009 0.079118 0.072582 0.090743 0.075536 0.070242 
Document 106
0.091853 0.063743 0.077430 0.100778 0.067506 0.075536 0.096067 0.064676 0.074621 0.075684 0.065728 0.069732 0.076647 
0.013503 0.015116 0.012301 0.556394 0.287657 0.017796 0.012126 0.013439 0.017321 0.013024 0.014426 0.012864 0.014033 
0.049404 0.459434 0.039673 0.032294 0.046771 0.042962 0.051927 0.049855 0.046401 0.042567 0.053218 0.044300 0.041195 
Document 107
0.049699 0.034490 0.041896 0.054529 0.036526 0.040871 0.051980 0.034995 0.040376 0.040951 0.035564 0.037730 0.500394 
0.013503 0.015116 0.012301 0.285007 0.016270 0.017796 0.012126 0.013439 0.017321 0.013024 0.150120 0.012864 0.421114 
0.049404 0.045904 0.039673 0.032294 0.046771 0.042962 0.051927 0.049855 0.046401 0.456097 0.053218 0.044300 0.041195 
Document 108
0.008892 0.006171 0.089604 0.009756 0.006535 0.007312 0.091408 0.006261 0.007224 0.746302 0.006363 0.006751 0.007420 
0.018532 0.206982 0.016882 0.018692 0.208565 0.024425 0.016643 0.018445 0.023773 0.017875 0.392271 0.017656 0.019260 
0.084239 0.078272 0.067646 0.055065 0.079750 0.073254 0.088542 0.085009 0.079118 0.072582 0.090743 0.075536 0.070242 
Document 109
