d_0 d0 0.259533 0.702337 0.038130 
d_1 d1 0.447881 0.516609 0.035510 
d_2 d2 0.454325 0.309135 0.236540 
d_3 d3 0.280212 0.439575 0.280212 
d_4 d4 0.207784 0.697426 0.094790 
d_5 d5 0.064402 0.871196 0.064402 
d_6 d6 0.294194 0.685584 0.020222 
d_7 d7 0.351303 0.459119 0.189578 
d_8 d8 0.128730 0.793691 0.077579 
d_9 d9 0.068433 0.863135 0.068433 
d_10 d10 0.263525 0.472949 0.263525 
d_11 d11 0.200127 0.409451 0.390422 
d_12 d12 0.035510 0.722795 0.241695 
d_13 d13 0.268451 0.511760 0.219789 
d_14 d14 0.341167 0.247160 0.411673 
d_15 d15 0.078880 0.842239 0.078880 
d_16 d16 0.645224 0.177388 0.177388 
d_17 d17 0.643755 0.200296 0.155950 
d_18 d18 0.231032 0.486786 0.282182 
d_19 d19 0.351303 0.620845 0.027853 
d_20 d20 0.086420 0.827160 0.086420 
d_21 d21 0.393756 0.575025 0.031219 
d_22 d22 0.617694 0.333333 0.048973 
d_23 d23 0.348801 0.580820 0.070379 
d_24 d24 0.078938 0.684998 0.236064 
d_25 d25 0.021939 0.658882 0.319179 
d_26 d26 0.091641 0.816717 0.091641 
d_27 d27 0.477633 0.477633 0.044733 
d_28 d28 0.082379 0.671577 0.246045 
d_29 d29 0.670771 0.315093 0.014136 
d_30 d30 0.263525 0.682373 0.054101 
d_31 d31 0.215917 0.333333 0.450750 
d_32 d32 0.204974 0.686322 0.108704 
d_33 d33 0.396108 0.546767 0.057125 
d_34 d34 0.687851 0.091224 0.220925 
d_35 d35 0.155180 0.830286 0.014534 
d_36 d36 0.068433 0.598234 0.333333 
d_37 d37 0.405211 0.297394 0.297394 
d_38 d38 0.077579 0.640239 0.282182 
d_39 d39 0.607306 0.372472 0.020222 
d_40 d40 0.017484 0.965031 0.017484 
d_41 d41 0.228255 0.648570 0.123176 
d_42 d42 0.086420 0.485280 0.428300 
d_43 d43 0.404105 0.361642 0.234253 
d_44 d44 0.060429 0.762183 0.177388 
d_45 d45 0.246045 0.671577 0.082379 
d_46 d46 0.041169 0.519256 0.439575 
d_47 d47 0.041169 0.758300 0.200531 
d_48 d48 0.176778 0.607306 0.215917 
d_49 d49 0.339800 0.591982 0.068219 
d_50 d50 0.238547 0.617694 0.143760 
d_51 d51 0.060429 0.879142 0.060429 
d_52 d52 0.068433 0.465784 0.465784 
d_53 d53 0.098500 0.724723 0.176778 
d_54 d54 0.405211 0.566936 0.027853 
d_55 d55 0.266117 0.284449 0.449435 
d_56 d56 0.278778 0.507911 0.213312 
d_57 d57 0.165212 0.553185 0.281604 
d_58 d58 0.342453 0.451892 0.205654 
d_59 d59 0.252412 0.420479 0.327109 
d_60 d60 0.038130 0.776138 0.185732 
d_61 d61 0.155950 0.688101 0.155950 
d_62 d62 0.040391 0.626276 0.333333 
d_63 d63 0.015400 0.849975 0.134625 
d_64 d64 0.575025 0.333333 0.091641 
d_65 d65 0.299004 0.422588 0.278407 
d_66 d66 0.654066 0.172967 0.172967 
d_67 d67 0.346911 0.591310 0.061779 
d_68 d68 0.547696 0.290461 0.161844 
d_69 d69 0.020621 0.455699 0.523680 
d_70 d70 0.233880 0.442732 0.323388 
d_71 d71 0.294347 0.645224 0.060429 
d_72 d72 0.048973 0.902054 0.048973 
d_73 d73 0.359894 0.359894 0.280212 
d_74 d74 0.428448 0.402508 0.169045 
d_75 d75 0.376567 0.480329 0.143104 
d_76 d76 0.029440 0.656220 0.314340 
d_77 d77 0.322053 0.288212 0.389735 
d_78 d78 0.081761 0.674753 0.243486 
d_79 d79 0.038130 0.628536 0.333333 
d_80 d80 0.252836 0.494329 0.252836 
d_81 d81 0.041169 0.917663 0.041169 
d_82 d82 0.477633 0.391053 0.131313 
d_83 d83 0.471438 0.358443 0.170119 
d_84 d84 0.257360 0.656220 0.086420 
d_85 d85 0.212487 0.635448 0.152064 
d_86 d86 0.269942 0.555203 0.174855 
d_87 d87 0.048973 0.902054 0.048973 
d_88 d88 0.322053 0.558940 0.119007 
d_89 d89 0.099158 0.560190 0.340651 
d_90 d90 0.200883 0.730684 0.068433 
d_91 d91 0.361642 0.616419 0.021939 
d_92 d92 0.185732 0.776138 0.038130 
d_93 d93 0.477633 0.477633 0.044733 
d_94 d94 0.466371 0.510717 0.022912 
d_95 d95 0.048973 0.428120 0.522907 
d_96 d96 0.291372 0.495935 0.212693 
d_97 d97 0.228429 0.527406 0.244165 
d_98 d98 0.044733 0.131313 0.823954 
d_99 d99 0.550577 0.306178 0.143245 
d_100 d100 0.537937 0.333333 0.128730 
d_101 d101 0.477633 0.131313 0.391053 
d_102 d102 0.025142 0.657745 0.317113 
d_103 d103 0.061779 0.509844 0.428377 
d_104 d104 0.555063 0.333333 0.111604 
d_105 d105 0.473438 0.508465 0.018097 
d_106 d106 0.060429 0.762183 0.177388 
d_107 d107 0.158813 0.682373 0.158813 
d_108 d108 0.695871 0.272910 0.031219 
d_109 d109 0.753200 0.230927 0.015873 
d_110 d110 0.211439 0.745898 0.042663 
d_111 d111 0.177388 0.762183 0.060429 
d_112 d112 0.476703 0.384537 0.138761 
d_113 d113 0.120850 0.598938 0.280212 
d_114 d114 0.041169 0.917663 0.041169 
d_115 d115 0.361642 0.531493 0.106865 
d_116 d116 0.111931 0.628536 0.259533 
d_117 d117 0.236715 0.572337 0.190948 
d_118 d118 0.359198 0.494989 0.145813 
d_119 d119 0.048973 0.333333 0.617694 
d_120 d120 0.143104 0.610030 0.246866 
d_121 d121 0.200205 0.292371 0.507424 
d_122 d122 0.369675 0.309106 0.321219 
d_123 d123 0.052060 0.644214 0.303726 
d_124 d124 0.213618 0.572765 0.213618 
d_125 d125 0.411673 0.388171 0.200157 
d_126 d126 0.097535 0.869239 0.033226 
d_127 d127 0.433773 0.283114 0.283114 
d_128 d128 0.423342 0.423342 0.153315 
d_129 d129 0.519256 0.280212 0.200531 
d_130 d130 0.422025 0.422025 0.155950 
d_131 d131 0.068433 0.863135 0.068433 
d_132 d132 0.654066 0.310424 0.035510 
d_133 d133 0.259533 0.702337 0.038130 
d_134 d134 0.430586 0.503525 0.065889 
d_135 d135 0.333333 0.286858 0.379809 
d_136 d136 0.693694 0.200157 0.106150 
d_137 d137 0.423928 0.359979 0.216094 
d_138 d138 0.261649 0.445981 0.292371 
d_139 d139 0.029440 0.770180 0.200380 
d_140 d140 0.689567 0.231552 0.078880 
d_141 d141 0.384224 0.384224 0.231552 
d_142 d142 0.521894 0.408758 0.069348 
d_143 d143 0.226152 0.547696 0.226152 
d_144 d144 0.128730 0.640239 0.231032 
d_145 d145 0.183978 0.469111 0.346911 
d_146 d146 0.650291 0.079768 0.269942 
d_147 d147 0.026428 0.384484 0.589088 
d_148 d148 0.060429 0.879142 0.060429 
d_149 d149 0.060429 0.762183 0.177388 
d_150 d150 0.445981 0.415259 0.138761 
d_151 d151 0.333333 0.635448 0.031219 
d_152 d152 0.348801 0.580820 0.070379 
d_153 d153 0.405211 0.513028 0.081761 
d_154 d154 0.091641 0.877140 0.031219 
d_155 d155 0.111604 0.821138 0.067258 
d_156 d156 0.494567 0.431476 0.073957 
d_157 d157 0.155950 0.555063 0.288987 
d_158 d158 0.585338 0.241695 0.172967 
d_159 d159 0.422025 0.422025 0.155950 
d_160 d160 0.377679 0.599409 0.022912 
d_161 d161 0.354770 0.483387 0.161844 
d_162 d162 0.146915 0.652907 0.200178 
d_163 d163 0.241443 0.627383 0.131174 
d_164 d164 0.104238 0.654066 0.241695 
d_165 d165 0.131313 0.477633 0.391053 
d_166 d166 0.029440 0.941121 0.029440 
d_167 d167 0.368237 0.158813 0.472949 
d_168 d168 0.091641 0.695871 0.212487 
d_169 d169 0.762183 0.177388 0.060429 
d_170 d170 0.643755 0.288987 0.067258 
d_171 d171 0.263281 0.578517 0.158202 
d_172 d172 0.131313 0.217893 0.650794 
d_173 d173 0.143760 0.428120 0.428120 
d_174 d174 0.179881 0.435635 0.384484 
d_175 d175 0.086420 0.086420 0.827160 
d_176 d176 0.174855 0.650291 0.174855 
d_177 d177 0.054101 0.682373 0.263525 
d_178 d178 0.137639 0.607306 0.255055 
d_179 d179 0.713200 0.143400 0.143400 
d_180 d180 0.396108 0.245449 0.358443 
d_181 d181 0.333333 0.554736 0.111931 
d_182 d182 0.381730 0.563218 0.055051 
d_183 d183 0.139993 0.483709 0.376298 
d_184 d184 0.441609 0.209590 0.348801 
d_185 d185 0.120284 0.519751 0.359964 
d_186 d186 0.212487 0.756294 0.031219 
d_187 d187 0.578517 0.368360 0.053123 
d_188 d188 0.348801 0.627224 0.023975 
d_189 d189 0.255994 0.534416 0.209590 
d_190 d190 0.038130 0.849938 0.111931 
d_191 d191 0.364669 0.576185 0.059146 
d_192 d192 0.518753 0.468184 0.013064 
d_193 d193 0.035510 0.860252 0.104238 
d_194 d194 0.598938 0.359894 0.041169 
d_195 d195 0.033226 0.933548 0.033226 
d_196 d196 0.391220 0.391220 0.217559 
d_197 d197 0.257810 0.422588 0.319602 
d_198 d198 0.172967 0.791523 0.035510 
d_199 d199 0.466371 0.466371 0.067258 
d_200 d200 0.081761 0.620845 0.297394 
d_201 d201 0.038130 0.923739 0.038130 
d_202 d202 0.238547 0.712480 0.048973 
d_203 d203 0.236540 0.599516 0.163944 
d_204 d204 0.333333 0.333333 0.333333 
d_205 d205 0.059361 0.333333 0.607306 
d_206 d206 0.209590 0.488012 0.302398 
d_207 d207 0.413227 0.573014 0.013759 
d_208 d208 0.536896 0.231552 0.231552 
d_209 d209 0.207175 0.396412 0.396412 
d_210 d210 0.355894 0.626622 0.017484 
d_211 d211 0.272770 0.524342 0.202888 
d_212 d212 0.398173 0.239022 0.362806 
d_213 d213 0.450750 0.294194 0.255055 
d_214 d214 0.535938 0.333333 0.130728 
d_215 d215 0.393756 0.575025 0.031219 
d_216 d216 0.033226 0.483387 0.483387 
d_217 d217 0.014954 0.593825 0.391220 
d_218 d218 0.294347 0.294347 0.411306 
d_219 d219 0.200883 0.598234 0.200883 
d_220 d220 0.172967 0.516609 0.310424 
d_221 d221 0.272806 0.350627 0.376567 
d_222 d222 0.306957 0.484998 0.208045 
d_223 d223 0.573014 0.413227 0.013759 
d_224 d224 0.152064 0.816717 0.031219 
d_225 d225 0.038130 0.259533 0.702337 
d_226 d226 0.368237 0.368237 0.263525 
d_227 d227 0.505960 0.382655 0.111385 
d_228 d228 0.086420 0.827160 0.086420 
d_229 d229 0.807267 0.048973 0.143760 
d_230 d230 0.290461 0.612004 0.097535 
d_231 d231 0.333333 0.466489 0.200178 
d_232 d232 0.314340 0.485280 0.200380 
d_233 d233 0.678619 0.120850 0.200531 
d_234 d234 0.041169 0.758300 0.200531 
d_235 d235 0.158813 0.368237 0.472949 
d_236 d236 0.519256 0.439575 0.041169 
d_237 d237 0.560422 0.414436 0.025142 
d_238 d238 0.163186 0.488012 0.348801 
d_239 d239 0.200380 0.599240 0.200380 
d_240 d240 0.536896 0.231552 0.231552 
d_241 d241 0.354770 0.612004 0.033226 
d_242 d242 0.411306 0.528265 0.060429 
d_243 d243 0.102512 0.713510 0.183978 
d_244 d244 0.029440 0.713200 0.257360 
d_245 d245 0.064402 0.616419 0.319179 
d_246 d246 0.564214 0.391053 0.044733 
d_247 d247 0.373075 0.164431 0.462494 
d_248 d248 0.253109 0.373446 0.373446 
d_249 d249 0.104238 0.722795 0.172967 
d_250 d250 0.471438 0.396108 0.132454 
d_251 d251 0.272910 0.575025 0.152064 
d_252 d252 0.163944 0.781004 0.055051 
d_253 d253 0.343269 0.581719 0.075012 
d_254 d254 0.033226 0.612004 0.354770 
d_255 d255 0.391053 0.564214 0.044733 
d_256 d256 0.059361 0.568167 0.372472 
d_257 d257 0.384537 0.415259 0.200205 
d_258 d258 0.459119 0.513028 0.027853 
d_259 d259 0.022912 0.909830 0.067258 
d_260 d260 0.068433 0.598234 0.333333 
d_261 d261 0.382074 0.382074 0.235852 
d_262 d262 0.096215 0.533972 0.369813 
d_263 d263 0.097535 0.547696 0.354770 
d_264 d264 0.061779 0.550577 0.387644 
d_265 d265 0.333333 0.598234 0.068433 
d_266 d266 0.161844 0.547696 0.290461 
d_267 d267 0.463098 0.414436 0.122466 
d_268 d268 0.253440 0.679538 0.067022 
d_269 d269 0.225922 0.720014 0.054064 
d_270 d270 0.379152 0.585338 0.035510 
d_271 d271 0.564214 0.217893 0.217893 
d_272 d272 0.221171 0.536628 0.242201 
d_273 d273 0.308672 0.382655 0.308672 
d_274 d274 0.244642 0.732446 0.022912 
d_275 d275 0.333333 0.238246 0.428420 
d_276 d276 0.395639 0.525042 0.079319 
d_277 d277 0.050790 0.575513 0.373697 
d_278 d278 0.010221 0.623475 0.366304 
d_279 d279 0.044733 0.477633 0.477633 
d_280 d280 0.395205 0.488012 0.116783 
d_281 d281 0.031219 0.816717 0.152064 
d_282 d282 0.184610 0.417394 0.397995 
d_283 d283 0.131313 0.217893 0.650794 
d_284 d284 0.397173 0.479252 0.123575 
d_285 d285 0.265908 0.721028 0.013064 
d_286 d286 0.132921 0.486590 0.380489 
d_287 d287 0.270662 0.388171 0.341167 
d_288 d288 0.317113 0.511760 0.171127 
d_289 d289 0.517115 0.296577 0.186308 
d_290 d290 0.548844 0.310648 0.140508 
d_291 d291 0.333333 0.613543 0.053123 
d_292 d292 0.245449 0.735091 0.019460 
d_293 d293 0.265908 0.518753 0.215339 
d_294 d294 0.446568 0.446568 0.106865 
d_295 d295 0.061779 0.794976 0.143245 
d_296 d296 0.483387 0.483387 0.033226 
d_297 d297 0.053123 0.473438 0.473438 
d_298 d298 0.161844 0.740622 0.097535 
d_299 d299 0.011343 0.911453 0.077205 
d_300 d300 0.185732 0.776138 0.038130 
d_301 d301 0.098500 0.646445 0.255055 
d_302 d302 0.021045 0.469111 0.509844 
d_303 d303 0.021045 0.957909 0.021045 
d_304 d304 0.068433 0.598234 0.333333 
d_305 d305 0.104238 0.172967 0.722795 
d_306 d306 0.104819 0.492300 0.402881 
d_307 d307 0.322323 0.470961 0.206716 
d_308 d308 0.063633 0.645175 0.291193 
d_309 d309 0.411306 0.528265 0.060429 
d_310 d310 0.635448 0.152064 0.212487 
d_311 d311 0.049645 0.638843 0.311511 
d_312 d312 0.014534 0.520863 0.464604 
d_313 d313 0.428120 0.522907 0.048973 
d_314 d314 0.743808 0.234253 0.021939 
d_315 d315 0.111931 0.849938 0.038130 
d_316 d316 0.022912 0.865484 0.111604 
d_317 d317 0.323316 0.413474 0.263211 
d_318 d318 0.333333 0.514602 0.152064 
d_319 d319 0.204440 0.548156 0.247404 
d_320 d320 0.574297 0.390031 0.035672 
d_321 d321 0.509102 0.471438 0.019460 
d_322 d322 0.393878 0.272788 0.333333 
d_323 d323 0.393756 0.575025 0.031219 
d_324 d324 0.478051 0.362277 0.159672 
d_325 d325 0.176655 0.599687 0.223658 
d_326 d326 0.212487 0.756294 0.031219 
d_327 d327 0.350982 0.443636 0.205383 
d_328 d328 0.169483 0.476703 0.353815 
d_329 d329 0.258511 0.325851 0.415638 
d_330 d330 0.395205 0.488012 0.116783 
d_331 d331 0.200242 0.418028 0.381730 
d_332 d332 0.271086 0.401805 0.327109 
d_333 d333 0.319179 0.573956 0.106865 
d_334 d334 0.213312 0.704310 0.082379 
d_335 d335 0.290461 0.419078 0.290461 
d_336 d336 0.459119 0.243486 0.297394 
d_337 d337 0.485280 0.143400 0.371320 
d_338 d338 0.952049 0.023975 0.023975 
d_339 d339 0.580820 0.395205 0.023975 
d_340 d340 0.341167 0.576185 0.082648 
d_341 d341 0.609084 0.365775 0.025142 
d_342 d342 0.424533 0.506612 0.068855 
d_343 d343 0.381730 0.200242 0.418028 
d_344 d344 0.670771 0.315093 0.014136 
d_345 d345 0.211439 0.661510 0.127051 
d_346 d346 0.025142 0.511760 0.463098 
d_347 d347 0.200242 0.635814 0.163944 
d_348 d348 0.348801 0.395205 0.255994 
d_349 d349 0.395205 0.441609 0.163186 
d_350 d350 0.542260 0.371320 0.086420 
d_351 d351 0.405211 0.513028 0.081761 
d_352 d352 0.031219 0.937563 0.031219 
d_353 d353 0.021045 0.183978 0.794976 
d_354 d354 0.060429 0.411306 0.528265 
d_355 d355 0.297394 0.674753 0.027853 
d_356 d356 0.480935 0.407134 0.111931 
d_357 d357 0.384484 0.486786 0.128730 
d_358 d358 0.473438 0.263281 0.263281 
d_359 d359 0.373878 0.304373 0.321749 
d_360 d360 0.054101 0.891798 0.054101 
d_361 d361 0.252244 0.426006 0.321749 
d_362 d362 0.035510 0.928981 0.035510 
d_363 d363 0.135669 0.728661 0.135669 
d_364 d364 0.333333 0.555203 0.111463 
d_365 d365 0.776138 0.185732 0.038130 
d_366 d366 0.185732 0.554736 0.259533 
d_367 d367 0.060429 0.528265 0.411306 
d_368 d368 0.333333 0.403386 0.263281 
d_369 d369 0.563218 0.381730 0.055051 
d_370 d370 0.104238 0.860252 0.035510 
d_371 d371 0.255055 0.724723 0.020222 
d_372 d372 0.094790 0.094790 0.810421 
d_373 d373 0.379152 0.447881 0.172967 
d_374 d374 0.263525 0.682373 0.054101 
d_375 d375 0.648570 0.333333 0.018097 
d_376 d376 0.054101 0.472949 0.472949 
d_377 d377 0.659761 0.320778 0.019460 
d_378 d378 0.234253 0.743808 0.021939 
d_379 d379 0.067258 0.377679 0.555063 
d_380 d380 0.411306 0.294347 0.294347 
d_381 d381 0.622769 0.362277 0.014954 
d_382 d382 0.209590 0.673627 0.116783 
d_383 d383 0.054101 0.472949 0.472949 
d_384 d384 0.217893 0.737374 0.044733 
d_385 d385 0.244642 0.688101 0.067258 
d_386 d386 0.346522 0.346522 0.306957 
d_387 d387 0.554736 0.407134 0.038130 
d_388 d388 0.402508 0.584090 0.013403 
d_389 d389 0.139486 0.594606 0.265908 
d_390 d390 0.231032 0.742540 0.026428 
d_391 d391 0.111931 0.849938 0.038130 
d_392 d392 0.507424 0.445981 0.046595 
d_393 d393 0.402508 0.506269 0.091224 
d_394 d394 0.236540 0.672111 0.091349 
d_395 d395 0.177388 0.411306 0.411306 
d_396 d396 0.143400 0.542260 0.314340 
d_397 d397 0.650794 0.217893 0.131313 
d_398 d398 0.078880 0.842239 0.078880 
d_399 d399 0.226152 0.740622 0.033226 
d_400 d400 0.255055 0.489889 0.255055 
d_401 d401 0.756294 0.152064 0.091641 
d_402 d402 0.086420 0.713200 0.200380 
d_403 d403 0.185368 0.456638 0.357994 
d_404 d404 0.161401 0.535354 0.303245 
d_405 d405 0.384484 0.435635 0.179881 
d_406 d406 0.477633 0.477633 0.044733 
d_407 d407 0.155180 0.774027 0.070792 
d_408 d408 0.057788 0.723689 0.218523 
d_409 d409 0.355894 0.592781 0.051325 
d_410 d410 0.025142 0.463098 0.511760 
d_411 d411 0.348801 0.441609 0.209590 
d_412 d412 0.149328 0.276716 0.573956 
d_413 d413 0.294347 0.528265 0.177388 
d_414 d414 0.234253 0.616419 0.149328 
d_415 d415 0.259533 0.554736 0.185732 
d_416 d416 0.543491 0.403386 0.053123 
d_417 d417 0.041169 0.598938 0.359894 
d_418 d418 0.355894 0.288212 0.355894 
d_419 d419 0.435635 0.435635 0.128730 
d_420 d420 0.419078 0.354770 0.226152 
d_421 d421 0.516609 0.104238 0.379152 
d_422 d422 0.268451 0.463098 0.268451 
d_423 d423 0.438412 0.333333 0.228255 
d_424 d424 0.152848 0.389735 0.457417 
d_425 d425 0.060429 0.528265 0.411306 
d_426 d426 0.254371 0.322053 0.423576 
d_427 d427 0.200531 0.519256 0.280212 
d_428 d428 0.044733 0.564214 0.391053 
d_429 d429 0.018754 0.926195 0.055051 
d_430 d430 0.128730 0.435635 0.435635 
d_431 d431 0.035510 0.654066 0.310424 
d_432 d432 0.428377 0.224711 0.346911 
d_433 d433 0.094790 0.546767 0.358443 
d_434 d434 0.019460 0.659761 0.320778 
d_435 d435 0.534416 0.255994 0.209590 
d_436 d436 0.041496 0.670771 0.287734 
d_437 d437 0.017484 0.795826 0.186689 
d_438 d438 0.172967 0.585338 0.241695 
d_439 d439 0.029440 0.941121 0.029440 
d_440 d440 0.123831 0.527871 0.348298 
d_441 d441 0.054101 0.682373 0.263525 
d_442 d442 0.405211 0.459119 0.135669 
d_443 d443 0.022912 0.422025 0.555063 
d_444 d444 0.122466 0.560422 0.317113 
d_445 d445 0.393191 0.550318 0.056491 
d_446 d446 0.027853 0.944295 0.027853 
d_447 d447 0.454325 0.236540 0.309135 
d_448 d448 0.511760 0.463098 0.025142 
d_449 d449 0.410445 0.473537 0.116018 
d_450 d450 0.226152 0.547696 0.226152 
d_451 d451 0.351303 0.620845 0.027853 
d_452 d452 0.261649 0.476703 0.261649 
d_453 d453 0.454179 0.454179 0.091641 
d_454 d454 0.057125 0.810421 0.132454 
d_455 d455 0.259533 0.702337 0.038130 
d_456 d456 0.257215 0.466540 0.276245 
d_457 d457 0.220925 0.584090 0.194985 
d_458 d458 0.492300 0.462494 0.045206 
d_459 d459 0.200380 0.770180 0.029440 
d_460 d460 0.206550 0.555203 0.238246 
d_461 d461 0.214797 0.472307 0.312896 
d_462 d462 0.280212 0.678619 0.041169 
d_463 d463 0.259533 0.333333 0.407134 
d_464 d464 0.093653 0.786063 0.120284 
d_465 d465 0.420164 0.449108 0.130728 
d_466 d466 0.097535 0.226152 0.676313 
d_467 d467 0.306702 0.386596 0.306702 
d_468 d468 0.011597 0.617658 0.370744 
d_469 d469 0.282182 0.537937 0.179881 
d_470 d470 0.029440 0.770180 0.200380 
d_471 d471 0.217893 0.650794 0.131313 
d_472 d472 0.082379 0.540644 0.376978 
d_473 d473 0.179881 0.793691 0.026428 
d_474 d474 0.177388 0.294347 0.528265 
d_475 d475 0.060429 0.879142 0.060429 
d_476 d476 0.376978 0.311511 0.311511 
d_477 d477 0.081761 0.674753 0.243486 
d_478 d478 0.282182 0.691390 0.026428 
d_479 d479 0.489030 0.446568 0.064402 
d_480 d480 0.044733 0.910534 0.044733 
d_481 d481 0.189578 0.351303 0.459119 
d_482 d482 0.272910 0.333333 0.393756 
d_483 d483 0.599240 0.371320 0.029440 
d_484 d484 0.078880 0.842239 0.078880 
d_485 d485 0.288987 0.688101 0.022912 
d_486 d486 0.282182 0.589088 0.128730 
d_487 d487 0.348801 0.441609 0.209590 
d_488 d488 0.428300 0.542260 0.029440 
d_489 d489 0.511760 0.414436 0.073804 
d_490 d490 0.577661 0.054101 0.368237 
d_491 d491 0.379258 0.448144 0.172599 
d_492 d492 0.428377 0.224711 0.346911 
d_493 d493 0.025142 0.560422 0.414436 
d_494 d494 0.397995 0.417394 0.184610 
d_495 d495 0.313462 0.581719 0.104819 
d_496 d496 0.046135 0.596089 0.357776 
d_497 d497 0.028322 0.607221 0.364457 
d_498 d498 0.496832 0.349683 0.153485 
d_499 d499 0.585338 0.104238 0.310424 
d_500 d500 0.091224 0.765672 0.143104 
d_501 d501 0.200380 0.770180 0.029440 
d_502 d502 0.152064 0.635448 0.212487 
d_503 d503 0.021939 0.743808 0.234253 
d_504 d504 0.566936 0.405211 0.027853 
d_505 d505 0.169483 0.783922 0.046595 
d_506 d506 0.016376 0.428420 0.555203 
d_507 d507 0.131313 0.823954 0.044733 
d_508 d508 0.245449 0.546767 0.207784 
d_509 d509 0.422588 0.443186 0.134226 
d_510 d510 0.152064 0.333333 0.514602 
d_511 d511 0.522907 0.333333 0.143760 
d_512 d512 0.428120 0.333333 0.238547 
d_513 d513 0.094790 0.772756 0.132454 
d_514 d514 0.218523 0.448144 0.333333 
d_515 d515 0.060429 0.879142 0.060429 
d_516 d516 0.163186 0.766435 0.070379 
d_517 d517 0.068433 0.465784 0.465784 
d_518 d518 0.143400 0.827160 0.029440 
d_519 d519 0.428120 0.522907 0.048973 
d_520 d520 0.163186 0.627224 0.209590 
d_521 d521 0.081761 0.890386 0.027853 
d_522 d522 0.119031 0.608199 0.272770 
d_523 d523 0.236540 0.744707 0.018754 
d_524 d524 0.368237 0.054101 0.577661 
d_525 d525 0.454179 0.393756 0.152064 
d_526 d526 0.492300 0.462494 0.045206 
d_527 d527 0.821138 0.111604 0.067258 
d_528 d528 0.327736 0.310943 0.361321 
d_529 d529 0.215064 0.457828 0.327109 
d_530 d530 0.061779 0.550577 0.387644 
d_531 d531 0.035510 0.516609 0.447881 
d_532 d532 0.591310 0.346911 0.061779 
d_533 d533 0.469715 0.373446 0.156839 
d_534 d534 0.200883 0.598234 0.200883 
d_535 d535 0.068433 0.863135 0.068433 
d_536 d536 0.041169 0.439575 0.519256 
d_537 d537 0.447881 0.516609 0.035510 
d_538 d538 0.097535 0.547696 0.354770 
d_539 d539 0.207784 0.659761 0.132454 
d_540 d540 0.564214 0.304473 0.131313 
d_541 d541 0.465784 0.333333 0.200883 
d_542 d542 0.376978 0.606110 0.016912 
d_543 d543 0.483387 0.290461 0.226152 
d_544 d544 0.740622 0.226152 0.033226 
d_545 d545 0.260374 0.506612 0.233014 
d_546 d546 0.033226 0.933548 0.033226 
d_547 d547 0.442899 0.215339 0.341761 
d_548 d548 0.171127 0.706407 0.122466 
d_549 d549 0.391053 0.477633 0.131313 
d_550 d550 0.635448 0.333333 0.031219 
d_551 d551 0.116783 0.488012 0.395205 
d_552 d552 0.646445 0.333333 0.020222 
d_553 d553 0.029440 0.827160 0.143400 
d_554 d554 0.120850 0.837981 0.041169 
d_555 d555 0.447510 0.485569 0.066920 
d_556 d556 0.466371 0.510717 0.022912 
d_557 d557 0.381394 0.401991 0.216615 
d_558 d558 0.322053 0.626622 0.051325 
d_559 d559 0.048973 0.238547 0.712480 
d_560 d560 0.295827 0.633380 0.070792 
d_561 d561 0.310943 0.478869 0.210188 
d_562 d562 0.231552 0.536896 0.231552 
d_563 d563 0.672111 0.309135 0.018754 
d_564 d564 0.627224 0.163186 0.209590 
d_565 d565 0.449108 0.420164 0.130728 
d_566 d566 0.185732 0.259533 0.554736 
d_567 d567 0.362277 0.535938 0.101785 
d_568 d568 0.391053 0.391053 0.217893 
d_569 d569 0.186689 0.389735 0.423576 
d_570 d570 0.466371 0.510717 0.022912 
d_571 d571 0.224044 0.641331 0.134625 
d_572 d572 0.025142 0.706407 0.268451 
d_573 d573 0.246503 0.333333 0.420164 
d_574 d574 0.023975 0.534416 0.441609 
d_575 d575 0.368384 0.284262 0.347354 
d_576 d576 0.078880 0.689567 0.231552 
d_577 d577 0.054101 0.891798 0.054101 
d_578 d578 0.023975 0.534416 0.441609 
d_579 d579 0.177388 0.177388 0.645224 
d_580 d580 0.093093 0.633634 0.273273 
d_581 d581 0.345433 0.163944 0.490623 
d_582 d582 0.259533 0.628536 0.111931 
d_583 d583 0.365775 0.268451 0.365775 
d_584 d584 0.272910 0.272910 0.454179 
d_585 d585 0.033226 0.676313 0.290461 
d_586 d586 0.288987 0.688101 0.022912 
d_587 d587 0.029440 0.884141 0.086420 
d_588 d588 0.387644 0.591310 0.021045 
d_589 d589 0.491812 0.491812 0.016376 
d_590 d590 0.654066 0.310424 0.035510 
d_591 d591 0.078880 0.689567 0.231552 
d_592 d592 0.287409 0.494068 0.218523 
d_593 d593 0.371392 0.523628 0.104979 
d_594 d594 0.379152 0.585338 0.035510 
d_595 d595 0.519256 0.439575 0.041169 
d_596 d596 0.244642 0.732446 0.022912 
d_597 d597 0.464464 0.354314 0.181222 
d_598 d598 0.577661 0.368237 0.054101 
d_599 d599 0.234690 0.678586 0.086724 
d_600 d600 0.111931 0.554736 0.333333 
d_601 d601 0.093653 0.519751 0.386596 
d_602 d602 0.287409 0.539992 0.172599 
d_603 d603 0.054101 0.682373 0.263525 
d_604 d604 0.793691 0.179881 0.026428 
d_605 d605 0.350627 0.506269 0.143104 
d_606 d606 0.428300 0.428300 0.143400 
d_607 d607 0.662551 0.168724 0.168724 
d_608 d608 0.200242 0.454325 0.345433 
d_609 d609 0.044733 0.737374 0.217893 
d_610 d610 0.577661 0.368237 0.054101 
d_611 d611 0.391053 0.217893 0.391053 
d_612 d612 0.289760 0.364457 0.345783 
d_613 d613 0.702337 0.259533 0.038130 
d_614 d614 0.411306 0.294347 0.294347 
d_615 d615 0.078880 0.689567 0.231552 
d_616 d616 0.068433 0.333333 0.598234 
d_617 d617 0.207784 0.245449 0.546767 
d_618 d618 0.131313 0.823954 0.044733 
d_619 d619 0.255055 0.489889 0.255055 
d_620 d620 0.241695 0.654066 0.104238 
d_621 d621 0.035510 0.860252 0.104238 
d_622 d622 0.737374 0.044733 0.217893 
d_623 d623 0.485280 0.428300 0.086420 
d_624 d624 0.676313 0.161844 0.161844 
d_625 d625 0.023975 0.812838 0.163186 
d_626 d626 0.212487 0.454179 0.333333 
d_627 d627 0.033226 0.804930 0.161844 
d_628 d628 0.403276 0.325971 0.270753 
d_629 d629 0.447881 0.310424 0.241695 
d_630 d630 0.438085 0.438085 0.123831 
d_631 d631 0.068433 0.863135 0.068433 
d_632 d632 0.231552 0.689567 0.078880 
d_633 d633 0.314340 0.314340 0.371320 
d_634 d634 0.568167 0.294194 0.137639 
d_635 d635 0.333333 0.423342 0.243324 
d_636 d636 0.288212 0.694303 0.017484 
d_637 d637 0.535938 0.333333 0.130728 
d_638 d638 0.116783 0.302398 0.580820 
d_639 d639 0.333333 0.333333 0.333333 
d_640 d640 0.106865 0.871196 0.021939 
d_641 d641 0.067258 0.599409 0.333333 
d_642 d642 0.598234 0.333333 0.068433 
d_643 d643 0.224711 0.591310 0.183978 
d_644 d644 0.472970 0.221624 0.305406 
d_645 d645 0.026428 0.691390 0.282182 
d_646 d646 0.238547 0.428120 0.333333 
d_647 d647 0.495662 0.394906 0.109432 
d_648 d648 0.550577 0.306178 0.143245 
d_649 d649 0.309755 0.575007 0.115237 
d_650 d650 0.054101 0.891798 0.054101 
d_651 d651 0.311511 0.475177 0.213312 
d_652 d652 0.333333 0.640239 0.026428 
d_653 d653 0.162539 0.674922 0.162539 
d_654 d654 0.438412 0.508465 0.053123 
d_655 d655 0.407134 0.554736 0.038130 
d_656 d656 0.585338 0.379152 0.035510 
d_657 d657 0.143400 0.656220 0.200380 
d_658 d658 0.068433 0.863135 0.068433 
d_659 d659 0.086420 0.884141 0.029440 
d_660 d660 0.158813 0.787086 0.054101 
d_661 d661 0.111931 0.849938 0.038130 
d_662 d662 0.395205 0.580820 0.023975 
d_663 d663 0.108039 0.599590 0.292371 
d_664 d664 0.070379 0.720031 0.209590 
d_665 d665 0.183978 0.794976 0.021045 
d_666 d666 0.068433 0.863135 0.068433 
d_667 d667 0.120850 0.598938 0.280212 
d_668 d668 0.027853 0.566936 0.405211 
d_669 d669 0.263525 0.682373 0.054101 
d_670 d670 0.537937 0.333333 0.128730 
d_671 d671 0.044733 0.564214 0.391053 
d_672 d672 0.259533 0.628536 0.111931 
d_673 d673 0.276716 0.276716 0.446568 
d_674 d674 0.068433 0.068433 0.863135 
d_675 d675 0.111931 0.628536 0.259533 
d_676 d676 0.019460 0.509102 0.471438 
d_677 d677 0.048973 0.807267 0.143760 
d_678 d678 0.616419 0.234253 0.149328 
d_679 d679 0.226152 0.740622 0.033226 
d_680 d680 0.284012 0.579942 0.136046 
d_681 d681 0.239569 0.492733 0.267698 
d_682 d682 0.676313 0.226152 0.097535 
d_683 d683 0.037402 0.530621 0.431977 
d_684 d684 0.288987 0.200296 0.510717 
d_685 d685 0.393191 0.572765 0.034044 
d_686 d686 0.560422 0.414436 0.025142 
d_687 d687 0.236540 0.635814 0.127647 
d_688 d688 0.294194 0.529028 0.176778 
d_689 d689 0.428448 0.324687 0.246866 
d_690 d690 0.176554 0.433102 0.390344 
d_691 d691 0.171127 0.609084 0.219789 
d_692 d692 0.054101 0.787086 0.158813 
d_693 d693 0.025142 0.657745 0.317113 
d_694 d694 0.035510 0.928981 0.035510 
d_695 d695 0.200242 0.599516 0.200242 
d_696 d696 0.158813 0.787086 0.054101 
d_697 d697 0.944295 0.027853 0.027853 
d_698 d698 0.111931 0.628536 0.259533 
d_699 d699 0.171127 0.609084 0.219789 
d_700 d700 0.238547 0.428120 0.333333 
d_701 d701 0.054101 0.577661 0.368237 
d_702 d702 0.038130 0.480935 0.480935 
d_703 d703 0.143760 0.807267 0.048973 
d_704 d704 0.158813 0.682373 0.158813 
d_705 d705 0.035510 0.722795 0.241695 
d_706 d706 0.246045 0.540644 0.213312 
d_707 d707 0.179881 0.742540 0.077579 
d_708 d708 0.068433 0.598234 0.333333 
d_709 d709 0.204974 0.349378 0.445648 
d_710 d710 0.189578 0.459119 0.351303 
d_711 d711 0.131313 0.477633 0.391053 
d_712 d712 0.041169 0.678619 0.280212 
d_713 d713 0.433773 0.433773 0.132454 
d_714 d714 0.038130 0.923739 0.038130 
d_715 d715 0.163186 0.534416 0.302398 
d_716 d716 0.317113 0.511760 0.171127 
d_717 d717 0.128730 0.691390 0.179881 
d_718 d718 0.333333 0.372472 0.294194 
d_719 d719 0.628536 0.333333 0.038130 
d_720 d720 0.018754 0.490623 0.490623 
d_721 d721 0.419078 0.547696 0.033226 
d_722 d722 0.474605 0.232425 0.292970 
d_723 d723 0.337577 0.439423 0.223000 
d_724 d724 0.512887 0.426006 0.061106 
d_725 d725 0.585338 0.310424 0.104238 
d_726 d726 0.191791 0.531493 0.276716 
d_727 d727 0.176778 0.529028 0.294194 
d_728 d728 0.310424 0.585338 0.104238 
d_729 d729 0.101785 0.333333 0.564882 
d_730 d730 0.582144 0.208928 0.208928 
d_731 d731 0.317113 0.268451 0.414436 
d_732 d732 0.354314 0.464464 0.181222 
d_733 d733 0.054101 0.891798 0.054101 
d_734 d734 0.348801 0.441609 0.209590 
d_735 d735 0.317113 0.657745 0.025142 
d_736 d736 0.044733 0.823954 0.131313 
d_737 d737 0.048973 0.902054 0.048973 
d_738 d738 0.277176 0.662254 0.060570 
d_739 d739 0.255994 0.627224 0.116783 
d_740 d740 0.023975 0.952049 0.023975 
d_741 d741 0.191791 0.531493 0.276716 
d_742 d742 0.261649 0.138761 0.599590 
d_743 d743 0.054101 0.577661 0.368237 
d_744 d744 0.226152 0.419078 0.354770 
d_745 d745 0.078880 0.231552 0.689567 
d_746 d746 0.298746 0.661911 0.039343 
d_747 d747 0.239569 0.605251 0.155180 
d_748 d748 0.391053 0.217893 0.391053 
d_749 d749 0.438773 0.338126 0.223101 
d_750 d750 0.060429 0.762183 0.177388 
d_751 d751 0.543491 0.368360 0.088149 
d_752 d752 0.290461 0.676313 0.033226 
d_753 d753 0.288212 0.288212 0.423576 
d_754 d754 0.091224 0.324687 0.584090 
d_755 d755 0.376298 0.612603 0.011099 
d_756 d756 0.060429 0.879142 0.060429 
d_757 d757 0.311511 0.540644 0.147845 
d_758 d758 0.221171 0.578689 0.200140 
d_759 d759 0.065283 0.350627 0.584090 
d_760 d760 0.628536 0.185732 0.185732 
d_761 d761 0.368360 0.578517 0.053123 
d_762 d762 0.073804 0.511760 0.414436 
d_763 d763 0.035510 0.585338 0.379152 
d_764 d764 0.026428 0.384484 0.589088 
d_765 d765 0.211439 0.633380 0.155180 
d_766 d766 0.529247 0.294151 0.176602 
d_767 d767 0.772894 0.113553 0.113553 
d_768 d768 0.243324 0.567357 0.189319 
d_769 d769 0.326323 0.410445 0.263232 
d_770 d770 0.459119 0.459119 0.081761 
d_771 d771 0.333333 0.428120 0.238547 
d_772 d772 0.182957 0.440745 0.376298 
d_773 d773 0.267698 0.520863 0.211439 
d_774 d774 0.238547 0.617694 0.143760 
d_775 d775 0.419078 0.290461 0.290461 
d_776 d776 0.073382 0.512050 0.414568 
d_777 d777 0.155950 0.599409 0.244642 
d_778 d778 0.137049 0.347354 0.515598 
d_779 d779 0.196390 0.663243 0.140367 
d_780 d780 0.068433 0.068433 0.863135 
d_781 d781 0.172967 0.791523 0.035510 
d_782 d782 0.288212 0.694303 0.017484 
d_783 d783 0.077075 0.372758 0.550168 
d_784 d784 0.371320 0.314340 0.314340 
d_785 d785 0.207784 0.358443 0.433773 
d_786 d786 0.594606 0.316477 0.088917 
d_787 d787 0.241695 0.310424 0.447881 
d_788 d788 0.301638 0.523508 0.174855 
d_789 d789 0.428377 0.509844 0.061779 
d_790 d790 0.531493 0.021939 0.446568 
d_791 d791 0.060429 0.879142 0.060429 
d_792 d792 0.533972 0.424533 0.041496 
d_793 d793 0.428377 0.387644 0.183978 
d_794 d794 0.368237 0.577661 0.054101 
d_795 d795 0.290461 0.612004 0.097535 
d_796 d796 0.226809 0.359964 0.413227 
d_797 d797 0.243486 0.513028 0.243486 
d_798 d798 0.177388 0.762183 0.060429 
d_799 d799 0.311511 0.606110 0.082379 
d_800 d800 0.231552 0.689567 0.078880 
d_801 d801 0.407134 0.185732 0.407134 
d_802 d802 0.215917 0.450750 0.333333 
d_803 d803 0.333333 0.554736 0.111931 
d_804 d804 0.280212 0.519256 0.200531 
d_805 d805 0.111931 0.333333 0.554736 
d_806 d806 0.371320 0.371320 0.257360 
d_807 d807 0.418028 0.490623 0.091349 
d_808 d808 0.263281 0.683596 0.053123 
d_809 d809 0.021939 0.276716 0.701345 
d_810 d810 0.446568 0.446568 0.106865 
d_811 d811 0.508465 0.333333 0.158202 
d_812 d812 0.226152 0.740622 0.033226 
d_813 d813 0.215339 0.619890 0.164770 
d_814 d814 0.177388 0.645224 0.177388 
d_815 d815 0.345433 0.490623 0.163944 
d_816 d816 0.033226 0.933548 0.033226 
d_817 d817 0.294347 0.645224 0.060429 
d_818 d818 0.317841 0.534728 0.147431 
d_819 d819 0.546767 0.358443 0.094790 
d_820 d820 0.245449 0.396108 0.358443 
d_821 d821 0.284012 0.481299 0.234690 
d_822 d822 0.635448 0.272910 0.091641 
d_823 d823 0.213312 0.737043 0.049645 
d_824 d824 0.120850 0.837981 0.041169 
d_825 d825 0.419299 0.251666 0.329035 
d_826 d826 0.333333 0.480935 0.185732 
d_827 d827 0.391053 0.564214 0.044733 
d_828 d828 0.041169 0.917663 0.041169 
d_829 d829 0.358443 0.622097 0.019460 
d_830 d830 0.391053 0.477633 0.131313 
d_831 d831 0.236422 0.442358 0.321219 
d_832 d832 0.529028 0.372472 0.098500 
d_833 d833 0.048973 0.617694 0.333333 
d_834 d834 0.628536 0.185732 0.185732 
d_835 d835 0.483387 0.354770 0.161844 
d_836 d836 0.720031 0.163186 0.116783 
d_837 d837 0.234253 0.446568 0.319179 
d_838 d838 0.280212 0.200531 0.519256 
d_839 d839 0.333333 0.386596 0.280071 
d_840 d840 0.200380 0.770180 0.029440 
d_841 d841 0.351303 0.566936 0.081761 
d_842 d842 0.450750 0.372472 0.176778 
d_843 d843 0.272910 0.454179 0.272910 
d_844 d844 0.176778 0.333333 0.489889 
d_845 d845 0.333333 0.598234 0.068433 
d_846 d846 0.078880 0.842239 0.078880 
d_847 d847 0.244642 0.688101 0.067258 
d_848 d848 0.018754 0.490623 0.490623 
d_849 d849 0.405211 0.459119 0.135669 
d_850 d850 0.402881 0.551913 0.045206 
d_851 d851 0.441776 0.379809 0.178415 
d_852 d852 0.068433 0.863135 0.068433 
d_853 d853 0.176778 0.607306 0.215917 
d_854 d854 0.263281 0.648570 0.088149 
d_855 d855 0.277176 0.349378 0.373446 
d_856 d856 0.135669 0.836478 0.027853 
d_857 d857 0.018754 0.926195 0.055051 
d_858 d858 0.585338 0.241695 0.172967 
d_859 d859 0.020222 0.842140 0.137639 
d_860 d860 0.031219 0.816717 0.152064 
d_861 d861 0.333333 0.589088 0.077579 
d_862 d862 0.177388 0.411306 0.411306 
d_863 d863 0.670771 0.260374 0.068855 
d_864 d864 0.027853 0.728661 0.243486 
d_865 d865 0.793691 0.179881 0.026428 
d_866 d866 0.143760 0.807267 0.048973 
d_867 d867 0.070379 0.812838 0.116783 
d_868 d868 0.073804 0.803731 0.122466 
d_869 d869 0.242201 0.620750 0.137049 
d_870 d870 0.255531 0.474350 0.270119 
d_871 d871 0.352086 0.436474 0.211439 
d_872 d872 0.384224 0.536896 0.078880 
d_873 d873 0.298746 0.635971 0.065283 
d_874 d874 0.183978 0.550577 0.265445 
d_875 d875 0.518753 0.417615 0.063633 
d_876 d876 0.283656 0.700944 0.015400 
d_877 d877 0.525099 0.457417 0.017484 
d_878 d878 0.054101 0.891798 0.054101 
d_879 d879 0.025142 0.803731 0.171127 
d_880 d880 0.396108 0.584432 0.019460 
d_881 d881 0.268887 0.483709 0.247404 
d_882 d882 0.041169 0.598938 0.359894 
d_883 d883 0.605251 0.323957 0.070792 
d_884 d884 0.345433 0.490623 0.163944 
d_885 d885 0.635448 0.272910 0.091641 
d_886 d886 0.191791 0.616419 0.191791 
d_887 d887 0.127647 0.272837 0.599516 
d_888 d888 0.243486 0.620845 0.135669 
d_889 d889 0.407134 0.554736 0.038130 
d_890 d890 0.231032 0.640239 0.128730 
d_891 d891 0.575513 0.393878 0.030609 
d_892 d892 0.443186 0.546172 0.010642 
d_893 d893 0.240624 0.468184 0.291193 
d_894 d894 0.077317 0.599590 0.323093 
d_895 d895 0.014534 0.464604 0.520863 
d_896 d896 0.564882 0.275446 0.159672 
d_897 d897 0.173686 0.470961 0.355354 
d_898 d898 0.469111 0.346911 0.183978 
d_899 d899 0.147987 0.530264 0.321749 
d_900 d900 0.152064 0.454179 0.393756 
d_901 d901 0.628536 0.259533 0.111931 
d_902 d902 0.082379 0.475177 0.442444 
d_903 d903 0.261649 0.722478 0.015873 
d_904 d904 0.054101 0.054101 0.891798 
d_905 d905 0.472949 0.158813 0.368237 
d_906 d906 0.355894 0.186689 0.457417 
d_907 d907 0.459119 0.351303 0.189578 
d_908 d908 0.026428 0.435635 0.537937 
d_909 d909 0.163944 0.708409 0.127647 
d_910 d910 0.533786 0.281604 0.184610 
d_911 d911 0.425182 0.402220 0.172599 
d_912 d912 0.370744 0.550318 0.078938 
d_913 d913 0.132454 0.848085 0.019460 
d_914 d914 0.466371 0.288987 0.244642 
d_915 d915 0.365775 0.609084 0.025142 
d_916 d916 0.411306 0.177388 0.411306 
d_917 d917 0.454179 0.393756 0.152064 
d_918 d918 0.229041 0.469715 0.301243 
d_919 d919 0.073804 0.414436 0.511760 
d_920 d920 0.091641 0.877140 0.031219 
d_921 d921 0.416098 0.515415 0.068487 
d_922 d922 0.355919 0.389799 0.254282 
d_923 d923 0.489828 0.476414 0.033758 
d_924 d924 0.323093 0.292371 0.384537 
d_925 d925 0.019460 0.584432 0.396108 
d_926 d926 0.068433 0.863135 0.068433 
d_927 d927 0.189578 0.728661 0.081761 
d_928 d928 0.018754 0.381730 0.599516 
d_929 d929 0.193228 0.298307 0.508465 
d_930 d930 0.397780 0.290369 0.311851 
d_931 d931 0.078880 0.842239 0.078880 
d_932 d932 0.016376 0.491812 0.491812 
d_933 d933 0.458552 0.278237 0.263211 
d_934 d934 0.077579 0.640239 0.282182 
d_935 d935 0.147845 0.606110 0.246045 
d_936 d936 0.104238 0.516609 0.379152 
d_937 d937 0.228255 0.648570 0.123176 
d_938 d938 0.068433 0.863135 0.068433 
d_939 d939 0.712480 0.238547 0.048973 
d_940 d940 0.231552 0.536896 0.231552 
d_941 d941 0.238547 0.712480 0.048973 
d_942 d942 0.555282 0.308672 0.136046 
d_943 d943 0.026428 0.947144 0.026428 
d_944 d944 0.072434 0.628562 0.299004 
d_945 d945 0.509102 0.433773 0.057125 
d_946 d946 0.018754 0.817302 0.163944 
d_947 d947 0.038130 0.923739 0.038130 
d_948 d948 0.179881 0.486786 0.333333 
d_949 d949 0.200178 0.493120 0.306702 
d_950 d950 0.131313 0.737374 0.131313 
d_951 d951 0.200380 0.485280 0.314340 
d_952 d952 0.255994 0.627224 0.116783 
d_953 d953 0.078880 0.384224 0.536896 
d_954 d954 0.012741 0.505960 0.481299 
d_955 d955 0.220530 0.491258 0.288212 
d_956 d956 0.226152 0.419078 0.354770 
d_957 d957 0.389735 0.423576 0.186689 
d_958 d958 0.240624 0.341761 0.417615 
d_959 d959 0.049645 0.311511 0.638843 
d_960 d960 0.038130 0.776138 0.185732 
d_961 d961 0.026428 0.333333 0.640239 
d_962 d962 0.068433 0.863135 0.068433 
d_963 d963 0.419078 0.354770 0.226152 
d_964 d964 0.016912 0.671577 0.311511 
d_965 d965 0.231552 0.689567 0.078880 
d_966 d966 0.473438 0.403386 0.123176 
d_967 d967 0.405211 0.351303 0.243486 
d_968 d968 0.255994 0.255994 0.488012 
d_969 d969 0.025142 0.463098 0.511760 
d_970 d970 0.438412 0.508465 0.053123 
d_971 d971 0.283114 0.697426 0.019460 
d_972 d972 0.179110 0.599720 0.221171 
d_973 d973 0.555331 0.252607 0.192062 
d_974 d974 0.120850 0.200531 0.678619 
d_975 d975 0.584432 0.283114 0.132454 
d_976 d976 0.506612 0.233014 0.260374 
d_977 d977 0.377679 0.466371 0.155950 
d_978 d978 0.241695 0.585338 0.172967 
d_979 d979 0.758300 0.200531 0.041169 
d_980 d980 0.439575 0.519256 0.041169 
d_981 d981 0.171127 0.463098 0.365775 
d_982 d982 0.060429 0.879142 0.060429 
d_983 d983 0.029440 0.770180 0.200380 
d_984 d984 0.172967 0.791523 0.035510 
d_985 d985 0.447881 0.310424 0.241695 
d_986 d986 0.068433 0.730684 0.200883 
d_987 d987 0.408345 0.464604 0.127051 
d_988 d988 0.239569 0.605251 0.155180 
d_989 d989 0.320778 0.584432 0.094790 
d_990 d990 0.419078 0.290461 0.290461 
d_991 d991 0.446568 0.489030 0.064402 
d_992 d992 0.489889 0.489889 0.020222 
d_993 d993 0.094790 0.622097 0.283114 
d_994 d994 0.573956 0.404105 0.021939 
d_995 d995 0.263281 0.403386 0.333333 
d_996 d996 0.635448 0.272910 0.091641 
d_997 d997 0.333333 0.554736 0.111931 
d_998 d998 0.640239 0.231032 0.128730 
d_999 d999 0.488012 0.302398 0.209590 
d_1000 d1000 0.387644 0.591310 0.021045 
d_1001 d1001 0.609084 0.073804 0.317113 
d_1002 d1002 0.088149 0.613543 0.298307 
d_1003 d1003 0.054101 0.682373 0.263525 
d_1004 d1004 0.200883 0.730684 0.068433 
d_1005 d1005 0.137049 0.704872 0.158079 
d_1006 d1006 0.377679 0.422025 0.200296 
d_1007 d1007 0.057125 0.772756 0.170119 
d_1008 d1008 0.365775 0.463098 0.171127 
d_1009 d1009 0.333333 0.598234 0.068433 
d_1010 d1010 0.073804 0.365775 0.560422 
d_1011 d1011 0.428300 0.485280 0.086420 
d_1012 d1012 0.021939 0.573956 0.404105 
d_1013 d1013 0.097535 0.547696 0.354770 
d_1014 d1014 0.737374 0.131313 0.131313 
d_1015 d1015 0.061779 0.876443 0.061779 
d_1016 d1016 0.454179 0.514602 0.031219 
d_1017 d1017 0.441609 0.395205 0.163186 
d_1018 d1018 0.048973 0.902054 0.048973 
d_1019 d1019 0.435635 0.333333 0.231032 
d_1020 d1020 0.104819 0.492300 0.402881 
d_1021 d1021 0.288987 0.688101 0.022912 
d_1022 d1022 0.622097 0.358443 0.019460 
d_1023 d1023 0.564128 0.425651 0.010221 
d_1024 d1024 0.147845 0.507911 0.344244 
d_1025 d1025 0.149328 0.276716 0.573956 
d_1026 d1026 0.314340 0.599240 0.086420 
d_1027 d1027 0.384537 0.599590 0.015873 
d_1028 d1028 0.059361 0.568167 0.372472 
