d_0 d0 0.239669 0.322314 0.438017 
d_1 d1 0.007519 0.624060 0.368421 
d_2 d2 0.575758 0.090909 0.333333 
d_3 d3 0.560976 0.317073 0.121951 
d_4 d4 0.189189 0.675676 0.135135 
d_5 d5 0.034483 0.517241 0.448276 
d_6 d6 0.170732 0.463415 0.365854 
d_7 d7 0.578947 0.353383 0.067669 
d_8 d8 0.636364 0.212121 0.151515 
d_9 d9 0.333333 0.614035 0.052632 
d_10 d10 0.314286 0.257143 0.428571 
d_11 d11 0.333333 0.600000 0.066667 
d_12 d12 0.111111 0.407407 0.481481 
d_13 d13 0.066667 0.200000 0.733333 
d_14 d14 0.466667 0.466667 0.066667 
d_15 d15 0.142857 0.809524 0.047619 
d_16 d16 0.219048 0.295238 0.485714 
d_17 d17 0.368421 0.410526 0.221053 
d_18 d18 0.358025 0.604938 0.037037 
d_19 d19 0.333333 0.456790 0.209877 
d_20 d20 0.009346 0.364486 0.626168 
d_21 d21 0.517241 0.241379 0.241379 
d_22 d22 0.200000 0.466667 0.333333 
d_23 d23 0.043478 0.565217 0.391304 
d_24 d24 0.037037 0.407407 0.555556 
d_25 d25 0.368421 0.263158 0.368421 
d_26 d26 0.079755 0.484663 0.435583 
d_27 d27 0.294118 0.176471 0.529412 
d_28 d28 0.306122 0.469388 0.224490 
d_29 d29 0.157895 0.438596 0.403509 
d_30 d30 0.030303 0.757576 0.212121 
d_31 d31 0.090909 0.575758 0.333333 
d_32 d32 0.142857 0.632653 0.224490 
d_33 d33 0.306122 0.346939 0.346939 
d_34 d34 0.176471 0.764706 0.058824 
d_35 d35 0.257143 0.428571 0.314286 
d_36 d36 0.161290 0.483871 0.354839 
d_37 d37 0.030303 0.333333 0.636364 
d_38 d38 0.377049 0.409836 0.213115 
d_39 d39 0.259259 0.481481 0.259259 
d_40 d40 0.012658 0.341772 0.645570 
d_41 d41 0.106383 0.574468 0.319149 
d_42 d42 0.629630 0.333333 0.037037 
d_43 d43 0.130435 0.565217 0.304348 
d_44 d44 0.130435 0.391304 0.478261 
d_45 d45 0.777778 0.185185 0.037037 
d_46 d46 0.333333 0.407407 0.259259 
d_47 d47 0.432099 0.506173 0.061728 
d_48 d48 0.116279 0.534884 0.348837 
d_49 d49 0.052632 0.473684 0.473684 
d_50 d50 0.508772 0.192982 0.298246 
d_51 d51 0.384615 0.384615 0.230769 
d_52 d52 0.179487 0.333333 0.487179 
d_53 d53 0.517241 0.448276 0.034483 
d_54 d54 0.142857 0.555556 0.301587 
d_55 d55 0.435897 0.230769 0.333333 
d_56 d56 0.157895 0.789474 0.052632 
d_57 d57 0.018868 0.735849 0.245283 
d_58 d58 0.436620 0.380282 0.183099 
d_59 d59 0.448276 0.310345 0.241379 
d_60 d60 0.047619 0.809524 0.142857 
d_61 d61 0.547170 0.396226 0.056604 
d_62 d62 0.176471 0.764706 0.058824 
d_63 d63 0.114754 0.311475 0.573770 
d_64 d64 0.379310 0.379310 0.241379 
d_65 d65 0.137255 0.333333 0.529412 
d_66 d66 0.457627 0.491525 0.050847 
d_67 d67 0.261745 0.342282 0.395973 
d_68 d68 0.076923 0.692308 0.230769 
d_69 d69 0.056604 0.509434 0.433962 
d_70 d70 0.066667 0.466667 0.466667 
d_71 d71 0.180952 0.333333 0.485714 
d_72 d72 0.565217 0.130435 0.304348 
d_73 d73 0.237410 0.424460 0.338129 
d_74 d74 0.015385 0.415385 0.569231 
d_75 d75 0.275362 0.594203 0.130435 
d_76 d76 0.185185 0.481481 0.333333 
d_77 d77 0.200000 0.377778 0.422222 
d_78 d78 0.052632 0.473684 0.473684 
d_79 d79 0.292035 0.451327 0.256637 
d_80 d80 0.333333 0.523810 0.142857 
d_81 d81 0.428571 0.387755 0.183673 
d_82 d82 0.438596 0.403509 0.157895 
d_83 d83 0.240506 0.367089 0.392405 
d_84 d84 0.188406 0.681159 0.130435 
d_85 d85 0.531915 0.319149 0.148936 
d_86 d86 0.753086 0.185185 0.061728 
d_87 d87 0.022222 0.866667 0.111111 
d_88 d88 0.221053 0.536842 0.242105 
d_89 d89 0.436620 0.549296 0.014085 
d_90 d90 0.302326 0.488372 0.209302 
d_91 d91 0.034483 0.862069 0.103448 
d_92 d92 0.102041 0.142857 0.755102 
d_93 d93 0.413333 0.386667 0.200000 
d_94 d94 0.150685 0.424658 0.424658 
d_95 d95 0.333333 0.047619 0.619048 
d_96 d96 0.345455 0.490909 0.163636 
d_97 d97 0.043478 0.826087 0.130435 
d_98 d98 0.317647 0.600000 0.082353 
d_99 d99 0.310345 0.655172 0.034483 
d_100 d100 0.489362 0.234043 0.276596 
d_101 d101 0.504762 0.352381 0.142857 
d_102 d102 0.157895 0.368421 0.473684 
d_103 d103 0.333333 0.629630 0.037037 
d_104 d104 0.288889 0.422222 0.288889 
d_105 d105 0.066667 0.866667 0.066667 
d_106 d106 0.560440 0.252747 0.186813 
d_107 d107 0.090909 0.757576 0.151515 
d_108 d108 0.430657 0.459854 0.109489 
d_109 d109 0.157895 0.263158 0.578947 
d_110 d110 0.323077 0.384615 0.292308 
d_111 d111 0.241379 0.448276 0.310345 
d_112 d112 0.142857 0.492063 0.365079 
d_113 d113 0.066667 0.413333 0.520000 
d_114 d114 0.435115 0.358779 0.206107 
d_115 d115 0.277487 0.340314 0.382199 
d_116 d116 0.081967 0.311475 0.606557 
d_117 d117 0.170732 0.317073 0.512195 
d_118 d118 0.333333 0.259259 0.407407 
d_119 d119 0.853659 0.121951 0.024390 
d_120 d120 0.160173 0.480519 0.359307 
d_121 d121 0.529412 0.294118 0.176471 
d_122 d122 0.076923 0.589744 0.333333 
d_123 d123 0.259259 0.703704 0.037037 
d_124 d124 0.291139 0.544304 0.164557 
d_125 d125 0.619048 0.301587 0.079365 
d_126 d126 0.158879 0.551402 0.289720 
d_127 d127 0.466667 0.377778 0.155556 
d_128 d128 0.719298 0.052632 0.228070 
d_129 d129 0.230769 0.692308 0.076923 
d_130 d130 0.096774 0.483871 0.419355 
d_131 d131 0.116279 0.581395 0.302326 
d_132 d132 0.028571 0.428571 0.542857 
d_133 d133 0.041096 0.260274 0.698630 
d_134 d134 0.464789 0.464789 0.070423 
d_135 d135 0.428571 0.523810 0.047619 
d_136 d136 0.317073 0.463415 0.219512 
d_137 d137 0.509434 0.396226 0.094340 
d_138 d138 0.081081 0.783784 0.135135 
d_139 d139 0.055215 0.496933 0.447853 
d_140 d140 0.185185 0.555556 0.259259 
d_141 d141 0.052632 0.789474 0.157895 
d_142 d142 0.157895 0.649123 0.192982 
d_143 d143 0.362637 0.472527 0.164835 
d_144 d144 0.096774 0.741935 0.161290 
d_145 d145 0.280000 0.573333 0.146667 
d_146 d146 0.507246 0.304348 0.188406 
d_147 d147 0.612903 0.225806 0.161290 
d_148 d148 0.025641 0.794872 0.179487 
d_149 d149 0.189189 0.459459 0.351351 
d_150 d150 0.379845 0.255814 0.364341 
d_151 d151 0.484536 0.463918 0.051546 
d_152 d152 0.361702 0.404255 0.234043 
d_153 d153 0.317073 0.463415 0.219512 
d_154 d154 0.052632 0.368421 0.578947 
d_155 d155 0.169811 0.283019 0.547170 
d_156 d156 0.263158 0.578947 0.157895 
d_157 d157 0.634409 0.311828 0.053763 
d_158 d158 0.508772 0.333333 0.157895 
d_159 d159 0.238095 0.238095 0.523810 
d_160 d160 0.760000 0.040000 0.200000 
d_161 d161 0.063830 0.063830 0.872340 
d_162 d162 0.272727 0.236364 0.490909 
d_163 d163 0.460317 0.111111 0.428571 
d_164 d164 0.269461 0.377246 0.353293 
d_165 d165 0.030303 0.333333 0.636364 
d_166 d166 0.313433 0.373134 0.313433 
d_167 d167 0.395349 0.302326 0.302326 
d_168 d168 0.066667 0.866667 0.066667 
d_169 d169 0.267606 0.323944 0.408451 
d_170 d170 0.428571 0.314286 0.257143 
d_171 d171 0.024390 0.268293 0.707317 
d_172 d172 0.276596 0.574468 0.148936 
d_173 d173 0.398693 0.372549 0.228758 
d_174 d174 0.714286 0.047619 0.238095 
d_175 d175 0.714286 0.206349 0.079365 
d_176 d176 0.502959 0.313609 0.183432 
d_177 d177 0.333333 0.607843 0.058824 
d_178 d178 0.806452 0.161290 0.032258 
d_179 d179 0.306122 0.551020 0.142857 
d_180 d180 0.391304 0.246377 0.362319 
d_181 d181 0.320755 0.509434 0.169811 
d_182 d182 0.200000 0.600000 0.200000 
d_183 d183 0.034483 0.172414 0.793103 
d_184 d184 0.043478 0.130435 0.826087 
d_185 d185 0.043478 0.826087 0.130435 
d_186 d186 0.130435 0.565217 0.304348 
d_187 d187 0.234568 0.506173 0.259259 
d_188 d188 0.282051 0.487179 0.230769 
d_189 d189 0.023256 0.581395 0.395349 
d_190 d190 0.176471 0.450980 0.372549 
d_191 d191 0.037037 0.259259 0.703704 
d_192 d192 0.151515 0.636364 0.212121 
d_193 d193 0.304348 0.652174 0.043478 
d_194 d194 0.333333 0.428571 0.238095 
d_195 d195 0.684211 0.228070 0.087719 
d_196 d196 0.333333 0.466667 0.200000 
d_197 d197 0.391304 0.478261 0.130435 
d_198 d198 0.659574 0.191489 0.148936 
d_199 d199 0.407407 0.037037 0.555556 
d_200 d200 0.157895 0.684211 0.157895 
d_201 d201 0.851852 0.111111 0.037037 
d_202 d202 0.473684 0.473684 0.052632 
d_203 d203 0.103448 0.310345 0.586207 
d_204 d204 0.573770 0.344262 0.081967 
d_205 d205 0.132075 0.811321 0.056604 
d_206 d206 0.241379 0.724138 0.034483 
d_207 d207 0.113924 0.594937 0.291139 
d_208 d208 0.295775 0.323944 0.380282 
d_209 d209 0.268293 0.365854 0.365854 
d_210 d210 0.185185 0.629630 0.185185 
d_211 d211 0.263158 0.368421 0.368421 
d_212 d212 0.176471 0.450980 0.372549 
d_213 d213 0.473684 0.368421 0.157895 
d_214 d214 0.076923 0.230769 0.692308 
d_215 d215 0.245033 0.231788 0.523179 
d_216 d216 0.047619 0.619048 0.333333 
d_217 d217 0.379845 0.379845 0.240310 
d_218 d218 0.272727 0.454545 0.272727 
d_219 d219 0.128205 0.230769 0.641026 
d_220 d220 0.621622 0.351351 0.027027 
d_221 d221 0.428571 0.428571 0.142857 
d_222 d222 0.333333 0.454545 0.212121 
d_223 d223 0.212121 0.575758 0.212121 
d_224 d224 0.123596 0.348315 0.528090 
d_225 d225 0.377778 0.466667 0.155556 
d_226 d226 0.189189 0.513514 0.297297 
d_227 d227 0.047619 0.904762 0.047619 
d_228 d228 0.169811 0.358491 0.471698 
d_229 d229 0.243243 0.189189 0.567568 
d_230 d230 0.516484 0.186813 0.296703 
d_231 d231 0.354839 0.548387 0.096774 
d_232 d232 0.294118 0.647059 0.058824 
d_233 d233 0.600000 0.333333 0.066667 
d_234 d234 0.333333 0.377778 0.288889 
d_235 d235 0.265306 0.061224 0.673469 
d_236 d236 0.547445 0.226277 0.226277 
d_237 d237 0.283019 0.245283 0.471698 
d_238 d238 0.242105 0.410526 0.347368 
d_239 d239 0.213675 0.606838 0.179487 
d_240 d240 0.333333 0.647059 0.019608 
d_241 d241 0.311475 0.540984 0.147541 
d_242 d242 0.275362 0.420290 0.304348 
d_243 d243 0.272727 0.636364 0.090909 
d_244 d244 0.209877 0.209877 0.580247 
d_245 d245 0.478261 0.217391 0.304348 
d_246 d246 0.317073 0.609756 0.073171 
d_247 d247 0.130435 0.304348 0.565217 
d_248 d248 0.671642 0.313433 0.014925 
d_249 d249 0.120000 0.360000 0.520000 
d_250 d250 0.069767 0.581395 0.348837 
d_251 d251 0.527273 0.272727 0.200000 
d_252 d252 0.090909 0.636364 0.272727 
d_253 d253 0.473684 0.052632 0.473684 
d_254 d254 0.096774 0.612903 0.290323 
d_255 d255 0.454545 0.313131 0.232323 
d_256 d256 0.043478 0.826087 0.130435 
d_257 d257 0.584000 0.232000 0.184000 
d_258 d258 0.411765 0.529412 0.058824 
d_259 d259 0.411765 0.529412 0.058824 
d_260 d260 0.320755 0.283019 0.396226 
d_261 d261 0.301205 0.662651 0.036145 
d_262 d262 0.236641 0.511450 0.251908 
d_263 d263 0.252747 0.406593 0.340659 
d_264 d264 0.025641 0.743590 0.230769 
d_265 d265 0.351351 0.513514 0.135135 
d_266 d266 0.360000 0.600000 0.040000 
d_267 d267 0.267606 0.549296 0.183099 
d_268 d268 0.066667 0.733333 0.200000 
d_269 d269 0.347368 0.200000 0.452632 
d_270 d270 0.040000 0.760000 0.200000 
d_271 d271 0.040000 0.760000 0.200000 
d_272 d272 0.369863 0.315068 0.315068 
d_273 d273 0.466667 0.333333 0.200000 
d_274 d274 0.243243 0.513514 0.243243 
d_275 d275 0.578947 0.368421 0.052632 
d_276 d276 0.073171 0.268293 0.658537 
d_277 d277 0.304348 0.536232 0.159420 
d_278 d278 0.179487 0.282051 0.538462 
d_279 d279 0.393939 0.515152 0.090909 
d_280 d280 0.619048 0.238095 0.142857 
d_281 d281 0.066667 0.733333 0.200000 
d_282 d282 0.157895 0.368421 0.473684 
d_283 d283 0.168539 0.550562 0.280899 
d_284 d284 0.485714 0.314286 0.200000 
d_285 d285 0.020408 0.265306 0.714286 
d_286 d286 0.462687 0.462687 0.074627 
d_287 d287 0.381818 0.345455 0.272727 
d_288 d288 0.076923 0.323077 0.600000 
d_289 d289 0.233645 0.457944 0.308411 
d_290 d290 0.066667 0.866667 0.066667 
d_291 d291 0.483871 0.462366 0.053763 
d_292 d292 0.308642 0.506173 0.185185 
d_293 d293 0.298246 0.649123 0.052632 
d_294 d294 0.050847 0.762712 0.186441 
d_295 d295 0.517241 0.448276 0.034483 
d_296 d296 0.188119 0.623762 0.188119 
d_297 d297 0.481481 0.259259 0.259259 
d_298 d298 0.135135 0.405405 0.459459 
d_299 d299 0.132075 0.396226 0.471698 
d_300 d300 0.382550 0.463087 0.154362 
d_301 d301 0.223881 0.313433 0.462687 
d_302 d302 0.361963 0.398773 0.239264 
d_303 d303 0.308901 0.445026 0.246073 
d_304 d304 0.333333 0.629630 0.037037 
d_305 d305 0.351351 0.243243 0.405405 
d_306 d306 0.162791 0.612403 0.224806 
d_307 d307 0.333333 0.456790 0.209877 
d_308 d308 0.360000 0.306667 0.333333 
d_309 d309 0.510490 0.286713 0.202797 
d_310 d310 0.047619 0.619048 0.333333 
d_311 d311 0.619048 0.333333 0.047619 
d_312 d312 0.243243 0.621622 0.135135 
d_313 d313 0.333333 0.589744 0.076923 
d_314 d314 0.398230 0.292035 0.309735 
d_315 d315 0.090909 0.454545 0.454545 
d_316 d316 0.304348 0.043478 0.652174 
d_317 d317 0.411765 0.529412 0.058824 
d_318 d318 0.692308 0.230769 0.076923 
d_319 d319 0.333333 0.450980 0.215686 
d_320 d320 0.777778 0.037037 0.185185 
d_321 d321 0.127273 0.418182 0.454545 
d_322 d322 0.054545 0.781818 0.163636 
d_323 d323 0.170732 0.609756 0.219512 
d_324 d324 0.548387 0.419355 0.032258 
d_325 d325 0.464789 0.352113 0.183099 
d_326 d326 0.840000 0.120000 0.040000 
d_327 d327 0.310345 0.172414 0.517241 
d_328 d328 0.224490 0.591837 0.183673 
d_329 d329 0.611650 0.320388 0.067961 
d_330 d330 0.017544 0.508772 0.473684 
d_331 d331 0.422222 0.511111 0.066667 
d_332 d332 0.191489 0.361702 0.446809 
d_333 d333 0.021277 0.744681 0.234043 
d_334 d334 0.255814 0.395349 0.348837 
d_335 d335 0.415385 0.200000 0.384615 
d_336 d336 0.405405 0.405405 0.189189 
d_337 d337 0.245902 0.475410 0.278689 
d_338 d338 0.290323 0.677419 0.032258 
d_339 d339 0.160839 0.412587 0.426573 
d_340 d340 0.147929 0.550296 0.301775 
d_341 d341 0.032258 0.935484 0.032258 
d_342 d342 0.271795 0.210256 0.517949 
d_343 d343 0.586207 0.379310 0.034483 
d_344 d344 0.304348 0.478261 0.217391 
d_345 d345 0.504132 0.239669 0.256198 
d_346 d346 0.629630 0.185185 0.185185 
d_347 d347 0.066667 0.333333 0.600000 
d_348 d348 0.103448 0.172414 0.724138 
d_349 d349 0.095890 0.479452 0.424658 
d_350 d350 0.388535 0.515924 0.095541 
d_351 d351 0.163636 0.345455 0.490909 
d_352 d352 0.710145 0.275362 0.014493 
d_353 d353 0.297710 0.297710 0.404580 
d_354 d354 0.090909 0.636364 0.272727 
d_355 d355 0.176471 0.647059 0.176471 
d_356 d356 0.310345 0.379310 0.310345 
d_357 d357 0.090909 0.515152 0.393939 
d_358 d358 0.454545 0.393939 0.151515 
d_359 d359 0.024390 0.463415 0.512195 
d_360 d360 0.034483 0.655172 0.310345 
d_361 d361 0.123288 0.342466 0.534247 
d_362 d362 0.333333 0.619048 0.047619 
d_363 d363 0.189189 0.513514 0.297297 
d_364 d364 0.368421 0.263158 0.368421 
d_365 d365 0.523810 0.428571 0.047619 
d_366 d366 0.043478 0.043478 0.913043 
d_367 d367 0.137255 0.372549 0.490196 
d_368 d368 0.529412 0.333333 0.137255 
d_369 d369 0.058824 0.882353 0.058824 
d_370 d370 0.350427 0.230769 0.418803 
d_371 d371 0.789474 0.157895 0.052632 
d_372 d372 0.393939 0.515152 0.090909 
d_373 d373 0.366120 0.267760 0.366120 
d_374 d374 0.046154 0.353846 0.600000 
d_375 d375 0.155556 0.466667 0.377778 
d_376 d376 0.054545 0.381818 0.563636 
d_377 d377 0.027027 0.675676 0.297297 
d_378 d378 0.027027 0.405405 0.567568 
d_379 d379 0.307087 0.291339 0.401575 
d_380 d380 0.276596 0.361702 0.361702 
d_381 d381 0.103448 0.310345 0.586207 
d_382 d382 0.196581 0.538462 0.264957 
d_383 d383 0.354839 0.419355 0.225806 
d_384 d384 0.428571 0.047619 0.523810 
d_385 d385 0.414634 0.317073 0.268293 
d_386 d386 0.297297 0.621622 0.081081 
d_387 d387 0.310345 0.655172 0.034483 
d_388 d388 0.538462 0.076923 0.384615 
d_389 d389 0.145631 0.242718 0.611650 
d_390 d390 0.157895 0.578947 0.263158 
d_391 d391 0.107692 0.600000 0.292308 
d_392 d392 0.207547 0.320755 0.471698 
d_393 d393 0.157895 0.789474 0.052632 
d_394 d394 0.066667 0.200000 0.733333 
d_395 d395 0.085714 0.314286 0.600000 
d_396 d396 0.454545 0.090909 0.454545 
d_397 d397 0.268293 0.024390 0.707317 
d_398 d398 0.284211 0.515789 0.200000 
d_399 d399 0.264368 0.333333 0.402299 
d_400 d400 0.176471 0.529412 0.294118 
d_401 d401 0.866667 0.111111 0.022222 
d_402 d402 0.037037 0.481481 0.481481 
d_403 d403 0.333333 0.047619 0.619048 
d_404 d404 0.454545 0.090909 0.454545 
d_405 d405 0.228070 0.403509 0.368421 
d_406 d406 0.148936 0.276596 0.574468 
d_407 d407 0.323944 0.577465 0.098592 
d_408 d408 0.365854 0.560976 0.073171 
d_409 d409 0.353846 0.446154 0.200000 
d_410 d410 0.680000 0.280000 0.040000 
d_411 d411 0.172414 0.517241 0.310345 
d_412 d412 0.333333 0.142857 0.523810 
d_413 d413 0.733333 0.200000 0.066667 
d_414 d414 0.692308 0.076923 0.230769 
d_415 d415 0.245902 0.409836 0.344262 
d_416 d416 0.130435 0.739130 0.130435 
d_417 d417 0.466667 0.511111 0.022222 
d_418 d418 0.028571 0.428571 0.542857 
d_419 d419 0.151515 0.818182 0.030303 
d_420 d420 0.680000 0.120000 0.200000 
d_421 d421 0.432258 0.148387 0.419355 
d_422 d422 0.200000 0.520000 0.280000 
d_423 d423 0.300971 0.398058 0.300971 
d_424 d424 0.552941 0.223529 0.223529 
d_425 d425 0.387755 0.265306 0.346939 
d_426 d426 0.200000 0.557895 0.242105 
d_427 d427 0.056180 0.707865 0.235955 
d_428 d428 0.040000 0.600000 0.360000 
d_429 d429 0.284553 0.479675 0.235772 
d_430 d430 0.333333 0.230769 0.435897 
d_431 d431 0.160494 0.382716 0.456790 
d_432 d432 0.248120 0.383459 0.368421 
d_433 d433 0.052632 0.649123 0.298246 
d_434 d434 0.272727 0.030303 0.696970 
d_435 d435 0.030303 0.696970 0.272727 
d_436 d436 0.135135 0.729730 0.135135 
d_437 d437 0.450549 0.230769 0.318681 
d_438 d438 0.194030 0.671642 0.134328 
d_439 d439 0.304348 0.304348 0.391304 
d_440 d440 0.538462 0.230769 0.230769 
d_441 d441 0.040000 0.920000 0.040000 
d_442 d442 0.066667 0.733333 0.200000 
d_443 d443 0.333333 0.238095 0.428571 
d_444 d444 0.529412 0.411765 0.058824 
d_445 d445 0.032258 0.935484 0.032258 
d_446 d446 0.058824 0.882353 0.058824 
d_447 d447 0.070423 0.774648 0.154930 
d_448 d448 0.215190 0.088608 0.696203 
d_449 d449 0.446154 0.292308 0.261538 
d_450 d450 0.333333 0.536232 0.130435 
d_451 d451 0.428571 0.142857 0.428571 
d_452 d452 0.049180 0.770492 0.180328 
d_453 d453 0.619048 0.333333 0.047619 
d_454 d454 0.411765 0.411765 0.176471 
d_455 d455 0.066667 0.866667 0.066667 
d_456 d456 0.066667 0.822222 0.111111 
d_457 d457 0.612903 0.354839 0.032258 
d_458 d458 0.228070 0.578947 0.192982 
d_459 d459 0.148936 0.489362 0.361702 
d_460 d460 0.058824 0.647059 0.294118 
d_461 d461 0.034483 0.586207 0.379310 
d_462 d462 0.494253 0.494253 0.011494 
d_463 d463 0.310345 0.448276 0.241379 
d_464 d464 0.162791 0.348837 0.488372 
d_465 d465 0.407407 0.555556 0.037037 
d_466 d466 0.209302 0.674419 0.116279 
d_467 d467 0.269841 0.555556 0.174603 
d_468 d468 0.419355 0.548387 0.032258 
d_469 d469 0.369863 0.315068 0.315068 
d_470 d470 0.272727 0.393939 0.333333 
d_471 d471 0.200000 0.760000 0.040000 
d_472 d472 0.085714 0.257143 0.657143 
d_473 d473 0.230769 0.415385 0.353846 
d_474 d474 0.047619 0.619048 0.333333 
d_475 d475 0.095890 0.808219 0.095890 
d_476 d476 0.253731 0.283582 0.462687 
d_477 d477 0.229814 0.354037 0.416149 
d_478 d478 0.174603 0.587302 0.238095 
d_479 d479 0.257143 0.314286 0.428571 
d_480 d480 0.733333 0.200000 0.066667 
d_481 d481 0.344262 0.442623 0.213115 
d_482 d482 0.076923 0.487179 0.435897 
d_483 d483 0.428571 0.555556 0.015873 
d_484 d484 0.029126 0.495146 0.475728 
d_485 d485 0.310345 0.517241 0.172414 
d_486 d486 0.380282 0.408451 0.211268 
d_487 d487 0.573770 0.213115 0.213115 
d_488 d488 0.161905 0.333333 0.504762 
d_489 d489 0.098039 0.725490 0.176471 
d_490 d490 0.278689 0.442623 0.278689 
d_491 d491 0.282051 0.435897 0.282051 
d_492 d492 0.523810 0.333333 0.142857 
d_493 d493 0.207547 0.509434 0.283019 
d_494 d494 0.360000 0.520000 0.120000 
d_495 d495 0.365079 0.396825 0.238095 
d_496 d496 0.230769 0.743590 0.025641 
d_497 d497 0.407407 0.481481 0.111111 
d_498 d498 0.052632 0.894737 0.052632 
d_499 d499 0.185185 0.555556 0.259259 
d_500 d500 0.372549 0.411765 0.215686 
d_501 d501 0.157895 0.431579 0.410526 
d_502 d502 0.196850 0.354331 0.448819 
d_503 d503 0.317073 0.512195 0.170732 
d_504 d504 0.407407 0.555556 0.037037 
d_505 d505 0.185185 0.333333 0.481481 
d_506 d506 0.052632 0.789474 0.157895 
d_507 d507 0.157895 0.684211 0.157895 
d_508 d508 0.235669 0.261146 0.503185 
d_509 d509 0.052632 0.894737 0.052632 
d_510 d510 0.826087 0.130435 0.043478 
d_511 d511 0.684211 0.263158 0.052632 
d_512 d512 0.241379 0.448276 0.310345 
d_513 d513 0.255814 0.348837 0.395349 
d_514 d514 0.490909 0.418182 0.090909 
d_515 d515 0.600000 0.333333 0.066667 
d_516 d516 0.162791 0.209302 0.627907 
d_517 d517 0.066667 0.111111 0.822222 
d_518 d518 0.259259 0.703704 0.037037 
d_519 d519 0.310345 0.310345 0.379310 
d_520 d520 0.111111 0.481481 0.407407 
d_521 d521 0.396226 0.358491 0.245283 
d_522 d522 0.525424 0.423729 0.050847 
d_523 d523 0.076923 0.538462 0.384615 
d_524 d524 0.373913 0.460870 0.165217 
d_525 d525 0.379310 0.034483 0.586207 
d_526 d526 0.254237 0.355932 0.389831 
d_527 d527 0.507692 0.261538 0.230769 
d_528 d528 0.714286 0.174603 0.111111 
d_529 d529 0.072165 0.443299 0.484536 
d_530 d530 0.673469 0.265306 0.061224 
d_531 d531 0.243243 0.513514 0.243243 
d_532 d532 0.619048 0.333333 0.047619 
d_533 d533 0.272727 0.454545 0.272727 
d_534 d534 0.365854 0.512195 0.121951 
d_535 d535 0.120000 0.440000 0.440000 
d_536 d536 0.647059 0.058824 0.294118 
d_537 d537 0.172414 0.517241 0.310345 
d_538 d538 0.179487 0.230769 0.589744 
d_539 d539 0.191489 0.361702 0.446809 
d_540 d540 0.268293 0.463415 0.268293 
d_541 d541 0.177570 0.252336 0.570093 
d_542 d542 0.225806 0.096774 0.677419 
d_543 d543 0.079365 0.269841 0.650794 
d_544 d544 0.358491 0.622642 0.018868 
d_545 d545 0.377778 0.422222 0.200000 
d_546 d546 0.440000 0.440000 0.120000 
d_547 d547 0.066667 0.200000 0.733333 
d_548 d548 0.365854 0.268293 0.365854 
d_549 d549 0.090909 0.878788 0.030303 
d_550 d550 0.310345 0.310345 0.379310 
d_551 d551 0.469388 0.265306 0.265306 
d_552 d552 0.155556 0.377778 0.466667 
d_553 d553 0.369863 0.397260 0.232877 
d_554 d554 0.333333 0.641026 0.025641 
d_555 d555 0.052632 0.894737 0.052632 
d_556 d556 0.282051 0.384615 0.333333 
d_557 d557 0.259259 0.703704 0.037037 
d_558 d558 0.280000 0.440000 0.280000 
d_559 d559 0.483871 0.419355 0.096774 
d_560 d560 0.304348 0.478261 0.217391 
d_561 d561 0.411765 0.294118 0.294118 
d_562 d562 0.066667 0.733333 0.200000 
d_563 d563 0.118644 0.627119 0.254237 
d_564 d564 0.063830 0.574468 0.361702 
d_565 d565 0.263158 0.263158 0.473684 
d_566 d566 0.627907 0.302326 0.069767 
d_567 d567 0.142857 0.619048 0.238095 
d_568 d568 0.466667 0.466667 0.066667 
d_569 d569 0.142857 0.542857 0.314286 
d_570 d570 0.306122 0.306122 0.387755 
d_571 d571 0.076923 0.230769 0.692308 
d_572 d572 0.021277 0.574468 0.404255 
d_573 d573 0.217391 0.739130 0.043478 
d_574 d574 0.058824 0.529412 0.411765 
d_575 d575 0.333333 0.600000 0.066667 
d_576 d576 0.714286 0.238095 0.047619 
d_577 d577 0.288889 0.600000 0.111111 
d_578 d578 0.172414 0.793103 0.034483 
d_579 d579 0.073171 0.609756 0.317073 
d_580 d580 0.200000 0.428571 0.371429 
d_581 d581 0.058824 0.529412 0.411765 
d_582 d582 0.200000 0.644444 0.155556 
d_583 d583 0.120000 0.680000 0.200000 
d_584 d584 0.268293 0.560976 0.170732 
d_585 d585 0.114754 0.475410 0.409836 
d_586 d586 0.047619 0.523810 0.428571 
d_587 d587 0.012987 0.454545 0.532468 
d_588 d588 0.473684 0.473684 0.052632 
d_589 d589 0.388235 0.270588 0.341176 
d_590 d590 0.189189 0.567568 0.243243 
d_591 d591 0.760000 0.200000 0.040000 
d_592 d592 0.254237 0.457627 0.288136 
d_593 d593 0.448276 0.268966 0.282759 
d_594 d594 0.405405 0.567568 0.027027 
d_595 d595 0.142857 0.333333 0.523810 
d_596 d596 0.120000 0.840000 0.040000 
d_597 d597 0.361702 0.234043 0.404255 
d_598 d598 0.333333 0.515152 0.151515 
d_599 d599 0.333333 0.555556 0.111111 
d_600 d600 0.238095 0.714286 0.047619 
d_601 d601 0.304348 0.043478 0.652174 
d_602 d602 0.076923 0.230769 0.692308 
d_603 d603 0.655172 0.310345 0.034483 
d_604 d604 0.652174 0.304348 0.043478 
d_605 d605 0.555556 0.111111 0.333333 
d_606 d606 0.600000 0.309091 0.090909 
d_607 d607 0.402299 0.356322 0.241379 
d_608 d608 0.142857 0.257143 0.600000 
d_609 d609 0.577465 0.183099 0.239437 
d_610 d610 0.200000 0.600000 0.200000 
d_611 d611 0.052632 0.473684 0.473684 
d_612 d612 0.024390 0.707317 0.268293 
d_613 d613 0.428571 0.238095 0.333333 
d_614 d614 0.513514 0.459459 0.027027 
d_615 d615 0.733333 0.200000 0.066667 
d_616 d616 0.460317 0.365079 0.174603 
d_617 d617 0.565217 0.043478 0.391304 
d_618 d618 0.379310 0.448276 0.172414 
d_619 d619 0.515152 0.333333 0.151515 
d_620 d620 0.037037 0.407407 0.555556 
d_621 d621 0.132075 0.622642 0.245283 
d_622 d622 0.294118 0.529412 0.176471 
d_623 d623 0.478261 0.217391 0.304348 
d_624 d624 0.037037 0.629630 0.333333 
d_625 d625 0.314286 0.485714 0.200000 
d_626 d626 0.333333 0.455782 0.210884 
d_627 d627 0.116279 0.395349 0.488372 
d_628 d628 0.387755 0.591837 0.020408 
d_629 d629 0.407407 0.555556 0.037037 
d_630 d630 0.438596 0.403509 0.157895 
d_631 d631 0.356890 0.385159 0.257951 
d_632 d632 0.028571 0.600000 0.371429 
d_633 d633 0.257143 0.485714 0.257143 
d_634 d634 0.034483 0.517241 0.448276 
d_635 d635 0.333333 0.575758 0.090909 
d_636 d636 0.043478 0.739130 0.217391 
d_637 d637 0.261261 0.621622 0.117117 
d_638 d638 0.043478 0.362319 0.594203 
d_639 d639 0.333333 0.259259 0.407407 
d_640 d640 0.466667 0.377778 0.155556 
d_641 d641 0.096774 0.870968 0.032258 
d_642 d642 0.016949 0.762712 0.220339 
d_643 d643 0.037037 0.481481 0.481481 
d_644 d644 0.586207 0.241379 0.172414 
d_645 d645 0.726027 0.178082 0.095890 
d_646 d646 0.372549 0.529412 0.098039 
d_647 d647 0.338583 0.370079 0.291339 
d_648 d648 0.207547 0.320755 0.471698 
d_649 d649 0.333333 0.066667 0.600000 
d_650 d650 0.179487 0.487179 0.333333 
d_651 d651 0.515152 0.454545 0.030303 
d_652 d652 0.388235 0.411765 0.200000 
d_653 d653 0.029703 0.603960 0.366337 
d_654 d654 0.224490 0.428571 0.346939 
d_655 d655 0.205240 0.528384 0.266376 
d_656 d656 0.428571 0.558442 0.012987 
d_657 d657 0.040000 0.920000 0.040000 
d_658 d658 0.440000 0.440000 0.120000 
d_659 d659 0.106383 0.446809 0.446809 
d_660 d660 0.411765 0.529412 0.058824 
d_661 d661 0.069767 0.674419 0.255814 
d_662 d662 0.076923 0.846154 0.076923 
d_663 d663 0.176471 0.647059 0.176471 
d_664 d664 0.180328 0.540984 0.278689 
d_665 d665 0.104478 0.611940 0.283582 
d_666 d666 0.120000 0.520000 0.360000 
d_667 d667 0.111111 0.555556 0.333333 
d_668 d668 0.333333 0.629630 0.037037 
d_669 d669 0.192982 0.649123 0.157895 
d_670 d670 0.420561 0.420561 0.158879 
d_671 d671 0.040000 0.280000 0.680000 
d_672 d672 0.680000 0.200000 0.120000 
d_673 d673 0.162791 0.674419 0.162791 
d_674 d674 0.037037 0.629630 0.333333 
d_675 d675 0.294118 0.176471 0.529412 
d_676 d676 0.076923 0.538462 0.384615 
d_677 d677 0.466667 0.466667 0.066667 
d_678 d678 0.154930 0.549296 0.295775 
d_679 d679 0.243243 0.567568 0.189189 
d_680 d680 0.351351 0.405405 0.243243 
d_681 d681 0.090909 0.878788 0.030303 
d_682 d682 0.661017 0.288136 0.050847 
d_683 d683 0.354839 0.483871 0.161290 
d_684 d684 0.575758 0.212121 0.212121 
d_685 d685 0.023256 0.441860 0.534884 
d_686 d686 0.024390 0.853659 0.121951 
d_687 d687 0.570093 0.327103 0.102804 
d_688 d688 0.185185 0.777778 0.037037 
d_689 d689 0.047619 0.523810 0.428571 
d_690 d690 0.826087 0.130435 0.043478 
d_691 d691 0.107914 0.482014 0.410072 
d_692 d692 0.733333 0.200000 0.066667 
d_693 d693 0.276190 0.352381 0.371429 
d_694 d694 0.279279 0.603604 0.117117 
d_695 d695 0.052632 0.157895 0.789474 
d_696 d696 0.490909 0.054545 0.454545 
d_697 d697 0.408451 0.436620 0.154930 
d_698 d698 0.132075 0.547170 0.320755 
d_699 d699 0.436620 0.549296 0.014085 
d_700 d700 0.127273 0.490909 0.381818 
d_701 d701 0.333333 0.333333 0.333333 
d_702 d702 0.030303 0.393939 0.575758 
d_703 d703 0.023256 0.581395 0.395349 
d_704 d704 0.228070 0.684211 0.087719 
d_705 d705 0.282051 0.384615 0.333333 
d_706 d706 0.137255 0.333333 0.529412 
d_707 d707 0.515152 0.393939 0.090909 
d_708 d708 0.303371 0.595506 0.101124 
d_709 d709 0.355932 0.355932 0.288136 
d_710 d710 0.188406 0.478261 0.333333 
d_711 d711 0.594203 0.333333 0.072464 
d_712 d712 0.581395 0.255814 0.162791 
d_713 d713 0.396825 0.174603 0.428571 
d_714 d714 0.075269 0.354839 0.569892 
d_715 d715 0.172414 0.517241 0.310345 
d_716 d716 0.494253 0.333333 0.172414 
d_717 d717 0.253012 0.445783 0.301205 
d_718 d718 0.161290 0.612903 0.225806 
d_719 d719 0.120000 0.360000 0.520000 
d_720 d720 0.333333 0.636364 0.030303 
d_721 d721 0.047619 0.809524 0.142857 
d_722 d722 0.043478 0.652174 0.304348 
d_723 d723 0.054545 0.563636 0.381818 
d_724 d724 0.636364 0.030303 0.333333 
d_725 d725 0.384615 0.538462 0.076923 
d_726 d726 0.040000 0.200000 0.760000 
d_727 d727 0.230769 0.384615 0.384615 
d_728 d728 0.428571 0.142857 0.428571 
d_729 d729 0.575758 0.272727 0.151515 
d_730 d730 0.219512 0.658537 0.121951 
d_731 d731 0.232877 0.315068 0.452055 
d_732 d732 0.103448 0.379310 0.517241 
d_733 d733 0.130435 0.565217 0.304348 
d_734 d734 0.422222 0.422222 0.155556 
d_735 d735 0.103448 0.793103 0.103448 
d_736 d736 0.304348 0.130435 0.565217 
d_737 d737 0.151515 0.575758 0.272727 
d_738 d738 0.172414 0.724138 0.103448 
d_739 d739 0.079365 0.396825 0.523810 
d_740 d740 0.128205 0.435897 0.435897 
d_741 d741 0.183099 0.239437 0.577465 
d_742 d742 0.162791 0.720930 0.116279 
d_743 d743 0.466667 0.466667 0.066667 
d_744 d744 0.405405 0.207207 0.387387 
d_745 d745 0.135135 0.513514 0.351351 
d_746 d746 0.240876 0.372263 0.386861 
d_747 d747 0.090909 0.252525 0.656566 
d_748 d748 0.230769 0.384615 0.384615 
d_749 d749 0.122807 0.473684 0.403509 
d_750 d750 0.282051 0.333333 0.384615 
d_751 d751 0.549296 0.267606 0.183099 
d_752 d752 0.034483 0.655172 0.310345 
d_753 d753 0.176471 0.647059 0.176471 
d_754 d754 0.384615 0.538462 0.076923 
d_755 d755 0.189189 0.459459 0.351351 
d_756 d756 0.066667 0.200000 0.733333 
d_757 d757 0.372549 0.450980 0.176471 
d_758 d758 0.185185 0.259259 0.555556 
d_759 d759 0.183099 0.661972 0.154930 
d_760 d760 0.417722 0.468354 0.113924 
d_761 d761 0.111111 0.851852 0.037037 
d_762 d762 0.587302 0.301587 0.111111 
d_763 d763 0.021277 0.446809 0.531915 
d_764 d764 0.230769 0.692308 0.076923 
d_765 d765 0.367089 0.493671 0.139241 
d_766 d766 0.120000 0.520000 0.360000 
d_767 d767 0.128205 0.589744 0.282051 
d_768 d768 0.032258 0.677419 0.290323 
d_769 d769 0.428571 0.200000 0.371429 
d_770 d770 0.136691 0.410072 0.453237 
d_771 d771 0.540984 0.245902 0.213115 
d_772 d772 0.310345 0.517241 0.172414 
d_773 d773 0.043478 0.913043 0.043478 
d_774 d774 0.322034 0.491525 0.186441 
d_775 d775 0.155963 0.522936 0.321101 
d_776 d776 0.403509 0.368421 0.228070 
d_777 d777 0.391304 0.304348 0.304348 
d_778 d778 0.312000 0.312000 0.376000 
d_779 d779 0.268293 0.317073 0.414634 
d_780 d780 0.464789 0.183099 0.352113 
d_781 d781 0.061224 0.224490 0.714286 
d_782 d782 0.230769 0.538462 0.230769 
d_783 d783 0.428571 0.327731 0.243697 
d_784 d784 0.707317 0.219512 0.073171 
d_785 d785 0.099415 0.345029 0.555556 
d_786 d786 0.247312 0.354839 0.397849 
d_787 d787 0.180723 0.493976 0.325301 
d_788 d788 0.686275 0.294118 0.019608 
d_789 d789 0.103448 0.586207 0.310345 
d_790 d790 0.207547 0.773585 0.018868 
d_791 d791 0.047619 0.904762 0.047619 
d_792 d792 0.043478 0.913043 0.043478 
d_793 d793 0.030928 0.793814 0.175258 
d_794 d794 0.024390 0.804878 0.170732 
d_795 d795 0.076923 0.384615 0.538462 
d_796 d796 0.129252 0.319728 0.551020 
d_797 d797 0.052632 0.403509 0.543860 
d_798 d798 0.238095 0.314286 0.447619 
d_799 d799 0.142857 0.657143 0.200000 
d_800 d800 0.072464 0.275362 0.652174 
d_801 d801 0.015873 0.111111 0.873016 
d_802 d802 0.381818 0.345455 0.272727 
d_803 d803 0.025641 0.794872 0.179487 
d_804 d804 0.466667 0.333333 0.200000 
d_805 d805 0.476923 0.415385 0.107692 
d_806 d806 0.111111 0.777778 0.111111 
d_807 d807 0.236364 0.381818 0.381818 
d_808 d808 0.081081 0.567568 0.351351 
d_809 d809 0.183673 0.265306 0.551020 
d_810 d810 0.255814 0.674419 0.069767 
d_811 d811 0.219512 0.707317 0.073171 
d_812 d812 0.351351 0.243243 0.405405 
d_813 d813 0.116279 0.767442 0.116279 
d_814 d814 0.066667 0.333333 0.600000 
d_815 d815 0.179487 0.435897 0.384615 
d_816 d816 0.170732 0.365854 0.463415 
d_817 d817 0.047619 0.619048 0.333333 
d_818 d818 0.058824 0.529412 0.411765 
d_819 d819 0.420290 0.333333 0.246377 
d_820 d820 0.225806 0.677419 0.096774 
d_821 d821 0.680000 0.280000 0.040000 
d_822 d822 0.304348 0.366460 0.329193 
d_823 d823 0.238095 0.333333 0.428571 
d_824 d824 0.384615 0.538462 0.076923 
d_825 d825 0.047619 0.619048 0.333333 
d_826 d826 0.263158 0.298246 0.438596 
d_827 d827 0.157895 0.578947 0.263158 
d_828 d828 0.096774 0.225806 0.677419 
d_829 d829 0.058824 0.411765 0.529412 
d_830 d830 0.345455 0.636364 0.018182 
d_831 d831 0.042254 0.408451 0.549296 
d_832 d832 0.219512 0.560976 0.219512 
d_833 d833 0.292308 0.446154 0.261538 
d_834 d834 0.157895 0.368421 0.473684 
d_835 d835 0.586207 0.310345 0.103448 
d_836 d836 0.102041 0.346939 0.551020 
d_837 d837 0.145038 0.587786 0.267176 
d_838 d838 0.111111 0.200000 0.688889 
d_839 d839 0.018182 0.709091 0.272727 
d_840 d840 0.368421 0.263158 0.368421 
d_841 d841 0.186441 0.593220 0.220339 
d_842 d842 0.322034 0.593220 0.084746 
d_843 d843 0.395349 0.581395 0.023256 
d_844 d844 0.241379 0.172414 0.586207 
d_845 d845 0.127273 0.418182 0.454545 
d_846 d846 0.076923 0.641026 0.282051 
d_847 d847 0.587302 0.238095 0.174603 
d_848 d848 0.191489 0.063830 0.744681 
d_849 d849 0.043478 0.565217 0.391304 
d_850 d850 0.230769 0.692308 0.076923 
d_851 d851 0.297297 0.351351 0.351351 
d_852 d852 0.323944 0.661972 0.014085 
d_853 d853 0.025641 0.538462 0.435897 
d_854 d854 0.357664 0.270073 0.372263 
d_855 d855 0.040000 0.920000 0.040000 
d_856 d856 0.180328 0.803279 0.016393 
d_857 d857 0.096774 0.677419 0.225806 
d_858 d858 0.294118 0.411765 0.294118 
d_859 d859 0.052632 0.052632 0.894737 
d_860 d860 0.025641 0.538462 0.435897 
d_861 d861 0.185185 0.259259 0.555556 
d_862 d862 0.101449 0.681159 0.217391 
d_863 d863 0.280000 0.440000 0.280000 
d_864 d864 0.224490 0.591837 0.183673 
d_865 d865 0.524752 0.326733 0.148515 
d_866 d866 0.152542 0.661017 0.186441 
d_867 d867 0.457627 0.491525 0.050847 
d_868 d868 0.241379 0.678161 0.080460 
d_869 d869 0.469388 0.265306 0.265306 
d_870 d870 0.253731 0.432836 0.313433 
d_871 d871 0.185185 0.555556 0.259259 
d_872 d872 0.187097 0.277419 0.535484 
d_873 d873 0.096774 0.612903 0.290323 
d_874 d874 0.260274 0.534247 0.205479 
d_875 d875 0.215686 0.607843 0.176471 
d_876 d876 0.032258 0.677419 0.290323 
d_877 d877 0.391304 0.391304 0.217391 
d_878 d878 0.022222 0.911111 0.066667 
d_879 d879 0.161905 0.523810 0.314286 
d_880 d880 0.052632 0.789474 0.157895 
d_881 d881 0.009709 0.728155 0.262136 
d_882 d882 0.658537 0.121951 0.219512 
d_883 d883 0.151515 0.212121 0.636364 
d_884 d884 0.684211 0.052632 0.263158 
d_885 d885 0.302326 0.441860 0.255814 
d_886 d886 0.176471 0.568627 0.254902 
d_887 d887 0.047619 0.809524 0.142857 
d_888 d888 0.360000 0.280000 0.360000 
d_889 d889 0.600000 0.200000 0.200000 
d_890 d890 0.333333 0.200000 0.466667 
d_891 d891 0.085714 0.600000 0.314286 
d_892 d892 0.269841 0.555556 0.174603 
d_893 d893 0.238095 0.428571 0.333333 
d_894 d894 0.294118 0.388235 0.317647 
d_895 d895 0.150685 0.424658 0.424658 
d_896 d896 0.384615 0.384615 0.230769 
d_897 d897 0.052632 0.578947 0.368421 
d_898 d898 0.093525 0.496403 0.410072 
d_899 d899 0.483871 0.290323 0.225806 
d_900 d900 0.162791 0.534884 0.302326 
d_901 d901 0.448276 0.448276 0.103448 
d_902 d902 0.018182 0.781818 0.200000 
d_903 d903 0.243243 0.027027 0.729730 
d_904 d904 0.257143 0.600000 0.142857 
d_905 d905 0.058824 0.647059 0.294118 
d_906 d906 0.310345 0.586207 0.103448 
d_907 d907 0.433962 0.358491 0.207547 
d_908 d908 0.215686 0.333333 0.450980 
d_909 d909 0.022222 0.200000 0.777778 
d_910 d910 0.056604 0.396226 0.547170 
d_911 d911 0.339130 0.478261 0.182609 
d_912 d912 0.288889 0.377778 0.333333 
d_913 d913 0.420118 0.479290 0.100592 
d_914 d914 0.019608 0.450980 0.529412 
d_915 d915 0.066667 0.866667 0.066667 
d_916 d916 0.074627 0.701493 0.223881 
d_917 d917 0.395349 0.441860 0.162791 
d_918 d918 0.200000 0.600000 0.200000 
d_919 d919 0.159420 0.739130 0.101449 
d_920 d920 0.200000 0.542857 0.257143 
d_921 d921 0.257862 0.534591 0.207547 
d_922 d922 0.486631 0.411765 0.101604 
d_923 d923 0.395349 0.348837 0.255814 
d_924 d924 0.677419 0.225806 0.096774 
d_925 d925 0.586207 0.379310 0.034483 
d_926 d926 0.342657 0.426573 0.230769 
d_927 d927 0.692308 0.076923 0.230769 
d_928 d928 0.407407 0.555556 0.037037 
d_929 d929 0.473684 0.192982 0.333333 
d_930 d930 0.230769 0.538462 0.230769 
d_931 d931 0.230769 0.076923 0.692308 
d_932 d932 0.255814 0.116279 0.627907 
d_933 d933 0.047619 0.428571 0.523810 
d_934 d934 0.270588 0.341176 0.388235 
d_935 d935 0.759036 0.156627 0.084337 
d_936 d936 0.256637 0.415929 0.327434 
d_937 d937 0.294118 0.529412 0.176471 
d_938 d938 0.058824 0.568627 0.372549 
d_939 d939 0.333333 0.555556 0.111111 
d_940 d940 0.185185 0.259259 0.555556 
d_941 d941 0.259259 0.703704 0.037037 
d_942 d942 0.555556 0.155556 0.288889 
d_943 d943 0.191489 0.276596 0.531915 
d_944 d944 0.138462 0.569231 0.292308 
d_945 d945 0.401869 0.457944 0.140187 
d_946 d946 0.034483 0.724138 0.241379 
d_947 d947 0.069767 0.767442 0.162791 
d_948 d948 0.532468 0.454545 0.012987 
d_949 d949 0.314286 0.314286 0.371429 
d_950 d950 0.282051 0.128205 0.589744 
d_951 d951 0.200000 0.688889 0.111111 
d_952 d952 0.142857 0.333333 0.523810 
d_953 d953 0.528090 0.280899 0.191011 
d_954 d954 0.020408 0.755102 0.224490 
d_955 d955 0.405405 0.081081 0.513514 
d_956 d956 0.076923 0.846154 0.076923 
d_957 d957 0.636364 0.333333 0.030303 
d_958 d958 0.040000 0.440000 0.520000 
d_959 d959 0.292308 0.507692 0.200000 
d_960 d960 0.354839 0.290323 0.354839 
d_961 d961 0.483871 0.225806 0.290323 
d_962 d962 0.275362 0.420290 0.304348 
d_963 d963 0.032258 0.806452 0.161290 
d_964 d964 0.142857 0.600000 0.257143 
d_965 d965 0.204301 0.268817 0.526882 
d_966 d966 0.512605 0.310924 0.176471 
d_967 d967 0.191919 0.393939 0.414141 
d_968 d968 0.126761 0.380282 0.492958 
d_969 d969 0.346939 0.551020 0.102041 
d_970 d970 0.019608 0.647059 0.333333 
d_971 d971 0.333333 0.466667 0.200000 
d_972 d972 0.052632 0.894737 0.052632 
d_973 d973 0.369369 0.477477 0.153153 
d_974 d974 0.256917 0.328063 0.415020 
d_975 d975 0.220339 0.559322 0.220339 
d_976 d976 0.289720 0.401869 0.308411 
d_977 d977 0.354839 0.290323 0.354839 
d_978 d978 0.411765 0.310924 0.277311 
d_979 d979 0.294118 0.529412 0.176471 
d_980 d980 0.147541 0.377049 0.475410 
d_981 d981 0.047619 0.714286 0.238095 
d_982 d982 0.085714 0.657143 0.257143 
d_983 d983 0.176471 0.333333 0.490196 
d_984 d984 0.714286 0.238095 0.047619 
d_985 d985 0.287671 0.589041 0.123288 
d_986 d986 0.209302 0.674419 0.116279 
d_987 d987 0.268293 0.658537 0.073171 
d_988 d988 0.034483 0.586207 0.379310 
d_989 d989 0.777778 0.185185 0.037037 
d_990 d990 0.170732 0.658537 0.170732 
d_991 d991 0.333333 0.508772 0.157895 
d_992 d992 0.200000 0.142857 0.657143 
d_993 d993 0.314286 0.371429 0.314286 
d_994 d994 0.142857 0.428571 0.428571 
d_995 d995 0.084746 0.593220 0.322034 
d_996 d996 0.423729 0.423729 0.152542 
d_997 d997 0.081081 0.459459 0.459459 
d_998 d998 0.320755 0.283019 0.396226 
d_999 d999 0.384615 0.076923 0.538462 
d_1000 d1000 0.657143 0.085714 0.257143 
d_1001 d1001 0.419355 0.354839 0.225806 
d_1002 d1002 0.157895 0.578947 0.263158 
d_1003 d1003 0.254902 0.215686 0.529412 
d_1004 d1004 0.191919 0.562290 0.245791 
d_1005 d1005 0.130435 0.652174 0.217391 
d_1006 d1006 0.272727 0.527273 0.200000 
d_1007 d1007 0.153285 0.270073 0.576642 
d_1008 d1008 0.098901 0.472527 0.428571 
d_1009 d1009 0.511111 0.288889 0.200000 
d_1010 d1010 0.402985 0.432836 0.164179 
d_1011 d1011 0.149171 0.381215 0.469613 
d_1012 d1012 0.005780 0.514451 0.479769 
d_1013 d1013 0.459854 0.459854 0.080292 
d_1014 d1014 0.255814 0.720930 0.023256 
d_1015 d1015 0.032258 0.677419 0.290323 
d_1016 d1016 0.096774 0.096774 0.806452 
d_1017 d1017 0.405405 0.297297 0.297297 
d_1018 d1018 0.191011 0.550562 0.258427 
d_1019 d1019 0.276596 0.659574 0.063830 
d_1020 d1020 0.111111 0.481481 0.407407 
d_1021 d1021 0.176471 0.411765 0.411765 
d_1022 d1022 0.254902 0.333333 0.411765 
d_1023 d1023 0.176471 0.294118 0.529412 
d_1024 d1024 0.344262 0.442623 0.213115 
d_1025 d1025 0.619048 0.238095 0.142857 
d_1026 d1026 0.212598 0.448819 0.338583 
d_1027 d1027 0.304348 0.304348 0.391304 
d_1028 d1028 0.238095 0.396825 0.365079 
