Document 0
0.003896 0.004182 0.004608 0.004628 0.003476 0.272237 0.003954 0.003957 0.139042 0.003869 0.004195 0.003610 0.003829 0.004240 0.540278 
0.003118 0.003162 0.002792 0.002933 0.003011 0.002986 0.002950 0.002785 0.002912 0.808110 0.003631 0.002610 0.153406 0.002806 0.002788 
0.262053 0.002521 0.002423 0.002504 0.002491 0.002597 0.002478 0.632485 0.002131 0.002530 0.002416 0.076404 0.002248 0.002401 0.002319 
Document 1
0.063854 0.068539 0.075518 0.075853 0.056967 0.064822 0.064808 0.064860 0.080326 0.063419 0.068759 0.059164 0.062756 0.069488 0.060868 
0.120874 0.001501 0.001325 0.455088 0.001429 0.001417 0.001400 0.001322 0.001382 0.001524 0.001724 0.359420 0.048938 0.001332 0.001323 
0.643309 0.002723 0.002617 0.002704 0.002690 0.002805 0.202830 0.002601 0.002301 0.002733 0.002610 0.002459 0.122520 0.002593 0.002505 
Document 2
0.005862 0.006292 0.006932 0.006963 0.005229 0.005951 0.005949 0.005954 0.007374 0.106733 0.006312 0.005431 0.813052 0.006379 0.005587 
0.032996 0.033465 0.029549 0.031043 0.031870 0.031599 0.031217 0.029476 0.563223 0.033987 0.038432 0.027617 0.026321 0.029698 0.029506 
0.011774 0.011372 0.010929 0.178495 0.011236 0.011716 0.011179 0.010865 0.009612 0.011414 0.010900 0.177472 0.010142 0.010830 0.512063 
Document 3
0.004877 0.005235 0.257664 0.005794 0.424178 0.004951 0.004950 0.088919 0.090101 0.004844 0.005252 0.004519 0.088759 0.005308 0.004649 
0.154396 0.154524 0.444225 0.008477 0.008703 0.008629 0.008525 0.008049 0.008416 0.009281 0.010495 0.152927 0.007188 0.008110 0.008057 
0.023623 0.022816 0.021929 0.358137 0.358018 0.023507 0.022430 0.021799 0.019285 0.022902 0.021870 0.020611 0.020349 0.021729 0.020994 
Document 4
0.014857 0.015947 0.017571 0.017649 0.013255 0.015083 0.015079 0.015091 0.274465 0.014756 0.527549 0.013766 0.014602 0.016168 0.014162 
0.004812 0.004881 0.004310 0.004528 0.004648 0.004609 0.237503 0.004299 0.004495 0.004957 0.005605 0.702879 0.003839 0.004331 0.004303 
0.023623 0.358290 0.021929 0.022664 0.022545 0.023507 0.357904 0.021799 0.019285 0.022902 0.021870 0.020611 0.020349 0.021729 0.020994 
Document 5
0.063854 0.068539 0.075518 0.075853 0.056967 0.064822 0.064808 0.064860 0.080326 0.063419 0.068759 0.059164 0.062756 0.069488 0.060868 
0.007867 0.007978 0.514770 0.007401 0.007598 0.134465 0.007443 0.007027 0.007348 0.008103 0.009163 0.006584 0.006275 0.260943 0.007035 
0.010087 0.869235 0.009364 0.009677 0.009627 0.010038 0.009578 0.009308 0.008235 0.009779 0.009339 0.008801 0.008689 0.009278 0.008964 
Document 6
0.782183 0.015947 0.017571 0.017649 0.013255 0.015083 0.015079 0.015091 0.018690 0.014756 0.015999 0.013766 0.014602 0.016168 0.014162 
0.006274 0.006363 0.005619 0.916993 0.006060 0.006008 0.005936 0.005605 0.005860 0.006462 0.007308 0.005251 0.005005 0.005647 0.005610 
0.008823 0.008522 0.008190 0.008465 0.008421 0.008780 0.008378 0.008142 0.007203 0.008554 0.384068 0.007698 0.007600 0.509315 0.007841 
Document 7
0.001493 0.001602 0.335873 0.001773 0.386840 0.001516 0.001515 0.001516 0.001878 0.001483 0.207212 0.052784 0.001467 0.001625 0.001423 
0.128233 0.002632 0.002324 0.086200 0.002507 0.170002 0.421246 0.002319 0.002424 0.002673 0.044902 0.002172 0.127708 0.002336 0.002321 
0.014138 0.013655 0.013124 0.013563 0.013492 0.014068 0.013424 0.013046 0.011542 0.013706 0.013088 0.012335 0.012178 0.816078 0.012564 
Document 8
0.005324 0.005715 0.006297 0.006325 0.921367 0.005405 0.005404 0.005408 0.006698 0.005288 0.005733 0.004933 0.005233 0.005794 0.005075 
0.531673 0.016207 0.014311 0.015034 0.015435 0.015304 0.015119 0.014275 0.014926 0.274307 0.018613 0.013375 0.012747 0.014383 0.014290 
0.023623 0.022816 0.021929 0.022664 0.358018 0.023507 0.022430 0.021799 0.019285 0.022902 0.021870 0.020611 0.355822 0.021729 0.020994 
Document 9
0.207684 0.006292 0.006932 0.612432 0.005229 0.005951 0.005949 0.005954 0.007374 0.005822 0.006312 0.005431 0.005761 0.006379 0.106499 
0.003467 0.003516 0.003104 0.003261 0.003348 0.450790 0.003280 0.003097 0.171039 0.003571 0.004038 0.338504 0.002765 0.003120 0.003100 
0.035549 0.034335 0.032999 0.034105 0.033927 0.035374 0.538585 0.032804 0.029021 0.034464 0.032910 0.031016 0.030622 0.032698 0.031592 
Document 10
0.009829 0.010550 0.011625 0.011676 0.685624 0.009978 0.179190 0.009984 0.012365 0.009762 0.010584 0.009107 0.009660 0.010696 0.009369 
0.012704 0.012885 0.011377 0.011952 0.627242 0.012167 0.012019 0.011349 0.011866 0.013086 0.014798 0.215624 0.010134 0.011435 0.011361 
0.008823 0.760320 0.008190 0.008465 0.008421 0.008780 0.008378 0.008142 0.132503 0.008554 0.008168 0.007698 0.007600 0.008116 0.007841 
Document 11
0.019963 0.021428 0.023610 0.023715 0.017810 0.020266 0.020261 0.020278 0.025113 0.363508 0.021497 0.018497 0.019620 0.365405 0.019030 
0.012704 0.012885 0.011377 0.011952 0.012271 0.012167 0.012019 0.011349 0.011866 0.013086 0.014798 0.625605 0.010134 0.011435 0.216351 
0.071792 0.069340 0.066642 0.068875 0.068515 0.071439 0.068166 0.066247 0.058608 0.069600 0.066463 0.062637 0.061841 0.066034 0.063801 
Document 12
0.030417 0.032649 0.035973 0.036133 0.027136 0.030878 0.030871 0.030896 0.038264 0.030210 0.032754 0.551830 0.029894 0.033101 0.028994 
0.010543 0.010693 0.009442 0.009919 0.010184 0.010097 0.009975 0.179536 0.009848 0.010860 0.012280 0.519178 0.178528 0.009489 0.009428 
0.010087 0.009743 0.009364 0.152926 0.009627 0.583033 0.009578 0.009308 0.151484 0.009779 0.009339 0.008801 0.008689 0.009278 0.008964 
Document 13
0.063854 0.068539 0.075518 0.075853 0.056967 0.064822 0.064808 0.064860 0.080326 0.063419 0.068759 0.059164 0.062756 0.069488 0.060868 
0.032996 0.033465 0.029549 0.563446 0.031870 0.031599 0.031217 0.029476 0.030819 0.033987 0.038432 0.027617 0.026321 0.029698 0.029506 
0.011774 0.011372 0.010929 0.011296 0.011236 0.011716 0.011179 0.010865 0.845612 0.011414 0.010900 0.010272 0.010142 0.010830 0.010463 
Document 14
0.014857 0.015947 0.017571 0.017649 0.013255 0.015083 0.015079 0.015091 0.018690 0.014756 0.015999 0.013766 0.014602 0.783494 0.014162 
0.015980 0.016207 0.014311 0.015034 0.015435 0.015304 0.015119 0.014275 0.014926 0.790000 0.018613 0.013375 0.012747 0.014383 0.014290 
0.071792 0.069340 0.066642 0.068875 0.068515 0.071439 0.068166 0.066247 0.058608 0.069600 0.066463 0.062637 0.061841 0.066034 0.063801 
Document 15
0.030417 0.032649 0.035973 0.036133 0.027136 0.030878 0.554519 0.030896 0.038264 0.030210 0.032754 0.028183 0.029894 0.033101 0.028994 
0.232250 0.007080 0.006251 0.006567 0.006742 0.457223 0.006604 0.006236 0.006520 0.232459 0.008131 0.005843 0.005568 0.006283 0.006242 
0.071792 0.069340 0.066642 0.068875 0.068515 0.071439 0.068166 0.066247 0.058608 0.069600 0.066463 0.062637 0.061841 0.066034 0.063801 
Document 16
0.004877 0.005235 0.005768 0.005794 0.004351 0.004951 0.004950 0.004954 0.929754 0.004844 0.005252 0.004519 0.004793 0.005308 0.004649 
0.003903 0.003959 0.003495 0.003672 0.003770 0.003738 0.003693 0.003487 0.003646 0.633812 0.004546 0.003267 0.192051 0.003513 0.129449 
0.002710 0.002618 0.002516 0.002600 0.002587 0.002697 0.002574 0.117971 0.194662 0.002628 0.002509 0.233304 0.425723 0.002493 0.002409 
Document 17
0.003243 0.003481 0.059672 0.003853 0.002893 0.003293 0.003292 0.003294 0.674109 0.003221 0.003492 0.226348 0.003188 0.003529 0.003092 
0.003118 0.003162 0.002792 0.002933 0.003011 0.002986 0.153868 0.002785 0.002912 0.757804 0.003631 0.002610 0.002487 0.053112 0.002788 
0.006413 0.006194 0.005953 0.006152 0.006120 0.552786 0.006089 0.005918 0.005235 0.006217 0.005937 0.369865 0.005524 0.005899 0.005699 
Document 18
0.003896 0.004182 0.742383 0.004628 0.003476 0.003955 0.003954 0.003957 0.004901 0.003869 0.004195 0.204821 0.003829 0.004240 0.003714 
0.123078 0.002527 0.082622 0.042539 0.002406 0.002386 0.002357 0.002225 0.042523 0.002566 0.002902 0.685412 0.001987 0.002242 0.002228 
0.035549 0.034335 0.032999 0.034105 0.033927 0.035374 0.033754 0.032804 0.029021 0.034464 0.032910 0.031016 0.535452 0.032698 0.031592 
Document 19
0.004176 0.004482 0.004939 0.004961 0.866434 0.004239 0.004238 0.004242 0.005253 0.004148 0.004497 0.003869 0.004104 0.004544 0.075873 
0.056254 0.003330 0.320766 0.056060 0.268026 0.003144 0.003106 0.002933 0.003066 0.003381 0.003824 0.002748 0.002619 0.002955 0.267790 
0.007841 0.007573 0.007278 0.007522 0.007483 0.007802 0.007445 0.229931 0.006401 0.341645 0.007259 0.006841 0.340798 0.007212 0.006968 
Document 20
0.063854 0.068539 0.075518 0.075853 0.056967 0.064822 0.064808 0.064860 0.080326 0.063419 0.068759 0.059164 0.062756 0.069488 0.060868 
0.003118 0.003162 0.254323 0.002933 0.003011 0.002986 0.002950 0.002785 0.002912 0.003211 0.003631 0.606284 0.052793 0.002806 0.053094 
0.002072 0.002002 0.001924 0.413985 0.001978 0.002062 0.001968 0.001912 0.001692 0.002009 0.001918 0.031236 0.354925 0.178476 0.001842 
Document 21
0.007344 0.007883 0.008685 0.008724 0.006552 0.007455 0.007453 0.007459 0.767802 0.007294 0.007908 0.006804 0.007217 0.007992 0.133428 
0.015980 0.016207 0.014311 0.015034 0.015435 0.015304 0.788658 0.014275 0.014926 0.016460 0.018613 0.013375 0.012747 0.014383 0.014290 
0.017689 0.017085 0.016420 0.016970 0.016882 0.017602 0.016796 0.016323 0.014441 0.017149 0.267578 0.517837 0.015237 0.016271 0.015720 
Document 22
0.030417 0.032649 0.035973 0.036133 0.027136 0.030878 0.554519 0.030896 0.038264 0.030210 0.032754 0.028183 0.029894 0.033101 0.028994 
0.015980 0.016207 0.014311 0.015034 0.015435 0.015304 0.015119 0.014275 0.014926 0.790000 0.018613 0.013375 0.012747 0.014383 0.014290 
0.023623 0.022816 0.021929 0.022664 0.022545 0.694454 0.022430 0.021799 0.019285 0.022902 0.021870 0.020611 0.020349 0.021729 0.020994 
Document 23
0.063854 0.068539 0.075518 0.075853 0.056967 0.064822 0.064808 0.064860 0.080326 0.063419 0.068759 0.059164 0.062756 0.069488 0.060868 
0.009010 0.009138 0.008069 0.590018 0.154088 0.008629 0.008525 0.008049 0.008416 0.154666 0.010495 0.007542 0.007188 0.008110 0.008057 
0.014138 0.013655 0.013124 0.013563 0.013492 0.014068 0.013424 0.013046 0.212310 0.013706 0.013088 0.012335 0.012178 0.615309 0.012564 
Document 24
0.063854 0.068539 0.075518 0.075853 0.056967 0.064822 0.064808 0.064860 0.080326 0.063419 0.068759 0.059164 0.062756 0.069488 0.060868 
0.010543 0.010693 0.009442 0.860509 0.010184 0.010097 0.009975 0.009418 0.009848 0.010860 0.012280 0.008824 0.008410 0.009489 0.009428 
0.635322 0.008522 0.008190 0.008465 0.133720 0.008780 0.008378 0.008142 0.007203 0.008554 0.008168 0.132998 0.007600 0.008116 0.007841 
Document 25
0.014857 0.015947 0.017571 0.017649 0.013255 0.015083 0.015079 0.015091 0.786016 0.014756 0.015999 0.013766 0.014602 0.016168 0.014162 
0.021532 0.021838 0.019283 0.020258 0.020798 0.020621 0.020371 0.019235 0.020112 0.717039 0.025080 0.018022 0.017176 0.019380 0.019255 
0.017689 0.017085 0.016420 0.016970 0.016882 0.017602 0.016796 0.016323 0.014441 0.017149 0.016376 0.015433 0.768843 0.016271 0.015720 
Document 26
0.008407 0.009023 0.009942 0.009986 0.007500 0.008534 0.008532 0.442712 0.444749 0.008349 0.009052 0.007789 0.008262 0.009148 0.008013 
0.026630 0.001576 0.001392 0.001462 0.001501 0.101794 0.528073 0.001388 0.001452 0.026677 0.152268 0.151759 0.001240 0.001399 0.001390 
0.001957 0.001890 0.057402 0.001878 0.001868 0.001947 0.001858 0.001806 0.001598 0.001897 0.001812 0.001708 0.001686 0.696614 0.224080 
Document 27
0.019963 0.021428 0.023610 0.023715 0.017810 0.020266 0.020261 0.020278 0.025113 0.019827 0.021497 0.018497 0.019620 0.021725 0.706390 
0.032996 0.033465 0.029549 0.031043 0.031870 0.031599 0.031217 0.029476 0.563223 0.033987 0.038432 0.027617 0.026321 0.029698 0.029506 
0.014138 0.013655 0.013124 0.013563 0.816566 0.014068 0.013424 0.013046 0.011542 0.013706 0.013088 0.012335 0.012178 0.013004 0.012564 
Document 28
0.007344 0.007883 0.008685 0.008724 0.006552 0.007455 0.007453 0.007459 0.009238 0.007294 0.007908 0.006804 0.007217 0.387274 0.512710 
0.005218 0.089479 0.678171 0.004909 0.005040 0.004997 0.004936 0.004661 0.004873 0.005374 0.174452 0.004367 0.004162 0.004696 0.004666 
0.011774 0.011372 0.010929 0.011296 0.011236 0.011716 0.011179 0.010865 0.009612 0.011414 0.846900 0.010272 0.010142 0.010830 0.010463 
Document 29
0.011831 0.012699 0.013992 0.014054 0.010555 0.012011 0.012008 0.012017 0.014883 0.011751 0.012740 0.010962 0.011628 0.827592 0.011278 
0.082463 0.004881 0.625511 0.004528 0.004648 0.004609 0.004553 0.004299 0.004495 0.160257 0.005605 0.004028 0.003839 0.004331 0.081954 
0.005878 0.005677 0.005456 0.005639 0.005609 0.089315 0.005581 0.339289 0.004798 0.005698 0.005441 0.005128 0.005063 0.506205 0.005223 
Document 30
0.063854 0.068539 0.075518 0.075853 0.056967 0.064822 0.064808 0.064860 0.080326 0.063419 0.068759 0.059164 0.062756 0.069488 0.060868 
0.004812 0.004881 0.159610 0.004528 0.004648 0.004609 0.392804 0.004299 0.392746 0.004957 0.005605 0.004028 0.003839 0.004331 0.004303 
0.017689 0.017085 0.016420 0.519374 0.016882 0.017602 0.016796 0.267525 0.014441 0.017149 0.016376 0.015433 0.015237 0.016271 0.015720 
Document 31
0.030417 0.032649 0.035973 0.036133 0.027136 0.030878 0.030871 0.030896 0.038264 0.030210 0.556401 0.028183 0.029894 0.033101 0.028994 
0.006274 0.006363 0.005619 0.005903 0.006060 0.006008 0.613329 0.208069 0.005860 0.006462 0.007308 0.106483 0.005005 0.005647 0.005610 
0.011774 0.011372 0.010929 0.011296 0.011236 0.011716 0.679979 0.010865 0.009612 0.011414 0.178100 0.010272 0.010142 0.010830 0.010463 
Document 32
0.014857 0.015947 0.017571 0.017649 0.780581 0.015083 0.015079 0.015091 0.018690 0.014756 0.015999 0.013766 0.014602 0.016168 0.014162 
0.003903 0.003959 0.129454 0.003672 0.003770 0.003738 0.003693 0.003487 0.003646 0.507853 0.319442 0.003267 0.003114 0.003513 0.003490 
0.011774 0.011372 0.010929 0.011296 0.011236 0.011716 0.011179 0.010865 0.009612 0.011414 0.010900 0.010272 0.010142 0.846829 0.010463 
Document 33
0.007344 0.007883 0.008685 0.008724 0.006552 0.007455 0.007453 0.007459 0.009238 0.639430 0.007908 0.006804 0.260072 0.007992 0.007000 
0.006981 0.119714 0.006251 0.006567 0.006742 0.006685 0.006604 0.682043 0.006520 0.119825 0.008131 0.005843 0.005568 0.006283 0.006242 
0.007841 0.007573 0.007278 0.007522 0.007483 0.007802 0.007445 0.007235 0.006401 0.007602 0.898042 0.006841 0.006754 0.007212 0.006968 
Document 34
0.030417 0.032649 0.035973 0.036133 0.027136 0.030878 0.030871 0.030896 0.038264 0.030210 0.032754 0.028183 0.553541 0.033101 0.028994 
0.009010 0.009138 0.008069 0.008477 0.008703 0.008629 0.008525 0.008049 0.008416 0.009281 0.010495 0.298312 0.007188 0.008110 0.589598 
0.071792 0.069340 0.066642 0.068875 0.068515 0.071439 0.068166 0.066247 0.058608 0.069600 0.066463 0.062637 0.061841 0.066034 0.063801 
Document 35
0.011831 0.012699 0.013992 0.014054 0.010555 0.012011 0.012008 0.215697 0.014883 0.215430 0.012740 0.010962 0.418986 0.012875 0.011278 
0.007867 0.007978 0.007045 0.007401 0.007598 0.007534 0.134374 0.007027 0.007348 0.008103 0.009163 0.260447 0.006275 0.007080 0.514760 
0.011774 0.011372 0.010929 0.011296 0.011236 0.011716 0.011179 0.010865 0.009612 0.847414 0.010900 0.010272 0.010142 0.010830 0.010463 
Document 36
0.019963 0.021428 0.023610 0.711075 0.017810 0.020266 0.020261 0.020278 0.025113 0.019827 0.021497 0.018497 0.019620 0.021725 0.019030 
0.007867 0.388772 0.007045 0.388195 0.007598 0.007534 0.007443 0.007027 0.134279 0.008103 0.009163 0.006584 0.006275 0.007080 0.007035 
0.011774 0.011372 0.010929 0.011296 0.011236 0.011716 0.011179 0.010865 0.009612 0.011414 0.010900 0.846272 0.010142 0.010830 0.010463 
Document 37
0.063854 0.068539 0.075518 0.075853 0.056967 0.064822 0.064808 0.064860 0.080326 0.063419 0.068759 0.059164 0.062756 0.069488 0.060868 
0.010543 0.010693 0.009442 0.860509 0.010184 0.010097 0.009975 0.009418 0.009848 0.010860 0.012280 0.008824 0.008410 0.009489 0.009428 
0.006413 0.006194 0.005953 0.006152 0.006120 0.006381 0.006089 0.188053 0.005235 0.006217 0.188072 0.005595 0.551929 0.005899 0.005699 
Document 38
0.004877 0.005235 0.173699 0.005794 0.088317 0.004951 0.004950 0.004954 0.006135 0.256740 0.005252 0.004519 0.424620 0.005308 0.004649 
0.004812 0.237831 0.004310 0.703379 0.004648 0.004609 0.004553 0.004299 0.004495 0.004957 0.005605 0.004028 0.003839 0.004331 0.004303 
0.010087 0.009743 0.152612 0.009677 0.009627 0.010038 0.725822 0.009308 0.008235 0.009779 0.009339 0.008801 0.008689 0.009278 0.008964 
Document 39
0.782183 0.015947 0.017571 0.017649 0.013255 0.015083 0.015079 0.015091 0.018690 0.014756 0.015999 0.013766 0.014602 0.016168 0.014162 
0.009010 0.009138 0.008069 0.153862 0.008703 0.008629 0.735451 0.008049 0.008416 0.009281 0.010495 0.007542 0.007188 0.008110 0.008057 
0.017689 0.017085 0.016420 0.016970 0.016882 0.017602 0.770401 0.016323 0.014441 0.017149 0.016376 0.015433 0.015237 0.016271 0.015720 
Document 40
0.063854 0.068539 0.075518 0.075853 0.056967 0.064822 0.064808 0.064860 0.080326 0.063419 0.068759 0.059164 0.062756 0.069488 0.060868 
0.004466 0.004529 0.003999 0.796807 0.004313 0.004277 0.004225 0.003989 0.004171 0.148710 0.005201 0.003738 0.003562 0.004019 0.003993 
0.002710 0.002618 0.002516 0.002600 0.002587 0.002697 0.002574 0.040991 0.156172 0.002628 0.656837 0.002365 0.117804 0.002493 0.002409 
Document 41
0.019963 0.021428 0.023610 0.023715 0.361490 0.020266 0.020261 0.363958 0.025113 0.019827 0.021497 0.018497 0.019620 0.021725 0.019030 
0.004466 0.220694 0.003999 0.004201 0.004313 0.004277 0.004225 0.724540 0.004171 0.004600 0.005201 0.003738 0.003562 0.004019 0.003993 
0.008823 0.008522 0.885289 0.008465 0.008421 0.008780 0.008378 0.008142 0.007203 0.008554 0.008168 0.007698 0.007600 0.008116 0.007841 
Document 42
0.006519 0.006998 0.007710 0.007745 0.005816 0.006618 0.006617 0.118860 0.008201 0.006475 0.007020 0.006041 0.006407 0.792757 0.006215 
0.012704 0.012885 0.011377 0.011952 0.012271 0.012167 0.012019 0.216339 0.011866 0.013086 0.629769 0.010633 0.010134 0.011435 0.011361 
0.071792 0.069340 0.066642 0.068875 0.068515 0.071439 0.068166 0.066247 0.058608 0.069600 0.066463 0.062637 0.061841 0.066034 0.063801 
Document 43
0.030417 0.032649 0.035973 0.036133 0.027136 0.554526 0.030871 0.030896 0.038264 0.030210 0.032754 0.028183 0.029894 0.033101 0.028994 
0.009010 0.009138 0.008069 0.444633 0.008703 0.008629 0.008525 0.008049 0.008416 0.009281 0.010495 0.007542 0.007188 0.008110 0.444213 
0.017689 0.017085 0.016420 0.016970 0.016882 0.017602 0.016796 0.016323 0.014441 0.770755 0.016376 0.015433 0.015237 0.016271 0.015720 
Document 44
0.030417 0.032649 0.035973 0.036133 0.027136 0.030878 0.030871 0.030896 0.038264 0.030210 0.032754 0.028183 0.029894 0.033101 0.552642 
0.012704 0.012885 0.011377 0.831914 0.012271 0.012167 0.012019 0.011349 0.011866 0.013086 0.014798 0.010633 0.010134 0.011435 0.011361 
0.011774 0.011372 0.010929 0.847295 0.011236 0.011716 0.011179 0.010865 0.009612 0.011414 0.010900 0.010272 0.010142 0.010830 0.010463 
Document 45
0.005324 0.464023 0.006297 0.006325 0.004750 0.005405 0.005404 0.005408 0.190021 0.005288 0.005733 0.004933 0.005233 0.005794 0.280060 
0.021532 0.021838 0.019283 0.020258 0.020798 0.020621 0.020371 0.019235 0.020112 0.717039 0.025080 0.018022 0.017176 0.019380 0.019255 
0.071792 0.069340 0.066642 0.068875 0.068515 0.071439 0.068166 0.066247 0.058608 0.069600 0.066463 0.062637 0.061841 0.066034 0.063801 
Document 46
0.011831 0.012699 0.013992 0.014054 0.010555 0.012011 0.012008 0.623055 0.014883 0.011751 0.012740 0.010962 0.011628 0.012875 0.214957 
0.010543 0.010693 0.009442 0.009919 0.010184 0.010097 0.009975 0.009418 0.009848 0.010860 0.182398 0.008824 0.008410 0.009489 0.689900 
0.017689 0.017085 0.016420 0.016970 0.519285 0.017602 0.016796 0.016323 0.014441 0.017149 0.267578 0.015433 0.015237 0.016271 0.015720 
Document 47
0.003243 0.003481 0.171343 0.562210 0.002893 0.114964 0.003292 0.003294 0.004080 0.059057 0.059328 0.003005 0.003188 0.003529 0.003092 
0.050865 0.003011 0.002658 0.481759 0.002867 0.002843 0.002808 0.002652 0.002773 0.003058 0.003457 0.433555 0.002368 0.002672 0.002654 
0.023623 0.022816 0.357402 0.358137 0.022545 0.023507 0.022430 0.021799 0.019285 0.022902 0.021870 0.020611 0.020349 0.021729 0.020994 
Document 48
0.019963 0.021428 0.023610 0.023715 0.017810 0.020266 0.363942 0.363958 0.025113 0.019827 0.021497 0.018497 0.019620 0.021725 0.019030 
0.005218 0.005292 0.004673 0.004909 0.005040 0.004997 0.089124 0.004661 0.004873 0.005374 0.342826 0.004367 0.004162 0.341445 0.173040 
0.008823 0.008522 0.008190 0.008465 0.008421 0.008780 0.008378 0.008142 0.007203 0.259153 0.008168 0.007698 0.634099 0.008116 0.007841 
Document 49
0.063854 0.068539 0.075518 0.075853 0.056967 0.064822 0.064808 0.064860 0.080326 0.063419 0.068759 0.059164 0.062756 0.069488 0.060868 
0.012704 0.012885 0.011377 0.011952 0.012271 0.422148 0.012019 0.011349 0.216857 0.013086 0.219788 0.010633 0.010134 0.011435 0.011361 
0.014138 0.013655 0.013124 0.013563 0.816566 0.014068 0.013424 0.013046 0.011542 0.013706 0.013088 0.012335 0.012178 0.013004 0.012564 
Document 50
0.138037 0.071252 0.004608 0.004628 0.003476 0.406378 0.003954 0.003957 0.004901 0.003869 0.004195 0.003610 0.003829 0.004240 0.339066 
0.010543 0.010693 0.860031 0.009919 0.010184 0.010097 0.009975 0.009418 0.009848 0.010860 0.012280 0.008824 0.008410 0.009489 0.009428 
0.230537 0.675660 0.007278 0.007522 0.007483 0.007802 0.007445 0.007235 0.006401 0.007602 0.007259 0.006841 0.006754 0.007212 0.006968 
Document 51
0.007344 0.007883 0.008685 0.008724 0.006552 0.007455 0.007453 0.007459 0.009238 0.007294 0.007908 0.006804 0.892209 0.007992 0.007000 
0.007867 0.007978 0.514770 0.007401 0.134530 0.007534 0.261305 0.007027 0.007348 0.008103 0.009163 0.006584 0.006275 0.007080 0.007035 
0.014138 0.013655 0.013124 0.013563 0.013492 0.214837 0.615729 0.013046 0.011542 0.013706 0.013088 0.012335 0.012178 0.013004 0.012564 
Document 52
0.270632 0.015947 0.017571 0.017649 0.013255 0.015083 0.015079 0.015091 0.530240 0.014756 0.015999 0.013766 0.014602 0.016168 0.014162 
0.009010 0.009138 0.008069 0.008477 0.008703 0.008629 0.008525 0.008049 0.008416 0.881593 0.010495 0.007542 0.007188 0.008110 0.008057 
0.007055 0.006814 0.607700 0.006769 0.006733 0.007021 0.006699 0.006510 0.005760 0.006840 0.307107 0.006156 0.006077 0.006489 0.006270 
Document 53
0.007344 0.007883 0.135113 0.008724 0.006552 0.386737 0.007453 0.007459 0.009238 0.007294 0.007908 0.006804 0.007217 0.387274 0.007000 
0.881322 0.009138 0.008069 0.008477 0.008703 0.008629 0.008525 0.008049 0.008416 0.009281 0.010495 0.007542 0.007188 0.008110 0.008057 
0.071792 0.069340 0.066642 0.068875 0.068515 0.071439 0.068166 0.066247 0.058608 0.069600 0.066463 0.062637 0.061841 0.066034 0.063801 
Document 54
0.011831 0.012699 0.013992 0.014054 0.010555 0.012011 0.826725 0.012017 0.014883 0.011751 0.012740 0.010962 0.011628 0.012875 0.011278 
0.115334 0.003516 0.003104 0.003261 0.003348 0.003320 0.003280 0.003097 0.003238 0.786644 0.004038 0.002901 0.002765 0.059054 0.003100 
0.007055 0.607965 0.006549 0.006769 0.006733 0.007021 0.006699 0.006510 0.005760 0.006840 0.106723 0.006156 0.006077 0.006489 0.206653 
Document 55
0.455469 0.006998 0.232185 0.007745 0.005816 0.006618 0.006617 0.006622 0.008201 0.006475 0.007020 0.006041 0.006407 0.231570 0.006215 
0.012704 0.012885 0.626349 0.011952 0.012271 0.012167 0.012019 0.011349 0.216857 0.013086 0.014798 0.010633 0.010134 0.011435 0.011361 
0.296585 0.009743 0.009364 0.296175 0.009627 0.153286 0.152827 0.009308 0.008235 0.009779 0.009339 0.008801 0.008689 0.009278 0.008964 
Document 56
0.030417 0.032649 0.035973 0.036133 0.027136 0.554526 0.030871 0.030896 0.038264 0.030210 0.032754 0.028183 0.029894 0.033101 0.028994 
0.007867 0.007978 0.007045 0.007401 0.007598 0.007534 0.007443 0.007027 0.007348 0.896622 0.009163 0.006584 0.006275 0.007080 0.007035 
0.071792 0.069340 0.066642 0.068875 0.068515 0.071439 0.068166 0.066247 0.058608 0.069600 0.066463 0.062637 0.061841 0.066034 0.063801 
Document 57
0.063854 0.068539 0.075518 0.075853 0.056967 0.064822 0.064808 0.064860 0.080326 0.063419 0.068759 0.059164 0.062756 0.069488 0.060868 
0.003118 0.003162 0.002792 0.355076 0.053318 0.002986 0.304787 0.254316 0.002912 0.003211 0.003631 0.002610 0.002487 0.002806 0.002788 
0.010087 0.009743 0.009364 0.009677 0.009627 0.153286 0.009578 0.009308 0.151484 0.009779 0.295836 0.008801 0.008689 0.009278 0.295462 
Document 58
0.003651 0.003919 0.004318 0.004337 0.443241 0.003706 0.003706 0.003709 0.004593 0.506465 0.003932 0.003383 0.003588 0.003973 0.003480 
0.004466 0.653025 0.003999 0.004201 0.076368 0.004277 0.004225 0.220154 0.004171 0.004600 0.005201 0.003738 0.003562 0.004019 0.003993 
0.010087 0.009743 0.009364 0.009677 0.009627 0.010038 0.009578 0.009308 0.008235 0.009779 0.009339 0.008801 0.008689 0.868771 0.008964 
Document 59
0.008407 0.009023 0.009942 0.009986 0.007500 0.442707 0.008532 0.008539 0.010575 0.153074 0.298501 0.007789 0.008262 0.009148 0.008013 
0.012704 0.012885 0.011377 0.011952 0.012271 0.012167 0.012019 0.626320 0.011866 0.013086 0.014798 0.010633 0.010134 0.216425 0.011361 
0.017689 0.017085 0.016420 0.016970 0.016882 0.268804 0.016796 0.016323 0.014441 0.017149 0.016376 0.015433 0.015237 0.518674 0.015720 
Document 60
0.063854 0.068539 0.075518 0.075853 0.056967 0.064822 0.064808 0.064860 0.080326 0.063419 0.068759 0.059164 0.062756 0.069488 0.060868 
0.006981 0.007080 0.907327 0.006567 0.006742 0.006685 0.006604 0.006236 0.006520 0.007190 0.008131 0.005843 0.005568 0.006283 0.006242 
0.035549 0.034335 0.032999 0.034105 0.538757 0.035374 0.033754 0.032804 0.029021 0.034464 0.032910 0.031016 0.030622 0.032698 0.031592 
Document 61
0.003896 0.004182 0.004608 0.541192 0.003476 0.071026 0.003954 0.071028 0.004901 0.003869 0.004195 0.003610 0.003829 0.272522 0.003714 
0.005697 0.005778 0.097028 0.005360 0.189356 0.005456 0.005390 0.005089 0.373027 0.005868 0.006636 0.280547 0.004545 0.005128 0.005095 
0.035549 0.034335 0.032999 0.034105 0.033927 0.035374 0.033754 0.537634 0.029021 0.034464 0.032910 0.031016 0.030622 0.032698 0.031592 
Document 62
0.030417 0.032649 0.035973 0.036133 0.027136 0.030878 0.030871 0.030896 0.038264 0.030210 0.556401 0.028183 0.029894 0.033101 0.028994 
0.009010 0.590679 0.008069 0.008477 0.299474 0.008629 0.008525 0.008049 0.008416 0.009281 0.010495 0.007542 0.007188 0.008110 0.008057 
0.071792 0.069340 0.066642 0.068875 0.068515 0.071439 0.068166 0.066247 0.058608 0.069600 0.066463 0.062637 0.061841 0.066034 0.063801 
Document 63
0.014857 0.015947 0.017571 0.017649 0.013255 0.782408 0.015079 0.015091 0.018690 0.014756 0.015999 0.013766 0.014602 0.016168 0.014162 
0.006274 0.006363 0.916709 0.005903 0.006060 0.006008 0.005936 0.005605 0.005860 0.006462 0.007308 0.005251 0.005005 0.005647 0.005610 
0.003916 0.559929 0.003635 0.003757 0.003738 0.003897 0.003719 0.003614 0.003197 0.003797 0.059240 0.337105 0.003373 0.003602 0.003480 
Document 64
0.009829 0.010550 0.011625 0.011676 0.008769 0.009978 0.009976 0.009984 0.012365 0.855831 0.010584 0.009107 0.009660 0.010696 0.009369 
0.010543 0.010693 0.009442 0.009919 0.010184 0.010097 0.009975 0.009418 0.009848 0.010860 0.862870 0.008824 0.008410 0.009489 0.009428 
0.771295 0.017085 0.016420 0.016970 0.016882 0.017602 0.016796 0.016323 0.014441 0.017149 0.016376 0.015433 0.015237 0.016271 0.015720 
Document 65
0.014857 0.015947 0.017571 0.017649 0.013255 0.782408 0.015079 0.015091 0.018690 0.014756 0.015999 0.013766 0.014602 0.016168 0.014162 
0.006981 0.007080 0.118886 0.006567 0.006742 0.006685 0.006604 0.006236 0.006520 0.007190 0.008131 0.794284 0.005568 0.006283 0.006242 
0.005037 0.362496 0.004675 0.004832 0.004807 0.005012 0.219361 0.076174 0.004112 0.004883 0.004663 0.290500 0.004339 0.004633 0.004476 
Document 66
0.004176 0.076375 0.004939 0.004961 0.506972 0.004239 0.004238 0.004242 0.005253 0.004148 0.148282 0.003869 0.219781 0.004544 0.003981 
0.609074 0.004225 0.003730 0.003919 0.340084 0.003989 0.003941 0.003721 0.003891 0.004291 0.004852 0.003486 0.003323 0.003749 0.003725 
0.035549 0.034335 0.032999 0.034105 0.033927 0.035374 0.033754 0.032804 0.029021 0.034464 0.032910 0.535846 0.030622 0.032698 0.031592 
Document 67
0.002917 0.003132 0.254585 0.003466 0.002603 0.002962 0.002961 0.002963 0.003670 0.706073 0.003142 0.002703 0.002867 0.003175 0.002781 
0.002395 0.002429 0.002145 0.002253 0.002313 0.040936 0.002266 0.002139 0.311377 0.002467 0.002789 0.620284 0.001910 0.002156 0.002142 
0.002349 0.002269 0.035535 0.269090 0.502561 0.169110 0.002230 0.002167 0.001917 0.002277 0.002174 0.002049 0.002023 0.002160 0.002087 
Document 68
0.063854 0.068539 0.075518 0.075853 0.056967 0.064822 0.064808 0.064860 0.080326 0.063419 0.068759 0.059164 0.062756 0.069488 0.060868 
0.012704 0.012885 0.011377 0.011952 0.012271 0.012167 0.012019 0.011349 0.011866 0.013086 0.014798 0.010633 0.010134 0.011435 0.831323 
0.035549 0.034335 0.032999 0.034105 0.033927 0.035374 0.033754 0.032804 0.029021 0.034464 0.032910 0.031016 0.030622 0.537529 0.031592 
Document 69
0.030417 0.032649 0.035973 0.559780 0.027136 0.030878 0.030871 0.030896 0.038264 0.030210 0.032754 0.028183 0.029894 0.033101 0.028994 
0.004466 0.004529 0.003999 0.004201 0.004313 0.004277 0.004225 0.003989 0.004171 0.004600 0.005201 0.940453 0.003562 0.004019 0.003993 
0.005878 0.005677 0.506255 0.005639 0.256009 0.005849 0.005581 0.088890 0.088265 0.005698 0.005441 0.005128 0.005063 0.005406 0.005223 
Document 70
0.030417 0.032649 0.035973 0.036133 0.027136 0.030878 0.030871 0.030896 0.038264 0.030210 0.556401 0.028183 0.029894 0.033101 0.028994 
0.005697 0.005778 0.005102 0.005360 0.005503 0.005456 0.005390 0.005089 0.005321 0.005868 0.006636 0.924032 0.004545 0.005128 0.005095 
0.006413 0.006194 0.005953 0.006152 0.006120 0.279584 0.006089 0.005918 0.005235 0.643690 0.005937 0.005595 0.005524 0.005899 0.005699 
Document 71
0.005862 0.006292 0.006932 0.006963 0.509786 0.005951 0.005949 0.005954 0.007374 0.106733 0.309046 0.005431 0.005761 0.006379 0.005587 
0.003467 0.003516 0.003104 0.003261 0.003348 0.003320 0.003280 0.114964 0.003238 0.842578 0.004038 0.002901 0.002765 0.003120 0.003100 
0.002710 0.002618 0.041006 0.002600 0.079566 0.002697 0.002574 0.002501 0.117682 0.502996 0.002509 0.002365 0.002335 0.233432 0.002409 
Document 72
0.008407 0.009023 0.733565 0.009986 0.007500 0.008534 0.008532 0.153263 0.010575 0.008349 0.009052 0.007789 0.008262 0.009148 0.008013 
0.032996 0.033465 0.029549 0.031043 0.031870 0.031599 0.031217 0.029476 0.030819 0.033987 0.038432 0.027617 0.558724 0.029698 0.029506 
0.017689 0.017085 0.016420 0.016970 0.016882 0.017602 0.016796 0.016323 0.014441 0.017149 0.016376 0.015433 0.015237 0.769876 0.015720 
Document 73
0.594812 0.003687 0.004063 0.004081 0.003065 0.003487 0.003486 0.003489 0.004321 0.299100 0.003699 0.003183 0.003376 0.062876 0.003274 
0.002074 0.002104 0.001858 0.001951 0.002004 0.001986 0.202777 0.470421 0.001937 0.002137 0.002416 0.001736 0.001655 0.303089 0.001855 
0.002936 0.002836 0.002726 0.002817 0.002802 0.002922 0.378087 0.002710 0.002397 0.002847 0.044418 0.085962 0.461229 0.002701 0.002610 
Document 74
0.063854 0.068539 0.075518 0.075853 0.056967 0.064822 0.064808 0.064860 0.080326 0.063419 0.068759 0.059164 0.062756 0.069488 0.060868 
0.004466 0.004529 0.003999 0.004201 0.004313 0.004277 0.940941 0.003989 0.004171 0.004600 0.005201 0.003738 0.003562 0.004019 0.003993 
0.003710 0.003583 0.003444 0.003559 0.003541 0.425169 0.003523 0.003423 0.161083 0.003597 0.108804 0.266660 0.003196 0.003412 0.003297 
Document 75
0.005862 0.006292 0.006932 0.511520 0.005229 0.005951 0.005949 0.005954 0.007374 0.409467 0.006312 0.005431 0.005761 0.006379 0.005587 
0.002968 0.003011 0.433728 0.002793 0.098661 0.002843 0.002808 0.002652 0.002773 0.003058 0.003457 0.002485 0.002368 0.002672 0.433725 
0.014138 0.013655 0.013124 0.013563 0.816566 0.014068 0.013424 0.013046 0.011542 0.013706 0.013088 0.012335 0.012178 0.013004 0.012564 
Document 76
0.007344 0.007883 0.008685 0.008724 0.006552 0.007455 0.133881 0.007459 0.135666 0.007294 0.260763 0.006804 0.007217 0.260846 0.133428 
0.003118 0.053468 0.053098 0.002933 0.053318 0.002986 0.002950 0.103397 0.002912 0.405661 0.003631 0.002610 0.002487 0.204031 0.103400 
0.076563 0.004865 0.004675 0.004832 0.004807 0.005012 0.004782 0.004648 0.862428 0.004883 0.004663 0.004394 0.004339 0.004633 0.004476 
Document 77
0.011831 0.012699 0.013992 0.014054 0.010555 0.012011 0.012008 0.012017 0.014883 0.826467 0.012740 0.010962 0.011628 0.012875 0.011278 
0.570153 0.007080 0.006251 0.006567 0.006742 0.006685 0.344508 0.006236 0.006520 0.007190 0.008131 0.005843 0.005568 0.006283 0.006242 
0.307631 0.006814 0.006549 0.006769 0.006733 0.007021 0.006699 0.006510 0.005760 0.407607 0.006532 0.006156 0.206461 0.006489 0.006270 
Document 78
0.063854 0.068539 0.075518 0.075853 0.056967 0.064822 0.064808 0.064860 0.080326 0.063419 0.068759 0.059164 0.062756 0.069488 0.060868 
0.832666 0.012885 0.011377 0.011952 0.012271 0.012167 0.012019 0.011349 0.011866 0.013086 0.014798 0.010633 0.010134 0.011435 0.011361 
0.014138 0.013655 0.013124 0.013563 0.013492 0.014068 0.013424 0.013046 0.011542 0.013706 0.816162 0.012335 0.012178 0.013004 0.012564 
Document 79
0.417399 0.003687 0.004063 0.004081 0.003065 0.003487 0.003486 0.358316 0.004321 0.003412 0.003699 0.180596 0.003376 0.003738 0.003274 
0.002395 0.002429 0.272642 0.002253 0.002313 0.002294 0.079551 0.311279 0.002237 0.002467 0.002789 0.311144 0.001910 0.002156 0.002142 
0.004701 0.004540 0.004363 0.004510 0.004486 0.138181 0.004463 0.004338 0.003837 0.004557 0.071103 0.738371 0.004049 0.004324 0.004177 
Document 80
0.005324 0.097377 0.006297 0.006325 0.829705 0.005405 0.005404 0.005408 0.006698 0.005288 0.005733 0.004933 0.005233 0.005794 0.005075 
0.003672 0.003724 0.003288 0.240446 0.003547 0.003516 0.003474 0.003280 0.003430 0.003782 0.004277 0.714046 0.002929 0.003305 0.003284 
0.014138 0.013655 0.816197 0.013563 0.013492 0.014068 0.013424 0.013046 0.011542 0.013706 0.013088 0.012335 0.012178 0.013004 0.012564 
Document 81
0.005324 0.005715 0.006297 0.006325 0.004750 0.005405 0.005404 0.005408 0.006698 0.371935 0.280718 0.004933 0.188556 0.005794 0.096737 
0.006274 0.208828 0.005619 0.005903 0.006060 0.006008 0.005936 0.005605 0.005860 0.006462 0.007308 0.005251 0.005005 0.005647 0.714236 
0.014138 0.013655 0.414660 0.013563 0.013492 0.014068 0.013424 0.013046 0.011542 0.013706 0.013088 0.012335 0.413715 0.013004 0.012564 
Document 82
0.004499 0.004830 0.005321 0.005345 0.004014 0.082029 0.004567 0.004570 0.857734 0.004469 0.004845 0.004169 0.004422 0.004896 0.004289 
0.005218 0.005292 0.004673 0.004909 0.005040 0.004997 0.004936 0.088848 0.004873 0.847247 0.006077 0.004367 0.004162 0.004696 0.004666 
0.014138 0.615960 0.013124 0.013563 0.013492 0.214837 0.013424 0.013046 0.011542 0.013706 0.013088 0.012335 0.012178 0.013004 0.012564 
Document 83
0.005862 0.006292 0.410578 0.107874 0.005229 0.005951 0.005949 0.005954 0.411019 0.005822 0.006312 0.005431 0.005761 0.006379 0.005587 
0.004166 0.004225 0.003730 0.003919 0.004023 0.003989 0.003941 0.003721 0.003891 0.676411 0.004852 0.003486 0.003323 0.003749 0.272573 
0.004406 0.191980 0.004090 0.004227 0.066780 0.004385 0.004184 0.004066 0.003597 0.004272 0.567253 0.128994 0.003796 0.004053 0.003916 
Document 84
0.008407 0.009023 0.009942 0.878333 0.007500 0.008534 0.008532 0.008539 0.010575 0.008349 0.009052 0.007789 0.008262 0.009148 0.008013 
0.002595 0.002632 0.002324 0.002442 0.002507 0.337518 0.002456 0.002319 0.002424 0.002673 0.128660 0.002172 0.002070 0.504885 0.002321 
0.014138 0.615960 0.013124 0.013563 0.214261 0.014068 0.013424 0.013046 0.011542 0.013706 0.013088 0.012335 0.012178 0.013004 0.012564 
Document 85
0.004499 0.004830 0.005321 0.547574 0.004014 0.314413 0.004567 0.004570 0.005660 0.081930 0.004845 0.004169 0.004422 0.004896 0.004289 
0.896386 0.007978 0.007045 0.007401 0.007598 0.007534 0.007443 0.007027 0.007348 0.008103 0.009163 0.006584 0.006275 0.007080 0.007035 
0.017689 0.017085 0.016420 0.016970 0.016882 0.017602 0.016796 0.016323 0.014441 0.017149 0.518780 0.266635 0.015237 0.016271 0.015720 
Document 86
0.001879 0.002017 0.390450 0.066937 0.001677 0.001908 0.001907 0.001909 0.002364 0.293037 0.002024 0.228207 0.001847 0.002045 0.001791 
0.007867 0.007978 0.007045 0.261264 0.007598 0.007534 0.007443 0.007027 0.007348 0.008103 0.009163 0.006584 0.006275 0.007080 0.641691 
0.023623 0.022816 0.692875 0.022664 0.022545 0.023507 0.022430 0.021799 0.019285 0.022902 0.021870 0.020611 0.020349 0.021729 0.020994 
Document 87
0.063854 0.068539 0.075518 0.075853 0.056967 0.064822 0.064808 0.064860 0.080326 0.063419 0.068759 0.059164 0.062756 0.069488 0.060868 
0.003118 0.003162 0.002792 0.002933 0.003011 0.002986 0.405399 0.002785 0.002912 0.003211 0.003631 0.555977 0.002487 0.002806 0.002788 
0.023623 0.022816 0.021929 0.358137 0.022545 0.023507 0.022430 0.021799 0.019285 0.022902 0.021870 0.020611 0.020349 0.357202 0.020994 
Document 88
0.005324 0.005715 0.006297 0.006325 0.004750 0.005405 0.005404 0.005408 0.281683 0.005288 0.005733 0.371580 0.280218 0.005794 0.005075 
0.388819 0.002429 0.002145 0.002253 0.002313 0.002294 0.002266 0.002139 0.195449 0.002467 0.350572 0.002004 0.001910 0.002156 0.040784 
0.005878 0.005677 0.005456 0.005639 0.506408 0.005849 0.172514 0.005424 0.004798 0.005698 0.005441 0.005128 0.255462 0.005406 0.005223 
Document 89
0.003651 0.003919 0.004318 0.507176 0.003257 0.003706 0.003706 0.003709 0.004593 0.003626 0.003932 0.443367 0.003588 0.003973 0.003480 
0.003118 0.003162 0.002792 0.002933 0.003011 0.455741 0.002950 0.002785 0.002912 0.204436 0.104244 0.203834 0.002487 0.002806 0.002788 
0.071792 0.069340 0.066642 0.068875 0.068515 0.071439 0.068166 0.066247 0.058608 0.069600 0.066463 0.062637 0.061841 0.066034 0.063801 
Document 90
0.008407 0.009023 0.009942 0.009986 0.007500 0.008534 0.008532 0.008539 0.010575 0.008349 0.009052 0.007789 0.008262 0.877495 0.008013 
0.005697 0.005778 0.924365 0.005360 0.005503 0.005456 0.005390 0.005089 0.005321 0.005868 0.006636 0.004768 0.004545 0.005128 0.005095 
0.014138 0.013655 0.013124 0.816637 0.013492 0.014068 0.013424 0.013046 0.011542 0.013706 0.013088 0.012335 0.012178 0.013004 0.012564 
Document 91
0.063854 0.068539 0.075518 0.075853 0.056967 0.064822 0.064808 0.064860 0.080326 0.063419 0.068759 0.059164 0.062756 0.069488 0.060868 
0.004812 0.393132 0.004310 0.237478 0.004648 0.004609 0.004553 0.004299 0.315096 0.004957 0.005605 0.004028 0.003839 0.004331 0.004303 
0.035549 0.539166 0.032999 0.034105 0.033927 0.035374 0.033754 0.032804 0.029021 0.034464 0.032910 0.031016 0.030622 0.032698 0.031592 
Document 92
0.019963 0.021428 0.023610 0.023715 0.017810 0.020266 0.020261 0.020278 0.025113 0.019827 0.708857 0.018497 0.019620 0.021725 0.019030 
0.015980 0.274054 0.014311 0.015034 0.015435 0.015304 0.015119 0.014275 0.014926 0.016460 0.534306 0.013375 0.012747 0.014383 0.014290 
0.003710 0.003583 0.003444 0.266982 0.108910 0.003692 0.003523 0.003423 0.003029 0.108966 0.003435 0.003237 0.003196 0.477574 0.003297 
Document 93
0.003651 0.003919 0.004318 0.444321 0.003257 0.003706 0.003706 0.003709 0.004593 0.066481 0.003932 0.129092 0.003588 0.318247 0.003480 
0.004166 0.273073 0.003730 0.003919 0.004023 0.003989 0.003941 0.003721 0.003891 0.004291 0.004852 0.541183 0.003323 0.003749 0.138149 
0.008823 0.008522 0.008190 0.008465 0.008421 0.008780 0.008378 0.008142 0.633702 0.008554 0.008168 0.007698 0.007600 0.008116 0.258441 
Document 94
0.009829 0.010550 0.011625 0.011676 0.008769 0.009978 0.009976 0.009984 0.012365 0.009762 0.010584 0.009107 0.686515 0.010696 0.178583 
0.003903 0.003959 0.003495 0.003672 0.003770 0.003738 0.003693 0.003487 0.003646 0.004020 0.004546 0.947954 0.003114 0.003513 0.003490 
0.004406 0.004256 0.004090 0.004227 0.004205 0.004385 0.004184 0.004066 0.003597 0.317146 0.191804 0.441868 0.003796 0.004053 0.003916 
Document 95
