d_0 d1548 0.423019 0.198804 0.378176 
d_1 d1561 0.059361 0.196347 0.744292 
d_2 d1563 0.406193 0.406193 0.187614 
d_3 d1569 0.388203 0.223594 0.388203 
d_4 d1571 0.159041 0.028322 0.812636 
d_5 d1572 0.087362 0.469042 0.443596 
d_6 d1574 0.488854 0.115604 0.395542 
d_7 d1575 0.480826 0.480826 0.038348 
d_8 d1576 0.403403 0.223223 0.373373 
d_9 d1578 0.235515 0.167795 0.596689 
d_10 d1580 0.046595 0.046595 0.906810 
d_11 d1582 0.087935 0.210634 0.701431 
d_12 d1583 0.441734 0.035230 0.523035 
d_13 d1587 0.509351 0.113311 0.377338 
d_14 d1590 0.869464 0.100233 0.030303 
d_15 d1591 0.634085 0.032581 0.333333 
d_16 d1592 0.147353 0.791130 0.061516 
d_17 d1593 0.215339 0.126844 0.657817 
d_18 d1594 0.064275 0.512706 0.423019 
d_19 d1595 0.289760 0.028322 0.681917 
d_20 d1596 0.286795 0.304247 0.408959 
d_21 d1597 0.691756 0.046595 0.261649 
d_22 d1598 0.422115 0.446328 0.131558 
d_23 d1599 0.353973 0.044376 0.601651 
d_24 d1600 0.230482 0.581113 0.188406 
d_25 d1601 0.215339 0.392330 0.392330 
d_26 d1602 0.333333 0.126079 0.540587 
d_27 d1604 0.023679 0.679417 0.296903 
d_28 d1605 0.296903 0.460838 0.242259 
d_29 d1606 0.333333 0.333333 0.333333 
d_30 d1607 0.115753 0.272411 0.611836 
d_31 d1608 0.293808 0.451910 0.254282 
d_32 d1611 0.172691 0.172691 0.654618 
d_33 d1612 0.127899 0.545394 0.326706 
d_34 d1613 0.167795 0.596689 0.235515 
d_35 d1614 0.545377 0.214589 0.240034 
d_36 d1615 0.442879 0.114241 0.442879 
d_37 d1616 0.525514 0.326706 0.147780 
d_38 d1617 0.399100 0.575632 0.025268 
d_39 d1618 0.289760 0.551198 0.159041 
d_40 d1619 0.554256 0.144899 0.300845 
d_41 d1620 0.768116 0.214756 0.017128 
d_42 d1621 0.939394 0.030303 0.030303 
d_43 d1622 0.729604 0.030303 0.240093 
d_44 d1623 0.059361 0.744292 0.196347 
d_45 d1624 0.355120 0.616558 0.028322 
d_46 d1625 0.527508 0.430421 0.042071 
d_47 d1626 0.319027 0.190272 0.490701 
d_48 d1627 0.385147 0.022453 0.592401 
d_49 d1628 0.641364 0.344334 0.014301 
d_50 d1629 0.297998 0.686690 0.015312 
d_51 d1630 0.333333 0.333333 0.333333 
d_52 d1631 0.423060 0.342306 0.234634 
d_53 d1632 0.100775 0.333333 0.565891 
d_54 d1633 0.327413 0.451747 0.220841 
d_55 d1634 0.026585 0.026585 0.946830 
d_56 d1635 0.406193 0.132969 0.460838 
d_57 d1636 0.784461 0.182957 0.032581 
d_58 d1637 0.235653 0.748474 0.015873 
d_59 d1638 0.017128 0.728590 0.254282 
d_60 d1639 0.276109 0.147353 0.576538 
d_61 d1640 0.523035 0.035230 0.441734 
d_62 d1641 0.758573 0.100137 0.141289 
d_63 d1642 0.168568 0.586819 0.244613 
d_64 d1643 0.380548 0.408876 0.210576 
d_65 d1644 0.333333 0.032581 0.634085 
d_66 d1645 0.635117 0.223594 0.141289 
d_67 d1646 0.223594 0.388203 0.388203 
d_68 d1647 0.253697 0.253697 0.492605 
d_69 d1648 0.592401 0.022453 0.385147 
d_70 d1649 0.052556 0.290137 0.657307 
d_71 d1650 0.526735 0.390216 0.083049 
d_72 d1651 0.378176 0.019432 0.602392 
d_73 d1652 0.392330 0.392330 0.215339 
d_74 d1653 0.281520 0.696028 0.022453 
d_75 d1654 0.289556 0.420888 0.289556 
d_76 d1655 0.371869 0.429672 0.198459 
d_77 d1656 0.046595 0.476703 0.476703 
d_78 d1657 0.236246 0.333333 0.430421 
d_79 d1658 0.182083 0.583479 0.234439 
d_80 d1659 0.818770 0.139159 0.042071 
d_81 d1660 0.059361 0.744292 0.196347 
d_82 d1661 0.208138 0.208138 0.583725 
d_83 d1662 0.455433 0.272283 0.272283 
d_84 d1663 0.540587 0.074266 0.385147 
d_85 d1664 0.384933 0.323013 0.292054 
d_86 d1665 0.662375 0.276109 0.061516 
d_87 d1666 0.361946 0.147353 0.490701 
d_88 d1667 0.281520 0.126079 0.592401 
d_89 d1668 0.261649 0.154122 0.584229 
d_90 d1669 0.663834 0.068933 0.267233 
d_91 d1670 0.081761 0.459119 0.459119 
d_92 d1671 0.540587 0.436960 0.022453 
d_93 d1672 0.289760 0.355120 0.355120 
d_94 d1673 0.551198 0.028322 0.420479 
d_95 d1674 0.551198 0.420479 0.028322 
d_96 d1675 0.204197 0.494754 0.301049 
d_97 d1676 0.397231 0.333333 0.269436 
d_98 d1677 0.212321 0.014301 0.773377 
d_99 d1678 0.035230 0.523035 0.441734 
d_100 d1679 0.059361 0.744292 0.196347 
d_101 d1680 0.282636 0.130545 0.586819 
d_102 d1681 0.479106 0.012634 0.508260 
d_103 d1682 0.431213 0.414899 0.153888 
d_104 d1683 0.014301 0.509351 0.476348 
d_105 d1684 0.026585 0.333333 0.640082 
d_106 d1685 0.271984 0.578732 0.149284 
d_107 d1686 0.361946 0.018598 0.619456 
d_108 d1687 0.333333 0.214756 0.451910 
d_109 d1688 0.240093 0.379953 0.379953 
d_110 d1689 0.522320 0.317041 0.160639 
d_111 d1690 0.624595 0.042071 0.333333 
d_112 d1691 0.276109 0.662375 0.061516 
d_113 d1692 0.519814 0.379953 0.100233 
d_114 d1693 0.775100 0.172691 0.052209 
d_115 d1694 0.035230 0.604336 0.360434 
d_116 d1695 0.643644 0.103103 0.253253 
d_117 d1696 0.490701 0.447783 0.061516 
d_118 d1697 0.223594 0.017833 0.758573 
d_119 d1698 0.294015 0.215378 0.490607 
d_120 d1699 0.532480 0.418682 0.048838 
d_121 d1700 0.442879 0.442879 0.114241 
d_122 d1701 0.378176 0.064275 0.557549 
d_123 d1702 0.515483 0.296903 0.187614 
d_124 d1703 0.038348 0.834808 0.126844 
d_125 d1704 0.429069 0.272411 0.298520 
d_126 d1705 0.436960 0.488774 0.074266 
d_127 d1706 0.413655 0.052209 0.534137 
d_128 d1707 0.296903 0.624772 0.078324 
d_129 d1708 0.488774 0.229706 0.281520 
d_130 d1709 0.476348 0.179318 0.344334 
d_131 d1710 0.107345 0.470541 0.422115 
d_132 d1711 0.333333 0.436960 0.229706 
d_133 d1712 0.343543 0.435426 0.221031 
d_134 d1713 0.023679 0.406193 0.570128 
d_135 d1714 0.172691 0.654618 0.172691 
d_136 d1715 0.538046 0.341058 0.120896 
d_137 d1716 0.289760 0.420479 0.289760 
d_138 d1717 0.271359 0.470562 0.258079 
d_139 d1718 0.603083 0.371869 0.025048 
d_140 d1719 0.283283 0.223223 0.493493 
d_141 d1720 0.736885 0.252623 0.010492 
d_142 d1721 0.235515 0.641836 0.122649 
d_143 d1722 0.347051 0.347051 0.305898 
d_144 d1723 0.781461 0.136894 0.081645 
d_145 d1724 0.130545 0.358682 0.510773 
d_146 d1725 0.333333 0.314213 0.352454 
d_147 d1726 0.092522 0.396705 0.510773 
d_148 d1727 0.517382 0.271984 0.210634 
d_149 d1728 0.279133 0.441734 0.279133 
d_150 d1729 0.119869 0.563218 0.316913 
d_151 d1730 0.319531 0.567978 0.112491 
d_152 d1731 0.366174 0.464696 0.169130 
d_153 d1732 0.135705 0.135705 0.728590 
d_154 d1733 0.229706 0.592401 0.177893 
d_155 d1734 0.333333 0.293808 0.372859 
d_156 d1735 0.517382 0.271984 0.210634 
d_157 d1736 0.488774 0.436960 0.074266 
d_158 d1737 0.379953 0.449883 0.170163 
d_159 d1738 0.281520 0.022453 0.696028 
d_160 d1739 0.172691 0.052209 0.775100 
d_161 d1740 0.092522 0.510773 0.396705 
d_162 d1741 0.271984 0.517382 0.210634 
d_163 d1742 0.296903 0.515483 0.187614 
d_164 d1743 0.018075 0.472047 0.509878 
d_165 d1744 0.534137 0.052209 0.413655 
d_166 d1745 0.030303 0.100233 0.869464 
d_167 d1746 0.168215 0.446852 0.384933 
d_168 d1747 0.096162 0.548944 0.354894 
d_169 d1748 0.589744 0.240093 0.170163 
d_170 d1749 0.647799 0.081761 0.270440 
d_171 d1750 0.172691 0.172691 0.654618 
d_172 d1751 0.163698 0.672604 0.163698 
d_173 d1752 0.081761 0.459119 0.459119 
d_174 d1753 0.052209 0.052209 0.895582 
d_175 d1754 0.456033 0.087935 0.456033 
d_176 d1755 0.242259 0.460838 0.296903 
d_177 d1756 0.442879 0.208138 0.348983 
d_178 d1757 0.860717 0.008790 0.130494 
d_179 d1758 0.586819 0.320659 0.092522 
d_180 d1759 0.215339 0.392330 0.392330 
d_181 d1760 0.197832 0.604336 0.197832 
d_182 d1761 0.385232 0.257844 0.356924 
d_183 d1762 0.046595 0.369176 0.584229 
d_184 d1763 0.153961 0.692078 0.153961 
d_185 d1764 0.184450 0.159636 0.655914 
d_186 d1765 0.236246 0.042071 0.721683 
d_187 d1766 0.467862 0.423019 0.109118 
d_188 d1767 0.388495 0.128448 0.483058 
d_189 d1768 0.242259 0.515483 0.242259 
d_190 d1769 0.366174 0.464696 0.169130 
d_191 d1770 0.601954 0.015873 0.382173 
d_192 d1771 0.261649 0.691756 0.046595 
d_193 d1772 0.315250 0.405666 0.279084 
d_194 d1773 0.483709 0.032581 0.483709 
d_195 d1774 0.296903 0.187614 0.515483 
d_196 d1775 0.068783 0.544974 0.386243 
d_197 d1776 0.132969 0.460838 0.406193 
d_198 d1777 0.240093 0.519814 0.240093 
d_199 d1778 0.046595 0.906810 0.046595 
d_200 d1779 0.528694 0.272283 0.199023 
d_201 d1780 0.463437 0.221175 0.315388 
d_202 d1781 0.366174 0.119869 0.513957 
d_203 d1782 0.552675 0.433034 0.014290 
d_204 d1783 0.483709 0.483709 0.032581 
d_205 d1784 0.333333 0.640082 0.026585 
d_206 d1785 0.014790 0.663254 0.321957 
d_207 d1786 0.262662 0.545347 0.191991 
d_208 d1787 0.054499 0.776933 0.168568 
d_209 d1788 0.429180 0.461129 0.109691 
d_210 d1789 0.348983 0.208138 0.442879 
d_211 d1790 0.341815 0.443596 0.214589 
d_212 d1791 0.449883 0.519814 0.030303 
d_213 d1792 0.119869 0.858785 0.021346 
d_214 d1793 0.429672 0.371869 0.198459 
d_215 d1794 0.660886 0.256262 0.082852 
d_216 d1795 0.093682 0.747277 0.159041 
d_217 d1796 0.182247 0.522191 0.295562 
d_218 d1797 0.724570 0.255086 0.020344 
d_219 d1798 0.224834 0.568415 0.206751 
d_220 d1799 0.490701 0.233190 0.276109 
d_221 d1800 0.463463 0.283283 0.253253 
d_222 d1801 0.260525 0.478949 0.260525 
d_223 d1802 0.204775 0.507805 0.287420 
d_224 d1803 0.068783 0.068783 0.862434 
d_225 d1804 0.818770 0.139159 0.042071 
d_226 d1805 0.379953 0.240093 0.379953 
d_227 d1806 0.428683 0.183499 0.387819 
d_228 d1807 0.871450 0.109118 0.019432 
d_229 d1808 0.361783 0.333333 0.304884 
d_230 d1809 0.125590 0.182247 0.692162 
d_231 d1810 0.436960 0.540587 0.022453 
d_232 d1811 0.799534 0.030303 0.170163 
d_233 d1812 0.233190 0.490701 0.276109 
d_234 d1813 0.028322 0.224401 0.747277 
d_235 d1814 0.199023 0.199023 0.601954 
d_236 d1815 0.408521 0.558897 0.032581 
d_237 d1816 0.344334 0.410341 0.245325 
d_238 d1817 0.046595 0.906810 0.046595 
d_239 d1818 0.311331 0.377338 0.311331 
d_240 d1819 0.906376 0.010492 0.083132 
d_241 d1820 0.696028 0.074266 0.229706 
d_242 d1821 0.681917 0.093682 0.224401 
d_243 d1822 0.133195 0.775017 0.091787 
d_244 d1823 0.659674 0.310023 0.030303 
d_245 d1824 0.219568 0.014790 0.765643 
d_246 d1825 0.276109 0.276109 0.447783 
d_247 d1826 0.556658 0.258892 0.184450 
d_248 d1827 0.601651 0.044376 0.353973 
d_249 d1828 0.238905 0.493862 0.267233 
d_250 d1829 0.190272 0.447783 0.361946 
d_251 d1830 0.227326 0.439340 0.333333 
d_252 d1831 0.187541 0.426110 0.386349 
d_253 d1832 0.061516 0.490701 0.447783 
d_254 d1833 0.404864 0.147353 0.447783 
d_255 d1834 0.377910 0.214463 0.407628 
d_256 d1835 0.322278 0.305694 0.372029 
d_257 d1836 0.378176 0.243647 0.378176 
d_258 d1837 0.525027 0.301384 0.173589 
d_259 d1838 0.126963 0.396142 0.476895 
d_260 d1839 0.253697 0.594994 0.151308 
d_261 d1840 0.607306 0.333333 0.059361 
d_262 d1841 0.238905 0.380548 0.380548 
d_263 d1842 0.476348 0.113311 0.410341 
d_264 d1843 0.041788 0.566569 0.391642 
d_265 d1844 0.035230 0.035230 0.929539 
d_266 d1845 0.140655 0.776493 0.082852 
d_267 d1846 0.537703 0.326286 0.136011 
d_268 d1847 0.233190 0.533619 0.233190 
d_269 d1848 0.576538 0.276109 0.147353 
d_270 d1849 0.620873 0.173589 0.205538 
d_271 d1850 0.052503 0.528694 0.418803 
d_272 d1851 0.054929 0.686983 0.258089 
d_273 d1852 0.384933 0.415893 0.199174 
d_274 d1853 0.176986 0.608505 0.214509 
d_275 d1854 0.235653 0.601954 0.162393 
d_276 d1855 0.420797 0.391642 0.187561 
d_277 d1856 0.472750 0.510773 0.016477 
d_278 d1857 0.418803 0.235653 0.345543 
d_279 d1858 0.258145 0.107769 0.634085 
d_280 d1859 0.394683 0.026585 0.578732 
d_281 d1860 0.227513 0.068783 0.703704 
d_282 d1861 0.649010 0.103264 0.247726 
d_283 d1862 0.429672 0.429672 0.140655 
d_284 d1863 0.269343 0.583479 0.147179 
d_285 d1864 0.351548 0.624772 0.023679 
d_286 d1865 0.017833 0.511660 0.470508 
d_287 d1866 0.545279 0.025048 0.429672 
d_288 d1867 0.373373 0.403403 0.223223 
d_289 d1868 0.515483 0.023679 0.460838 
d_290 d1869 0.570487 0.096179 0.333333 
d_291 d1870 0.535354 0.232323 0.232323 
d_292 d1871 0.476348 0.113311 0.410341 
d_293 d1872 0.199285 0.413762 0.386953 
d_294 d1873 0.036472 0.418151 0.545377 
d_295 d1874 0.100137 0.223594 0.676269 
d_296 d1875 0.413655 0.172691 0.413655 
d_297 d1876 0.360143 0.413762 0.226095 
d_298 d1877 0.198459 0.603083 0.198459 
d_299 d1878 0.433433 0.433433 0.133133 
d_300 d1879 0.534137 0.052209 0.413655 
d_301 d1880 0.261649 0.369176 0.369176 
d_302 d1881 0.070943 0.245870 0.683188 
d_303 d1882 0.114621 0.418388 0.466991 
d_304 d1883 0.394683 0.026585 0.578732 
d_305 d1884 0.048919 0.526735 0.424346 
d_306 d1885 0.182442 0.264746 0.552812 
d_307 d1886 0.551198 0.224401 0.224401 
d_308 d1887 0.325809 0.280662 0.393529 
d_309 d1888 0.237731 0.448056 0.314213 
d_310 d1889 0.042071 0.430421 0.527508 
d_311 d1890 0.258145 0.107769 0.634085 
d_312 d1891 0.703704 0.227513 0.068783 
d_313 d1892 0.293808 0.491436 0.214756 
d_314 d1893 0.663834 0.153919 0.182247 
d_315 d1894 0.607306 0.059361 0.333333 
d_316 d1895 0.647235 0.288490 0.064275 
d_317 d1896 0.138949 0.765299 0.095752 
d_318 d1897 0.419577 0.316085 0.264338 
d_319 d1898 0.524538 0.295092 0.180370 
d_320 d1899 0.182957 0.182957 0.634085 
d_321 d1900 0.256262 0.314066 0.429672 
d_322 d1901 0.570487 0.214756 0.214756 
d_323 d1902 0.316913 0.464696 0.218391 
d_324 d1903 0.296903 0.460838 0.242259 
d_325 d1904 0.197832 0.197832 0.604336 
d_326 d1905 0.229706 0.022453 0.747841 
d_327 d1906 0.097866 0.517292 0.384842 
d_328 d1907 0.370064 0.287420 0.342516 
d_329 d1908 0.508260 0.420797 0.070943 
d_330 d1909 0.673095 0.122130 0.204775 
d_331 d1910 0.635117 0.347051 0.017833 
d_332 d1911 0.662375 0.319027 0.018598 
d_333 d1912 0.304179 0.449951 0.245870 
d_334 d1913 0.741497 0.187561 0.070943 
d_335 d1914 0.345543 0.272283 0.382173 
d_336 d1915 0.542624 0.297601 0.159775 
d_337 d1916 0.261649 0.261649 0.476703 
d_338 d1917 0.700887 0.168568 0.130545 
d_339 d1918 0.224401 0.289760 0.485839 
d_340 d1919 0.476348 0.245325 0.278328 
d_341 d1920 0.548796 0.130545 0.320659 
d_342 d1921 0.281520 0.385147 0.333333 
d_343 d1922 0.264746 0.511660 0.223594 
d_344 d1923 0.064275 0.288490 0.647235 
d_345 d1924 0.834297 0.025048 0.140655 
d_346 d1925 0.025048 0.892100 0.082852 
d_347 d1926 0.107769 0.558897 0.333333 
d_348 d1927 0.424291 0.279829 0.295880 
d_349 d1928 0.570128 0.351548 0.078324 
d_350 d1929 0.643915 0.156374 0.199711 
d_351 d1930 0.502882 0.452018 0.045100 
d_352 d1931 0.360434 0.360434 0.279133 
d_353 d1932 0.378176 0.557549 0.064275 
d_354 d1933 0.628239 0.011618 0.360143 
d_355 d1934 0.392330 0.392330 0.215339 
d_356 d1935 0.455433 0.162393 0.382173 
d_357 d1936 0.398784 0.244507 0.356709 
d_358 d1937 0.506698 0.246651 0.246651 
d_359 d1938 0.639261 0.275972 0.084767 
d_360 d1939 0.741497 0.041788 0.216715 
d_361 d1940 0.179318 0.014301 0.806381 
d_362 d1941 0.746313 0.038348 0.215339 
d_363 d1942 0.052209 0.172691 0.775100 
d_364 d1943 0.534137 0.172691 0.293173 
d_365 d1944 0.342516 0.314968 0.342516 
d_366 d1945 0.351548 0.570128 0.078324 
d_367 d1946 0.068783 0.862434 0.068783 
d_368 d1947 0.215339 0.038348 0.746313 
d_369 d1948 0.700887 0.054499 0.244613 
d_370 d1949 0.558897 0.258145 0.182957 
d_371 d1950 0.492605 0.287827 0.219568 
d_372 d1951 0.394721 0.081645 0.523634 
d_373 d1952 0.371869 0.603083 0.025048 
d_374 d1953 0.026585 0.824131 0.149284 
d_375 d1954 0.059361 0.333333 0.607306 
d_376 d1955 0.356086 0.492605 0.151308 
d_377 d1956 0.388203 0.593964 0.017833 
d_378 d1957 0.540587 0.229706 0.229706 
d_379 d1958 0.140655 0.082852 0.776493 
d_380 d1959 0.507398 0.246301 0.246301 
d_381 d1960 0.607306 0.333333 0.059361 
d_382 d1961 0.085984 0.015312 0.898704 
d_383 d1962 0.190369 0.438676 0.370956 
d_384 d1963 0.289760 0.224401 0.485839 
d_385 d1964 0.087935 0.149284 0.762781 
d_386 d1965 0.025048 0.949904 0.025048 
d_387 d1966 0.396705 0.130545 0.472750 
d_388 d1967 0.589744 0.030303 0.379953 
d_389 d1968 0.177227 0.122130 0.700643 
d_390 d1969 0.382173 0.601954 0.015873 
d_391 d5349 0.492063 0.425618 0.082318 
d_392 d5351 0.644214 0.281520 0.074266 
d_393 d5353 0.358147 0.110008 0.531844 
d_394 d5354 0.652822 0.109691 0.237487 
d_395 d5356 0.333333 0.042071 0.624595 
d_396 d5360 0.281875 0.178959 0.539165 
d_397 d5362 0.656659 0.310239 0.033102 
d_398 d5363 0.390216 0.287827 0.321957 
d_399 d5364 0.658831 0.007836 0.333333 
d_400 d5367 0.488774 0.126079 0.385147 
d_401 d5368 0.210550 0.319691 0.469759 
d_402 d5369 0.358682 0.320659 0.320659 
d_403 d5370 0.480826 0.038348 0.480826 
d_404 d5371 0.612479 0.316913 0.070608 
d_405 d5372 0.014301 0.377338 0.608361 
d_406 d5373 0.146315 0.707371 0.146315 
d_407 d5374 0.179318 0.377338 0.443344 
d_408 d5375 0.052209 0.413655 0.534137 
d_409 d5376 0.078324 0.351548 0.570128 
d_410 d5378 0.511660 0.100137 0.388203 
d_411 d5379 0.430421 0.139159 0.430421 
d_412 d5380 0.430421 0.042071 0.527508 
d_413 d5381 0.851468 0.126079 0.022453 
d_414 d5382 0.308519 0.258892 0.432589 
d_415 d5383 0.775100 0.172691 0.052209 
d_416 d5384 0.377338 0.278328 0.344334 
d_417 d5385 0.028322 0.289760 0.681917 
d_418 d5387 0.571075 0.318474 0.110451 
d_419 d5388 0.677621 0.302034 0.020344 
d_420 d5389 0.540587 0.229706 0.229706 
d_421 d5390 0.215339 0.126844 0.657817 
d_422 d5391 0.515483 0.187614 0.296903 
d_423 d5392 0.881279 0.059361 0.059361 
d_424 d5394 0.296903 0.023679 0.679417 
d_425 d5395 0.588924 0.269436 0.141640 
d_426 d5396 0.584229 0.154122 0.261649 
d_427 d5398 0.236246 0.333333 0.430421 
d_428 d5399 0.662375 0.061516 0.276109 
d_429 d5400 0.607306 0.333333 0.059361 
d_430 d5401 0.744292 0.196347 0.059361 
d_431 d5402 0.052209 0.052209 0.895582 
d_432 d5403 0.818770 0.042071 0.139159 
d_433 d5404 0.229706 0.592401 0.177893 
d_434 d5405 0.018598 0.319027 0.662375 
d_435 d5406 0.240836 0.281946 0.477218 
d_436 d5407 0.369176 0.261649 0.369176 
d_437 d5408 0.609386 0.174603 0.216011 
d_438 d5409 0.552812 0.264746 0.182442 
d_439 d5410 0.326706 0.306826 0.366468 
d_440 d5412 0.262662 0.333333 0.404005 
d_441 d5413 0.303835 0.038348 0.657817 
d_442 d5414 0.429672 0.198459 0.371869 
d_443 d5415 0.476348 0.179318 0.344334 
d_444 d5416 0.423739 0.266258 0.310003 
d_445 d5417 0.305898 0.100137 0.593964 
d_446 d5418 0.691756 0.046595 0.261649 
d_447 d5419 0.487476 0.082852 0.429672 
d_448 d5420 0.021346 0.366174 0.612479 
d_449 d5421 0.881279 0.059361 0.059361 
d_450 d5423 0.059361 0.607306 0.333333 
d_451 d5424 0.293173 0.052209 0.654618 
d_452 d5425 0.485839 0.028322 0.485839 
d_453 d5426 0.480826 0.480826 0.038348 
d_454 d5427 0.424291 0.376137 0.199572 
d_455 d5428 0.488774 0.177893 0.333333 
d_456 d5429 0.204197 0.155771 0.640032 
d_457 d5430 0.279133 0.279133 0.441734 
d_458 d5431 0.519814 0.379953 0.100233 
d_459 d5432 0.038348 0.392330 0.569322 
d_460 d5433 0.175231 0.412385 0.412385 
d_461 d5452 0.128448 0.293932 0.577620 
d_462 d5459 0.281875 0.367639 0.350486 
d_463 d5462 0.195307 0.671498 0.133195 
d_464 d5472 0.333333 0.258892 0.407775 
d_465 d5473 0.388203 0.058985 0.552812 
d_466 d5475 0.469042 0.112807 0.418151 
d_467 d5478 0.470320 0.196347 0.333333 
d_468 d5479 0.264723 0.384791 0.350486 
d_469 d5480 0.527508 0.236246 0.236246 
d_470 d5481 0.107769 0.784461 0.107769 
d_471 d5484 0.235515 0.145222 0.619263 
d_472 d5485 0.766938 0.197832 0.035230 
d_473 d5486 0.353973 0.570691 0.075335 
d_474 d5487 0.234078 0.258892 0.507031 
d_475 d5489 0.366174 0.119869 0.513957 
d_476 d5490 0.401659 0.504148 0.094192 
d_477 d5492 0.161189 0.020344 0.818466 
d_478 d5494 0.578732 0.271984 0.149284 
d_479 d5496 0.379523 0.448807 0.171671 
d_480 d5497 0.551198 0.420479 0.028322 
d_481 d5498 0.067034 0.507805 0.425161 
d_482 d5549 0.312833 0.288233 0.398934 
d_483 d5751 0.213462 0.047487 0.739050 
d_484 d5753 0.197832 0.035230 0.766938 
d_485 d5787 0.022453 0.747841 0.229706 
d_486 d5790 0.258089 0.416102 0.325809 
d_487 d5792 0.784461 0.182957 0.032581 
d_488 d5799 0.437205 0.125590 0.437205 
d_489 d5808 0.236246 0.139159 0.624595 
d_490 d5818 0.107769 0.483709 0.408521 
d_491 d5820 0.060380 0.407775 0.531844 
d_492 d5824 0.426110 0.286945 0.286945 
d_493 d5827 0.460838 0.078324 0.460838 
d_494 d5829 0.314066 0.198459 0.487476 
d_495 d5843 0.173726 0.431553 0.394721 
d_496 d5854 0.185438 0.048919 0.765643 
d_497 d5860 0.635117 0.141289 0.223594 
d_498 d5861 0.297998 0.085984 0.616019 
d_499 d5885 0.165492 0.387043 0.447466 
d_500 d5886 0.089643 0.716275 0.194082 
d_501 d5888 0.333333 0.107769 0.558897 
d_502 d5889 0.170163 0.729604 0.100233 
d_503 d5890 0.170163 0.240093 0.589744 
d_504 d5891 0.227326 0.262662 0.510012 
d_505 d5892 0.544974 0.068783 0.386243 
d_506 d5893 0.721683 0.042071 0.236246 
d_507 d5894 0.589744 0.310023 0.100233 
d_508 d5895 0.406193 0.351548 0.242259 
d_509 d5896 0.187614 0.187614 0.624772 
d_510 d5897 0.139159 0.818770 0.042071 
d_511 d5898 0.140655 0.660886 0.198459 
d_512 d5899 0.067293 0.489828 0.442879 
d_513 d5900 0.141862 0.846823 0.011314 
d_514 d5901 0.303835 0.657817 0.038348 
d_515 d5902 0.139159 0.042071 0.818770 
d_516 d5903 0.116531 0.441734 0.441734 
d_517 d5904 0.048919 0.253697 0.697383 
d_518 d5905 0.139159 0.139159 0.721683 
d_519 d5906 0.316370 0.570823 0.112807 
d_520 d5907 0.261649 0.369176 0.369176 
d_521 d5908 0.624772 0.187614 0.187614 
d_522 d5909 0.236246 0.236246 0.527508 
d_523 d5910 0.685637 0.279133 0.035230 
d_524 d5911 0.116531 0.523035 0.360434 
d_525 d5912 0.677621 0.067293 0.255086 
d_526 d5913 0.038348 0.834808 0.126844 
d_527 d5914 0.210559 0.247391 0.542050 
d_528 d5915 0.482217 0.060380 0.457403 
d_529 d5916 0.133195 0.443754 0.423050 
d_530 d5917 0.371869 0.429672 0.198459 
d_531 d5918 0.544974 0.227513 0.227513 
d_532 d5919 0.030303 0.659674 0.310023 
d_533 d5920 0.316913 0.513957 0.169130 
d_534 d5921 0.023679 0.242259 0.734062 
d_535 d5922 0.439340 0.085984 0.474676 
d_536 d5923 0.224401 0.289760 0.485839 
d_537 d5924 0.240093 0.170163 0.589744 
d_538 d5925 0.369176 0.584229 0.046595 
d_539 d5926 0.170163 0.729604 0.100233 
d_540 d5927 0.032581 0.107769 0.859649 
d_541 d5928 0.116531 0.848238 0.035230 
d_542 d5929 0.052209 0.052209 0.895582 
d_543 d5930 0.154122 0.369176 0.476703 
d_544 d5932 0.923304 0.038348 0.038348 
d_545 d5933 0.050648 0.050648 0.898704 
d_546 d5934 0.068783 0.703704 0.227513 
d_547 d5935 0.788707 0.132969 0.078324 
d_548 d5936 0.126844 0.746313 0.126844 
d_549 d5937 0.430421 0.333333 0.236246 
d_550 d5938 0.197832 0.523035 0.279133 
d_551 d5939 0.303835 0.480826 0.215339 
d_552 d5940 0.677621 0.208138 0.114241 
d_553 d5941 0.358147 0.209264 0.432589 
d_554 d5942 0.052209 0.413655 0.534137 
d_555 d5943 0.491436 0.135705 0.372859 
d_556 d5944 0.534137 0.293173 0.172691 
d_557 d5945 0.068783 0.862434 0.068783 
d_558 d5946 0.028322 0.485839 0.485839 
d_559 d5947 0.120361 0.643111 0.236528 
d_560 d5948 0.215339 0.303835 0.480826 
d_561 d5949 0.303835 0.303835 0.392330 
d_562 d5950 0.162393 0.821734 0.015873 
d_563 d5951 0.059361 0.059361 0.881279 
d_564 d5952 0.169130 0.513957 0.316913 
d_565 d5953 0.360434 0.197832 0.441734 
d_566 d5954 0.227513 0.544974 0.227513 
d_567 d5955 0.035230 0.766938 0.197832 
d_568 d5956 0.519814 0.030303 0.449883 
d_569 d5957 0.351548 0.351548 0.296903 
d_570 d5958 0.154122 0.476703 0.369176 
d_571 d5959 0.420479 0.224401 0.355120 
d_572 d5960 0.319531 0.153899 0.526570 
d_573 d5961 0.107345 0.107345 0.785311 
d_574 d5962 0.215339 0.303835 0.480826 
d_575 d5963 0.035230 0.035230 0.929539 
d_576 d5964 0.480826 0.038348 0.480826 
d_577 d5965 0.627667 0.362767 0.009566 
d_578 d5966 0.038348 0.038348 0.923304 
d_579 d5967 0.046595 0.154122 0.799283 
d_580 d5968 0.210634 0.456033 0.333333 
d_581 d5969 0.022453 0.592401 0.385147 
d_582 d5970 0.696028 0.229706 0.074266 
d_583 d5971 0.059361 0.881279 0.059361 
d_584 d5972 0.052209 0.052209 0.895582 
d_585 d5973 0.271984 0.149284 0.578732 
d_586 d5974 0.243647 0.378176 0.378176 
d_587 d5975 0.187614 0.788707 0.023679 
d_588 d5976 0.052209 0.534137 0.413655 
d_589 d5977 0.052209 0.052209 0.895582 
d_590 d5978 0.025048 0.892100 0.082852 
d_591 d5979 0.023679 0.570128 0.406193 
d_592 d5980 0.326706 0.366468 0.306826 
d_593 d5981 0.766938 0.035230 0.197832 
d_594 d5982 0.369176 0.261649 0.369176 
d_595 d5983 0.227513 0.386243 0.386243 
d_596 d5984 0.236246 0.139159 0.624595 
d_597 d5985 0.126844 0.038348 0.834808 
d_598 d5986 0.538046 0.341058 0.120896 
d_599 d5987 0.519814 0.170163 0.310023 
d_600 d5988 0.236246 0.236246 0.527508 
d_601 d5989 0.082852 0.198459 0.718690 
d_602 d5990 0.038348 0.480826 0.480826 
d_603 d5991 0.067293 0.302034 0.630673 
d_604 d5992 0.038348 0.746313 0.215339 
d_605 d5993 0.197832 0.766938 0.035230 
d_606 d5994 0.276109 0.233190 0.490701 
d_607 d5995 0.373373 0.313313 0.313313 
d_608 d5996 0.703704 0.068783 0.227513 
d_609 d5997 0.068783 0.703704 0.227513 
d_610 d5998 0.316370 0.112807 0.570823 
d_611 d5999 0.054499 0.130545 0.814956 
d_612 d6000 0.046595 0.369176 0.584229 
d_613 d6001 0.424346 0.219568 0.356086 
d_614 d6002 0.279133 0.441734 0.279133 
d_615 d6003 0.030303 0.379953 0.589744 
d_616 d6004 0.052209 0.052209 0.895582 
d_617 d6005 0.058985 0.264746 0.676269 
d_618 d6006 0.215339 0.480826 0.303835 
d_619 d6007 0.038348 0.657817 0.303835 
d_620 d6008 0.544974 0.386243 0.068783 
d_621 d6009 0.126844 0.569322 0.303835 
d_622 d6010 0.353973 0.137255 0.508772 
d_623 d6011 0.775100 0.052209 0.172691 
d_624 d6012 0.762781 0.210634 0.026585 
d_625 d6013 0.052209 0.052209 0.895582 
d_626 d6014 0.386243 0.544974 0.068783 
d_627 d6015 0.766938 0.035230 0.197832 
d_628 d6016 0.030303 0.729604 0.240093 
d_629 d6017 0.092522 0.662864 0.244613 
d_630 d6018 0.038348 0.746313 0.215339 
d_631 d6019 0.139159 0.236246 0.624595 
d_632 d6020 0.017833 0.593964 0.388203 
d_633 d6021 0.182957 0.709273 0.107769 
d_634 d6022 0.196347 0.059361 0.744292 
d_635 d6023 0.227513 0.386243 0.386243 
d_636 d6024 0.240093 0.030303 0.729604 
d_637 d6025 0.144178 0.497268 0.358554 
d_638 d6026 0.444002 0.165117 0.390881 
d_639 d6027 0.227513 0.068783 0.703704 
d_640 d6028 0.681917 0.028322 0.289760 
d_641 d6029 0.321957 0.253697 0.424346 
d_642 d6030 0.517382 0.210634 0.271984 
d_643 d6031 0.028322 0.093682 0.877996 
d_644 d6032 0.139159 0.042071 0.818770 
d_645 d6033 0.056653 0.491436 0.451910 
d_646 d6034 0.100137 0.223594 0.676269 
d_647 d6035 0.470320 0.470320 0.059361 
d_648 d6036 0.163163 0.343343 0.493493 
d_649 d6037 0.182442 0.058985 0.758573 
d_650 d6038 0.080308 0.509351 0.410341 
d_651 d6039 0.042071 0.042071 0.915858 
d_652 d6040 0.046595 0.154122 0.799283 
d_653 d6041 0.023679 0.187614 0.788707 
d_654 d6042 0.915858 0.042071 0.042071 
d_655 d6043 0.139159 0.430421 0.430421 
d_656 d6044 0.456033 0.517382 0.026585 
d_657 d6045 0.333333 0.527508 0.139159 
d_658 d6046 0.235653 0.455433 0.308913 
d_659 d6047 0.333333 0.059361 0.607306 
d_660 d6048 0.095592 0.259039 0.645369 
d_661 d6049 0.206191 0.189608 0.604201 
d_662 d6050 0.074266 0.385147 0.540587 
d_663 d6051 0.029676 0.195307 0.775017 
d_664 d6052 0.293173 0.293173 0.413655 
d_665 d6053 0.032581 0.634085 0.333333 
d_666 d6054 0.052209 0.895582 0.052209 
d_667 d6055 0.744292 0.059361 0.196347 
d_668 d6056 0.020344 0.536776 0.442879 
d_669 d6057 0.349475 0.349475 0.301049 
d_670 d6058 0.035230 0.360434 0.604336 
d_671 d6059 0.046595 0.261649 0.691756 
d_672 d6060 0.351548 0.406193 0.242259 
d_673 d6061 0.059361 0.333333 0.607306 
d_674 d6062 0.042071 0.042071 0.915858 
d_675 d6063 0.449883 0.030303 0.519814 
d_676 d6064 0.428992 0.208241 0.362767 
d_677 d6065 0.240093 0.240093 0.519814 
d_678 d6066 0.042071 0.721683 0.236246 
d_679 d6067 0.046595 0.906810 0.046595 
d_680 d6068 0.386243 0.386243 0.227513 
d_681 d6069 0.392330 0.038348 0.569322 
d_682 d6070 0.035230 0.116531 0.848238 
d_683 d6071 0.276109 0.061516 0.662375 
d_684 d6072 0.172691 0.293173 0.534137 
d_685 d6073 0.243603 0.612496 0.143902 
d_686 d6074 0.298520 0.194082 0.507398 
d_687 d6075 0.310239 0.240955 0.448807 
d_688 d6076 0.799283 0.046595 0.154122 
d_689 d6077 0.333333 0.139159 0.527508 
d_690 d6078 0.333333 0.634085 0.032581 
d_691 d6079 0.032581 0.258145 0.709273 
d_692 d6080 0.261649 0.046595 0.691756 
d_693 d6081 0.125763 0.382173 0.492063 
d_694 d6082 0.385147 0.022453 0.592401 
d_695 d6083 0.033102 0.333333 0.633564 
d_696 d6084 0.139159 0.236246 0.624595 
d_697 d6085 0.657817 0.126844 0.215339 
d_698 d6086 0.589744 0.310023 0.100233 
d_699 d6087 0.038348 0.746313 0.215339 
d_700 d6088 0.333333 0.578732 0.087935 
d_701 d6090 0.345175 0.522795 0.132031 
d_702 d6091 0.373373 0.193193 0.433433 
d_703 d6092 0.548796 0.016477 0.434728 
d_704 d6093 0.229706 0.333333 0.436960 
d_705 d6094 0.236246 0.333333 0.430421 
d_706 d6095 0.038348 0.923304 0.038348 
d_707 d6096 0.017833 0.429355 0.552812 
d_708 d6097 0.059361 0.059361 0.881279 
d_709 d6098 0.236246 0.042071 0.721683 
d_710 d6099 0.214756 0.017128 0.768116 
d_711 d6100 0.052209 0.895582 0.052209 
d_712 d6101 0.258145 0.258145 0.483709 
d_713 d6102 0.046595 0.261649 0.691756 
d_714 d6103 0.052209 0.895582 0.052209 
d_715 d6104 0.215339 0.215339 0.569322 
d_716 d6105 0.470320 0.059361 0.470320 
d_717 d6106 0.799283 0.046595 0.154122 
d_718 d6107 0.046595 0.046595 0.906810 
d_719 d6108 0.028322 0.877996 0.093682 
d_720 d6109 0.030303 0.379953 0.589744 
d_721 d6110 0.534137 0.413655 0.052209 
d_722 d6111 0.558897 0.107769 0.333333 
d_723 d6112 0.256851 0.409815 0.333333 
d_724 d6113 0.534137 0.293173 0.172691 
d_725 d6114 0.042071 0.042071 0.915858 
d_726 d6115 0.035230 0.441734 0.523035 
d_727 d6116 0.277114 0.277114 0.445772 
d_728 d6117 0.244613 0.510773 0.244613 
d_729 d6118 0.126844 0.480826 0.392330 
d_730 d6119 0.224401 0.028322 0.747277 
d_731 d6120 0.305322 0.245298 0.449380 
d_732 d6121 0.709556 0.212942 0.077502 
d_733 d6122 0.534137 0.052209 0.413655 
d_734 d6123 0.032355 0.235515 0.732129 
d_735 d6124 0.476703 0.046595 0.476703 
d_736 d6125 0.881279 0.059361 0.059361 
d_737 d6127 0.584229 0.369176 0.046595 
d_738 d6128 0.703704 0.227513 0.068783 
d_739 d6129 0.279133 0.685637 0.035230 
d_740 d6131 0.289760 0.420479 0.289760 
d_741 d6132 0.289760 0.159041 0.551198 
d_742 d6133 0.369176 0.369176 0.261649 
d_743 d6134 0.094582 0.480257 0.425161 
d_744 d6135 0.046595 0.584229 0.369176 
d_745 d6136 0.441734 0.197832 0.360434 
d_746 d6138 0.196347 0.196347 0.607306 
d_747 d6139 0.449883 0.240093 0.310023 
d_748 d6141 0.218611 0.142129 0.639261 
d_749 d6142 0.316913 0.366174 0.316913 
d_750 d6143 0.333333 0.059361 0.607306 
d_751 d6144 0.323890 0.323890 0.352219 
d_752 d6145 0.654618 0.052209 0.293173 
d_753 d6146 0.919886 0.018598 0.061516 
d_754 d6148 0.746313 0.038348 0.215339 
d_755 d6149 0.035230 0.279133 0.685637 
d_756 d6150 0.119869 0.661741 0.218391 
d_757 d6151 0.159636 0.382961 0.457403 
d_758 d6152 0.158406 0.391642 0.449951 
d_759 d6153 0.483709 0.032581 0.483709 
d_760 d6158 0.032581 0.934837 0.032581 
d_761 d6160 0.045654 0.176986 0.777361 
d_762 d6161 0.025048 0.545279 0.429672 
d_763 d6162 0.570128 0.296903 0.132969 
d_764 d6163 0.333333 0.333333 0.333333 
d_765 d6164 0.139159 0.139159 0.721683 
d_766 d6165 0.402617 0.148576 0.448807 
d_767 d6169 0.280662 0.325809 0.393529 
d_768 d6170 0.471901 0.287144 0.240955 
d_769 d6171 0.104435 0.447783 0.447783 
d_770 d6172 0.043043 0.523524 0.433433 
d_771 d6175 0.167039 0.248945 0.584016 
d_772 d6176 0.545377 0.011026 0.443596 
d_773 d6177 0.064275 0.288490 0.647235 
d_774 d6178 0.139159 0.139159 0.721683 
d_775 d6179 0.059361 0.196347 0.744292 
d_776 d6180 0.279133 0.035230 0.685637 
d_777 d6181 0.303835 0.657817 0.038348 
d_778 d6182 0.042071 0.333333 0.624595 
d_779 d6183 0.012634 0.012634 0.974733 
d_780 d6184 0.196347 0.470320 0.333333 
d_781 d6185 0.537972 0.224193 0.237835 
d_782 d6186 0.227823 0.403673 0.368503 
d_783 d6187 0.545279 0.429672 0.025048 
d_784 d6188 0.527508 0.236246 0.236246 
d_785 d6189 0.348444 0.420973 0.230583 
d_786 d6190 0.369060 0.476242 0.154698 
d_787 d6191 0.360434 0.523035 0.116531 
d_788 d6195 0.429355 0.182442 0.388203 
d_789 d6196 0.539895 0.102471 0.357635 
d_790 d6199 0.386953 0.118856 0.494191 
d_791 d6200 0.446852 0.199174 0.353973 
d_792 d6201 0.303835 0.657817 0.038348 
d_793 d6202 0.094582 0.287420 0.617998 
d_794 d6203 0.455754 0.529206 0.015040 
d_795 d6204 0.240288 0.589207 0.170505 
d_796 d6205 0.309283 0.006253 0.684464 
d_797 d6206 0.461129 0.109691 0.429180 
d_798 d6207 0.078745 0.540557 0.380699 
d_799 d6208 0.219840 0.270282 0.509878 
d_800 d6209 0.251891 0.339151 0.408959 
d_801 d6210 0.109691 0.397231 0.493078 
d_802 d6211 0.333333 0.333333 0.333333 
d_803 d6212 0.495935 0.083177 0.420888 
d_804 d6213 0.253697 0.390216 0.356086 
d_805 d6214 0.063229 0.744629 0.192142 
d_806 d6215 0.464696 0.218391 0.316913 
d_807 d6216 0.429672 0.198459 0.371869 
d_808 d6217 0.236246 0.721683 0.042071 
d_809 d6218 0.480826 0.480826 0.038348 
d_810 d6219 0.333333 0.578732 0.087935 
d_811 d6220 0.056653 0.372859 0.570487 
d_812 d6221 0.406229 0.028496 0.565275 
d_813 d6222 0.194082 0.298520 0.507398 
d_814 d6223 0.259039 0.244180 0.496781 
d_815 d6224 0.045793 0.620873 0.333333 
d_816 d6225 0.496082 0.333333 0.170585 
d_817 d6226 0.329471 0.642333 0.028196 
d_818 d6227 0.370064 0.149679 0.480257 
d_819 d6228 0.325054 0.171055 0.503891 
d_820 d6229 0.296006 0.161627 0.542367 
d_821 d6230 0.556658 0.159636 0.283706 
d_822 d6231 0.152088 0.766745 0.081166 
d_823 d6232 0.281520 0.696028 0.022453 
d_824 d6233 0.467862 0.064275 0.467862 
d_825 d6234 0.398784 0.328658 0.272557 
d_826 d6235 0.243395 0.142215 0.614390 
d_827 d6236 0.533619 0.018598 0.447783 
d_828 d6237 0.310281 0.462425 0.227294 
d_829 d6238 0.370734 0.034128 0.595138 
d_830 d6239 0.641364 0.278328 0.080308 
d_831 d6240 0.775100 0.052209 0.172691 
d_832 d6241 0.204775 0.673095 0.122130 
d_833 d6242 0.136894 0.634131 0.228975 
d_834 d6243 0.228410 0.155771 0.615819 
d_835 d6244 0.654618 0.172691 0.172691 
d_836 d6245 0.123046 0.242398 0.634555 
d_837 d6246 0.306524 0.494191 0.199285 
d_838 d6247 0.276109 0.147353 0.576538 
d_839 d6248 0.070608 0.316913 0.612479 
d_840 d6249 0.210576 0.182247 0.607177 
d_841 d6250 0.413655 0.172691 0.413655 
d_842 d6251 0.355120 0.224401 0.420479 
d_843 d6252 0.424346 0.424346 0.151308 
d_844 d6253 0.149284 0.271984 0.578732 
d_845 d6254 0.413655 0.052209 0.534137 
d_846 d6255 0.059361 0.744292 0.196347 
d_847 d6256 0.412810 0.062179 0.525012 
d_848 d6257 0.923304 0.038348 0.038348 
d_849 d6258 0.505218 0.339472 0.155310 
d_850 d6259 0.119869 0.760263 0.119869 
d_851 d6260 0.254251 0.313563 0.432187 
d_852 d6261 0.485839 0.289760 0.224401 
d_853 d6262 0.333333 0.556658 0.110008 
d_854 d6263 0.218391 0.513957 0.267652 
d_855 d6264 0.176059 0.176059 0.647881 
d_856 d6265 0.238905 0.012276 0.748820 
d_857 d6266 0.015873 0.052503 0.931624 
d_858 d6267 0.133195 0.485162 0.381643 
d_859 d6268 0.028322 0.289760 0.681917 
d_860 d6269 0.474866 0.094192 0.430942 
d_861 d6270 0.624772 0.351548 0.023679 
d_862 d6271 0.173589 0.333333 0.493078 
d_863 d6272 0.589744 0.379953 0.030303 
d_864 d6273 0.243647 0.064275 0.692078 
d_865 d6274 0.133195 0.712905 0.153899 
d_866 d6275 0.440572 0.279714 0.279714 
d_867 d6276 0.425161 0.204775 0.370064 
d_868 d6277 0.169130 0.267652 0.563218 
d_869 d6278 0.198459 0.314066 0.487476 
d_870 d6279 0.154122 0.046595 0.799283 
d_871 d6280 0.245325 0.608361 0.146315 
d_872 d6281 0.308519 0.581472 0.110008 
d_873 d6282 0.059361 0.059361 0.881279 
d_874 d6283 0.370064 0.562902 0.067034 
d_875 d6284 0.525734 0.164983 0.309283 
d_876 d6285 0.571075 0.259039 0.169886 
d_877 d6286 0.351417 0.351417 0.297167 
d_878 d6287 0.052209 0.052209 0.895582 
d_879 d6288 0.603083 0.025048 0.371869 
d_880 d6289 0.485839 0.093682 0.420479 
d_881 d6290 0.267652 0.711002 0.021346 
d_882 d6291 0.008615 0.485752 0.505633 
d_883 d6292 0.078324 0.351548 0.570128 
d_884 d6293 0.534137 0.172691 0.293173 
d_885 d6294 0.109118 0.512706 0.378176 
d_886 d6295 0.369176 0.584229 0.046595 
d_887 d6296 0.399286 0.358065 0.242649 
d_888 d6297 0.290137 0.549316 0.160547 
d_889 d6298 0.434753 0.211629 0.353617 
d_890 d6299 0.075335 0.106295 0.818369 
d_891 d6300 0.229230 0.351704 0.419065 
d_892 d6301 0.552045 0.211827 0.236128 
d_893 d6302 0.132969 0.242259 0.624772 
d_894 d6303 0.023679 0.187614 0.788707 
d_895 d6304 0.799283 0.046595 0.154122 
d_896 d6305 0.042071 0.139159 0.818770 
d_897 d6306 0.428859 0.217697 0.353444 
d_898 d6307 0.223223 0.403403 0.373373 
d_899 d6308 0.092046 0.547811 0.360143 
d_900 d6309 0.434728 0.206591 0.358682 
d_901 d6310 0.212321 0.344334 0.443344 
d_902 d6311 0.358682 0.092522 0.548796 
d_903 d6312 0.513957 0.119869 0.366174 
d_904 d6313 0.305694 0.239359 0.454947 
d_905 d6314 0.100233 0.729604 0.170163 
d_906 d6315 0.440342 0.215623 0.344034 
d_907 d6316 0.634085 0.107769 0.258145 
d_908 d6317 0.368669 0.085984 0.545347 
d_909 d6318 0.333333 0.394683 0.271984 
d_910 d6319 0.093682 0.551198 0.355120 
d_911 d6320 0.347051 0.593964 0.058985 
d_912 d6321 0.303148 0.329021 0.367831 
d_913 d6322 0.366174 0.267652 0.366174 
d_914 d6323 0.261649 0.476703 0.261649 
d_915 d6324 0.172438 0.308849 0.518713 
d_916 d6325 0.509351 0.080308 0.410341 
d_917 d6326 0.047433 0.437297 0.515270 
d_918 d6327 0.607306 0.333333 0.059361 
d_919 d6328 0.476703 0.476703 0.046595 
d_920 d6329 0.317573 0.175729 0.506698 
d_921 d6330 0.052209 0.293173 0.654618 
d_922 d6331 0.703704 0.068783 0.227513 
d_923 d6332 0.974733 0.012634 0.012634 
d_924 d6333 0.275408 0.385993 0.338599 
d_925 d6334 0.155771 0.204197 0.640032 
d_926 d6335 0.052209 0.654618 0.293173 
d_927 d6336 0.391642 0.187561 0.420797 
d_928 d6337 0.923304 0.038348 0.038348 
d_929 d6338 0.196347 0.744292 0.059361 
d_930 d6339 0.517382 0.394683 0.087935 
d_931 d6340 0.180370 0.543658 0.275972 
d_932 d6341 0.247726 0.327983 0.424291 
d_933 d6342 0.182442 0.470508 0.347051 
d_934 d6343 0.408521 0.258145 0.333333 
d_935 d6344 0.569322 0.392330 0.038348 
d_936 d6345 0.052209 0.654618 0.293173 
d_937 d6346 0.015312 0.898704 0.085984 
d_938 d6347 0.026585 0.701431 0.271984 
d_939 d6348 0.308913 0.418803 0.272283 
d_940 d6349 0.949904 0.025048 0.025048 
d_941 d6350 0.447783 0.104435 0.447783 
d_942 d6351 0.396705 0.548796 0.054499 
d_943 d6352 0.614693 0.098867 0.286440 
d_944 d6353 0.379953 0.519814 0.100233 
d_945 d6354 0.251563 0.569024 0.179413 
d_946 d6355 0.147353 0.319027 0.533619 
d_947 d6356 0.333333 0.333333 0.333333 
d_948 d6357 0.570128 0.296903 0.132969 
d_949 d6358 0.919886 0.018598 0.061516 
d_950 d6359 0.233190 0.533619 0.233190 
d_951 d6360 0.369176 0.584229 0.046595 
d_952 d6361 0.744292 0.196347 0.059361 
d_953 d6362 0.527508 0.236246 0.236246 
d_954 d6363 0.406193 0.187614 0.406193 
d_955 d6364 0.862434 0.068783 0.068783 
d_956 d6365 0.406193 0.296903 0.296903 
d_957 d6366 0.218391 0.563218 0.218391 
d_958 d6367 0.240093 0.310023 0.449883 
d_959 d6368 0.616558 0.289760 0.093682 
d_960 d6369 0.634085 0.032581 0.333333 
d_961 d6370 0.279133 0.360434 0.360434 
d_962 d6371 0.578732 0.210634 0.210634 
d_963 d6372 0.139159 0.721683 0.139159 
d_964 d6373 0.784461 0.032581 0.182957 
d_965 d6374 0.441734 0.279133 0.279133 
d_966 d6375 0.413655 0.172691 0.413655 
d_967 d6376 0.523035 0.035230 0.441734 
d_968 d6377 0.558897 0.107769 0.333333 
d_969 d6378 0.052209 0.895582 0.052209 
d_970 d6379 0.064275 0.736921 0.198804 
d_971 d6380 0.052209 0.775100 0.172691 
d_972 d6381 0.046595 0.046595 0.906810 
d_973 d6382 0.934837 0.032581 0.032581 
d_974 d6383 0.744292 0.059361 0.196347 
d_975 d6384 0.137255 0.477812 0.384933 
d_976 d6385 0.258089 0.506396 0.235515 
d_977 d6386 0.038348 0.923304 0.038348 
d_978 d6387 0.035230 0.035230 0.929539 
d_979 d6388 0.064275 0.557549 0.378176 
d_980 d6389 0.859649 0.032581 0.107769 
d_981 d6390 0.333333 0.059361 0.607306 
d_982 d6391 0.638584 0.089133 0.272283 
d_983 d6392 0.182957 0.784461 0.032581 
d_984 d6393 0.215339 0.215339 0.569322 
d_985 d6394 0.279133 0.685637 0.035230 
d_986 d6395 0.607306 0.059361 0.333333 
d_987 d6396 0.126844 0.657817 0.215339 
d_988 d6397 0.746313 0.038348 0.215339 
d_989 d6398 0.258145 0.709273 0.032581 
d_990 d6399 0.881279 0.059361 0.059361 
d_991 d6400 0.042071 0.527508 0.430421 
d_992 d6401 0.513957 0.070608 0.415435 
d_993 d6402 0.862434 0.068783 0.068783 
d_994 d6403 0.386243 0.386243 0.227513 
d_995 d6404 0.412385 0.017128 0.570487 
d_996 d6405 0.154122 0.369176 0.476703 
d_997 d6406 0.052209 0.052209 0.895582 
d_998 d6407 0.042071 0.915858 0.042071 
d_999 d6408 0.132969 0.515483 0.351548 
d_1000 d6409 0.967047 0.016477 0.016477 
d_1001 d6410 0.258145 0.709273 0.032581 
