d_0 d1548 0.557549 0.064275 0.378176 
d_1 d1561 0.059361 0.059361 0.881279 
d_2 d1563 0.406193 0.515483 0.078324 
d_3 d1569 0.429355 0.305898 0.264746 
d_4 d1571 0.420479 0.224401 0.355120 
d_5 d1572 0.087362 0.494487 0.418151 
d_6 d1574 0.302229 0.395542 0.302229 
d_7 d1575 0.569322 0.038348 0.392330 
d_8 d1576 0.343343 0.253253 0.403403 
d_9 d1578 0.438676 0.100075 0.461249 
d_10 d1580 0.261649 0.046595 0.691756 
d_11 d1582 0.210634 0.087935 0.701431 
d_12 d1583 0.523035 0.035230 0.441734 
d_13 d1587 0.410341 0.245325 0.344334 
d_14 d1590 0.659674 0.170163 0.170163 
d_15 d1591 0.558897 0.182957 0.258145 
d_16 d1592 0.018598 0.490701 0.490701 
d_17 d1593 0.126844 0.126844 0.746313 
d_18 d1594 0.243647 0.378176 0.378176 
d_19 d1595 0.289760 0.028322 0.681917 
d_20 d1596 0.129727 0.496219 0.374055 
d_21 d1597 0.369176 0.476703 0.154122 
d_22 d1598 0.373688 0.228410 0.397902 
d_23 d1599 0.415893 0.168215 0.415893 
d_24 d1600 0.216456 0.595138 0.188406 
d_25 d1601 0.038348 0.657817 0.303835 
d_26 d1602 0.333333 0.436960 0.229706 
d_27 d1604 0.023679 0.515483 0.460838 
d_28 d1605 0.296903 0.187614 0.515483 
d_29 d1606 0.254282 0.451910 0.293808 
d_30 d1607 0.089643 0.376849 0.533507 
d_31 d1608 0.333333 0.254282 0.412385 
d_32 d1611 0.172691 0.052209 0.775100 
d_33 d1612 0.306826 0.485752 0.207422 
d_34 d1613 0.303236 0.551543 0.145222 
d_35 d1614 0.545377 0.061917 0.392706 
d_36 d1615 0.255086 0.395931 0.348983 
d_37 d1616 0.286945 0.426110 0.286945 
d_38 d1617 0.316026 0.617169 0.066805 
d_39 d1618 0.289760 0.551198 0.159041 
d_40 d1619 0.729695 0.203379 0.066927 
d_41 d1620 0.491436 0.333333 0.175231 
d_42 d1621 0.659674 0.240093 0.100233 
d_43 d1622 0.659674 0.030303 0.310023 
d_44 d1623 0.196347 0.744292 0.059361 
d_45 d1624 0.355120 0.551198 0.093682 
d_46 d1625 0.527508 0.042071 0.430421 
d_47 d1626 0.490701 0.319027 0.190272 
d_48 d1627 0.333333 0.177893 0.488774 
d_49 d1628 0.542354 0.278328 0.179318 
d_50 d1629 0.297998 0.686690 0.015312 
d_51 d1630 0.483709 0.258145 0.258145 
d_52 d1631 0.409601 0.382683 0.207716 
d_53 d1632 0.100775 0.100775 0.798450 
d_54 d1633 0.291889 0.416223 0.291889 
d_55 d1634 0.026585 0.087935 0.885481 
d_56 d1635 0.242259 0.242259 0.515483 
d_57 d1636 0.182957 0.558897 0.258145 
d_58 d1637 0.089133 0.894994 0.015873 
d_59 d1638 0.175231 0.412385 0.412385 
d_60 d1639 0.490701 0.018598 0.490701 
d_61 d1640 0.279133 0.523035 0.197832 
d_62 d1641 0.676269 0.182442 0.141289 
d_63 d1642 0.054499 0.586819 0.358682 
d_64 d1643 0.182247 0.493862 0.323890 
d_65 d1644 0.032581 0.483709 0.483709 
d_66 d1645 0.429355 0.100137 0.470508 
d_67 d1646 0.511660 0.264746 0.223594 
d_68 d1647 0.151308 0.287827 0.560865 
d_69 d1648 0.385147 0.281520 0.333333 
d_70 d1649 0.117351 0.246940 0.635709 
d_71 d1650 0.424346 0.424346 0.151308 
d_72 d1651 0.333333 0.153961 0.512706 
d_73 d1652 0.569322 0.392330 0.038348 
d_74 d1653 0.074266 0.747841 0.177893 
d_75 d1654 0.289556 0.439650 0.270794 
d_76 d1655 0.256262 0.371869 0.371869 
d_77 d1656 0.046595 0.476703 0.476703 
d_78 d1657 0.333333 0.430421 0.236246 
d_79 d1658 0.199535 0.618383 0.182083 
d_80 d1659 0.236246 0.430421 0.333333 
d_81 d1660 0.607306 0.333333 0.059361 
d_82 d1661 0.208138 0.442879 0.348983 
d_83 d1662 0.345543 0.162393 0.492063 
d_84 d1663 0.229706 0.436960 0.333333 
d_85 d1664 0.477812 0.261094 0.261094 
d_86 d1665 0.619456 0.319027 0.061516 
d_87 d1666 0.533619 0.018598 0.447783 
d_88 d1667 0.488774 0.022453 0.488774 
d_89 d1668 0.369176 0.476703 0.154122 
d_90 d1669 0.380548 0.097262 0.522191 
d_91 d1670 0.270440 0.081761 0.647799 
d_92 d1671 0.488774 0.385147 0.126079 
d_93 d1672 0.551198 0.420479 0.028322 
d_94 d1673 0.420479 0.355120 0.224401 
d_95 d1674 0.485839 0.420479 0.093682 
d_96 d1675 0.446328 0.252623 0.301049 
d_97 d1676 0.013845 0.493078 0.493078 
d_98 d1677 0.080308 0.146315 0.773377 
d_99 d1678 0.035230 0.604336 0.360434 
d_100 d1679 0.059361 0.881279 0.059361 
d_101 d1680 0.244613 0.054499 0.700887 
d_102 d1681 0.654033 0.041788 0.304179 
d_103 d1682 0.431213 0.529092 0.039695 
d_104 d1683 0.212321 0.542354 0.245325 
d_105 d1684 0.149284 0.824131 0.026585 
d_106 d1685 0.087935 0.640082 0.271984 
d_107 d1686 0.276109 0.233190 0.490701 
d_108 d1687 0.254282 0.293808 0.451910 
d_109 d1688 0.240093 0.310023 0.449883 
d_110 d1689 0.541870 0.219290 0.238840 
d_111 d1690 0.333333 0.042071 0.624595 
d_112 d1691 0.361946 0.533619 0.104435 
d_113 d1692 0.310023 0.379953 0.310023 
d_114 d1693 0.413655 0.052209 0.534137 
d_115 d1694 0.035230 0.929539 0.035230 
d_116 d1695 0.343343 0.253253 0.403403 
d_117 d1696 0.576538 0.404864 0.018598 
d_118 d1697 0.058985 0.017833 0.923182 
d_119 d1698 0.582350 0.097422 0.320227 
d_120 d1699 0.376008 0.390232 0.233760 
d_121 d1700 0.395931 0.395931 0.208138 
d_122 d1701 0.109118 0.243647 0.647235 
d_123 d1702 0.460838 0.187614 0.351548 
d_124 d1703 0.038348 0.923304 0.038348 
d_125 d1704 0.559617 0.194082 0.246301 
d_126 d1705 0.696028 0.229706 0.074266 
d_127 d1706 0.413655 0.052209 0.534137 
d_128 d1707 0.515483 0.406193 0.078324 
d_129 d1708 0.540587 0.385147 0.074266 
d_130 d1709 0.278328 0.344334 0.377338 
d_131 d1710 0.083132 0.567393 0.349475 
d_132 d1711 0.126079 0.333333 0.540587 
d_133 d1712 0.037264 0.481368 0.481368 
d_134 d1713 0.296903 0.296903 0.406193 
d_135 d1714 0.413655 0.534137 0.052209 
d_136 d1715 0.456933 0.445346 0.097721 
d_137 d1716 0.551198 0.420479 0.028322 
d_138 d1717 0.311200 0.616645 0.072156 
d_139 d1718 0.371869 0.371869 0.256262 
d_140 d1719 0.343343 0.103103 0.553554 
d_141 d1720 0.785311 0.155771 0.058918 
d_142 d1721 0.258089 0.664409 0.077502 
d_143 d1722 0.552812 0.017833 0.429355 
d_144 d1723 0.763045 0.118478 0.118478 
d_145 d1724 0.092522 0.358682 0.548796 
d_146 d1725 0.314213 0.390695 0.295092 
d_147 d1726 0.320659 0.282636 0.396705 
d_148 d1727 0.578732 0.333333 0.087935 
d_149 d1728 0.116531 0.523035 0.360434 
d_150 d1729 0.218391 0.464696 0.316913 
d_151 d1730 0.195307 0.712905 0.091787 
d_152 d1731 0.169130 0.809524 0.021346 
d_153 d1732 0.333333 0.017128 0.649539 
d_154 d1733 0.022453 0.747841 0.229706 
d_155 d1734 0.056653 0.293808 0.649539 
d_156 d1735 0.456033 0.026585 0.517382 
d_157 d1736 0.436960 0.540587 0.022453 
d_158 d1737 0.379953 0.379953 0.240093 
d_159 d1738 0.126079 0.281520 0.592401 
d_160 d1739 0.052209 0.172691 0.775100 
d_161 d1740 0.320659 0.624842 0.054499 
d_162 d1741 0.517382 0.026585 0.456033 
d_163 d1742 0.296903 0.570128 0.132969 
d_164 d1743 0.055906 0.572930 0.371164 
d_165 d1744 0.052209 0.293173 0.654618 
d_166 d1745 0.449883 0.030303 0.519814 
d_167 d1746 0.106295 0.323013 0.570691 
d_168 d1747 0.044416 0.497197 0.458387 
d_169 d1748 0.659674 0.310023 0.030303 
d_170 d1749 0.647799 0.270440 0.081761 
d_171 d1750 0.052209 0.052209 0.895582 
d_172 d1751 0.163698 0.469042 0.367260 
d_173 d1752 0.081761 0.081761 0.836478 
d_174 d1753 0.052209 0.052209 0.895582 
d_175 d1754 0.456033 0.271984 0.271984 
d_176 d1755 0.242259 0.296903 0.460838 
d_177 d1756 0.442879 0.255086 0.302034 
d_178 d1757 0.556457 0.110210 0.333333 
d_179 d1758 0.548796 0.434728 0.016477 
d_180 d1759 0.126844 0.480826 0.392330 
d_181 d1760 0.279133 0.685637 0.035230 
d_182 d1761 0.456004 0.279075 0.264921 
d_183 d1762 0.046595 0.154122 0.799283 
d_184 d1763 0.512706 0.378176 0.109118 
d_185 d1764 0.258892 0.060380 0.680728 
d_186 d1765 0.139159 0.333333 0.527508 
d_187 d1766 0.288490 0.602392 0.109118 
d_188 d1767 0.672183 0.152088 0.175729 
d_189 d1768 0.078324 0.460838 0.460838 
d_190 d1769 0.415435 0.366174 0.218391 
d_191 d1770 0.528694 0.345543 0.125763 
d_192 d1771 0.584229 0.369176 0.046595 
d_193 d1772 0.568415 0.261001 0.170585 
d_194 d1773 0.483709 0.333333 0.182957 
d_195 d1774 0.078324 0.132969 0.788707 
d_196 d1775 0.068783 0.227513 0.703704 
d_197 d1776 0.132969 0.515483 0.351548 
d_198 d1777 0.589744 0.379953 0.030303 
d_199 d1778 0.154122 0.046595 0.799283 
d_200 d1779 0.308913 0.675214 0.015873 
d_201 d1780 0.409601 0.275011 0.315388 
d_202 d1781 0.366174 0.119869 0.513957 
d_203 d1782 0.472915 0.522765 0.004320 
d_204 d1783 0.408521 0.408521 0.182957 
d_205 d1784 0.333333 0.640082 0.026585 
d_206 d1785 0.185438 0.663254 0.151308 
d_207 d1786 0.227326 0.686690 0.085984 
d_208 d1787 0.168568 0.586819 0.244613 
d_209 d1788 0.525027 0.141640 0.333333 
d_210 d1789 0.489828 0.255086 0.255086 
d_211 d1790 0.392706 0.469042 0.138253 
d_212 d1791 0.240093 0.729604 0.030303 
d_213 d1792 0.169130 0.563218 0.267652 
d_214 d1793 0.603083 0.371869 0.025048 
d_215 d1794 0.487476 0.487476 0.025048 
d_216 d1795 0.355120 0.289760 0.355120 
d_217 d1796 0.380548 0.295562 0.323890 
d_218 d1797 0.677621 0.302034 0.020344 
d_219 d1798 0.333333 0.459916 0.206751 
d_220 d1799 0.619456 0.233190 0.147353 
d_221 d1800 0.343343 0.343343 0.313313 
d_222 d1801 0.232035 0.478949 0.289016 
d_223 d1802 0.094582 0.480257 0.425161 
d_224 d1803 0.068783 0.068783 0.862434 
d_225 d1804 0.333333 0.139159 0.527508 
d_226 d1805 0.310023 0.379953 0.310023 
d_227 d1806 0.247714 0.352792 0.399494 
d_228 d1807 0.692078 0.109118 0.198804 
d_229 d1808 0.432907 0.233760 0.333333 
d_230 d1809 0.182247 0.153919 0.663834 
d_231 d1810 0.592401 0.385147 0.022453 
d_232 d1811 0.659674 0.240093 0.100233 
d_233 d1812 0.361946 0.447783 0.190272 
d_234 d1813 0.355120 0.485839 0.159041 
d_235 d1814 0.089133 0.235653 0.675214 
d_236 d1815 0.483709 0.483709 0.032581 
d_237 d1816 0.377338 0.278328 0.344334 
d_238 d1817 0.154122 0.476703 0.369176 
d_239 d1818 0.278328 0.344334 0.377338 
d_240 d1819 0.882163 0.058918 0.058918 
d_241 d1820 0.592401 0.177893 0.229706 
d_242 d1821 0.355120 0.485839 0.159041 
d_243 d1822 0.360939 0.278123 0.360939 
d_244 d1823 0.939394 0.030303 0.030303 
d_245 d1824 0.151308 0.219568 0.629124 
d_246 d1825 0.276109 0.404864 0.319027 
d_247 d1826 0.134822 0.358147 0.507031 
d_248 d1827 0.415893 0.075335 0.508772 
d_249 d1828 0.182247 0.550519 0.267233 
d_250 d1829 0.233190 0.233190 0.533619 
d_251 d1830 0.191991 0.297998 0.510012 
d_252 d1831 0.167661 0.326706 0.505633 
d_253 d1832 0.147353 0.447783 0.404864 
d_254 d1833 0.233190 0.276109 0.490701 
d_255 d1834 0.259039 0.348192 0.392769 
d_256 d1835 0.189608 0.554450 0.255943 
d_257 d1836 0.647235 0.064275 0.288490 
d_258 d1837 0.365282 0.429180 0.205538 
d_259 d1838 0.396142 0.382683 0.221175 
d_260 d1839 0.321957 0.390216 0.287827 
d_261 d1840 0.744292 0.059361 0.196347 
d_262 d1841 0.125590 0.578848 0.295562 
d_263 d1842 0.443344 0.146315 0.410341 
d_264 d1843 0.158406 0.595724 0.245870 
d_265 d1844 0.035230 0.197832 0.766938 
d_266 d1845 0.371869 0.545279 0.082852 
d_267 d1846 0.453136 0.389711 0.157153 
d_268 d1847 0.404864 0.490701 0.104435 
d_269 d1848 0.662375 0.147353 0.190272 
d_270 d1849 0.684771 0.237487 0.077742 
d_271 d1850 0.199023 0.308913 0.492063 
d_272 d1851 0.054929 0.596689 0.348382 
d_273 d1852 0.323013 0.477812 0.199174 
d_274 d1853 0.327079 0.458412 0.214509 
d_275 d1854 0.565324 0.382173 0.052503 
d_276 d1855 0.362488 0.187561 0.449951 
d_277 d1856 0.586819 0.396705 0.016477 
d_278 d1857 0.308913 0.235653 0.455433 
d_279 d1858 0.558897 0.032581 0.408521 
d_280 d1859 0.578732 0.026585 0.394683 
d_281 d1860 0.227513 0.227513 0.544974 
d_282 d1861 0.745318 0.055110 0.199572 
d_283 d1862 0.429672 0.371869 0.198459 
d_284 d1863 0.234439 0.618383 0.147179 
d_285 d1864 0.351548 0.624772 0.023679 
d_286 d1865 0.017833 0.593964 0.388203 
d_287 d1866 0.660886 0.025048 0.314066 
d_288 d1867 0.103103 0.733734 0.163163 
d_289 d1868 0.023679 0.624772 0.351548 
d_290 d1869 0.570487 0.017128 0.412385 
d_291 d1870 0.397612 0.314968 0.287420 
d_292 d1871 0.575358 0.080308 0.344334 
d_293 d1872 0.199285 0.333333 0.467382 
d_294 d1873 0.163698 0.367260 0.469042 
d_295 d1874 0.264746 0.141289 0.593964 
d_296 d1875 0.413655 0.534137 0.052209 
d_297 d1876 0.413762 0.386953 0.199285 
d_298 d1877 0.025048 0.603083 0.371869 
d_299 d1878 0.433433 0.433433 0.133133 
d_300 d1879 0.052209 0.172691 0.775100 
d_301 d1880 0.046595 0.476703 0.476703 
d_302 d1881 0.187561 0.158406 0.654033 
d_303 d1882 0.248279 0.430539 0.321183 
d_304 d1883 0.394683 0.149284 0.456033 
d_305 d1884 0.253697 0.356086 0.390216 
d_306 d1885 0.347051 0.264746 0.388203 
d_307 d1886 0.355120 0.355120 0.289760 
d_308 d1887 0.348382 0.212942 0.438676 
d_309 d1888 0.237731 0.753983 0.008286 
d_310 d1889 0.042071 0.624595 0.333333 
d_311 d1890 0.258145 0.483709 0.258145 
d_312 d1891 0.862434 0.068783 0.068783 
d_313 d1892 0.254282 0.491436 0.254282 
d_314 d1893 0.720491 0.068933 0.210576 
d_315 d1894 0.607306 0.059361 0.333333 
d_316 d1895 0.333333 0.512706 0.153961 
d_317 d1896 0.203744 0.527718 0.268539 
d_318 d1897 0.484260 0.225528 0.290211 
d_319 d1898 0.199490 0.371574 0.428936 
d_320 d1899 0.408521 0.032581 0.558897 
d_321 d1900 0.314066 0.314066 0.371869 
d_322 d1901 0.372859 0.333333 0.293808 
d_323 d1902 0.070608 0.563218 0.366174 
d_324 d1903 0.406193 0.351548 0.242259 
d_325 d1904 0.523035 0.035230 0.441734 
d_326 d1905 0.385147 0.074266 0.540587 
d_327 d1906 0.075791 0.649742 0.274467 
d_328 d1907 0.452709 0.314968 0.232323 
d_329 d1908 0.479106 0.449951 0.070943 
d_330 d1909 0.425161 0.204775 0.370064 
d_331 d1910 0.717421 0.141289 0.141289 
d_332 d1911 0.533619 0.447783 0.018598 
d_333 d1912 0.566569 0.245870 0.187561 
d_334 d1913 0.624879 0.187561 0.187561 
d_335 d1914 0.382173 0.162393 0.455433 
d_336 d1915 0.588566 0.389484 0.021950 
d_337 d1916 0.154122 0.046595 0.799283 
d_338 d1917 0.624842 0.130545 0.244613 
d_339 d1918 0.355120 0.289760 0.355120 
d_340 d1919 0.641364 0.113311 0.245325 
d_341 d1920 0.472750 0.092522 0.434728 
d_342 d1921 0.074266 0.488774 0.436960 
d_343 d1922 0.470508 0.264746 0.264746 
d_344 d1923 0.423019 0.109118 0.467862 
d_345 d1924 0.834297 0.025048 0.140655 
d_346 d1925 0.082852 0.603083 0.314066 
d_347 d1926 0.032581 0.558897 0.408521 
d_348 d1927 0.295880 0.327983 0.376137 
d_349 d1928 0.242259 0.515483 0.242259 
d_350 d1929 0.557241 0.210545 0.232214 
d_351 d1930 0.574093 0.421499 0.004408 
d_352 d1931 0.685637 0.116531 0.197832 
d_353 d1932 0.423019 0.423019 0.153961 
d_354 d1933 0.681859 0.065237 0.252904 
d_355 d1934 0.215339 0.392330 0.392330 
d_356 d1935 0.565324 0.272283 0.162393 
d_357 d1936 0.496961 0.244507 0.258532 
d_358 d1937 0.364854 0.293932 0.341214 
d_359 d1938 0.620140 0.123008 0.256851 
d_360 d1939 0.683188 0.100097 0.216715 
d_361 d1940 0.179318 0.080308 0.740374 
d_362 d1941 0.303835 0.038348 0.657817 
d_363 d1942 0.534137 0.172691 0.293173 
d_364 d1943 0.413655 0.172691 0.413655 
d_365 d1944 0.342516 0.259871 0.397612 
d_366 d1945 0.515483 0.351548 0.132969 
d_367 d1946 0.068783 0.862434 0.068783 
d_368 d1947 0.215339 0.746313 0.038348 
d_369 d1948 0.700887 0.092522 0.206591 
d_370 d1949 0.182957 0.709273 0.107769 
d_371 d1950 0.356086 0.390216 0.253697 
d_372 d1951 0.284223 0.100061 0.615715 
d_373 d1952 0.256262 0.660886 0.082852 
d_374 d1953 0.149284 0.578732 0.271984 
d_375 d1954 0.196347 0.333333 0.470320 
d_376 d1955 0.083049 0.663254 0.253697 
d_377 d1956 0.305898 0.676269 0.017833 
d_378 d1957 0.747841 0.074266 0.177893 
d_379 d1958 0.082852 0.140655 0.776493 
d_380 d1959 0.429069 0.350740 0.220191 
d_381 d1960 0.333333 0.470320 0.196347 
d_382 d1961 0.015312 0.191991 0.792697 
d_383 d1962 0.235515 0.348382 0.416102 
d_384 d1963 0.551198 0.159041 0.289760 
d_385 d1964 0.210634 0.026585 0.762781 
d_386 d1965 0.025048 0.718690 0.256262 
d_387 d1966 0.396705 0.244613 0.358682 
d_388 d1967 0.449883 0.100233 0.449883 
d_389 d1968 0.039486 0.149679 0.810836 
d_390 d1969 0.601954 0.308913 0.089133 
d_391 d5349 0.392396 0.337025 0.270580 
d_392 d5351 0.281520 0.540587 0.177893 
d_393 d5353 0.258892 0.234078 0.507031 
d_394 d5354 0.461129 0.141640 0.397231 
d_395 d5356 0.139159 0.139159 0.721683 
d_396 d5360 0.281875 0.161807 0.556318 
d_397 d5362 0.518091 0.402617 0.079292 
d_398 d5363 0.526735 0.253697 0.219568 
d_399 d5364 0.640747 0.044002 0.315250 
d_400 d5367 0.592401 0.385147 0.022453 
d_401 d5368 0.183265 0.401546 0.415189 
d_402 d5369 0.358682 0.434728 0.206591 
d_403 d5370 0.569322 0.215339 0.215339 
d_404 d5371 0.760263 0.070608 0.169130 
d_405 d5372 0.014301 0.377338 0.608361 
d_406 d5373 0.377338 0.542354 0.080308 
d_407 d5374 0.212321 0.443344 0.344334 
d_408 d5375 0.172691 0.052209 0.775100 
d_409 d5376 0.132969 0.242259 0.624772 
d_410 d5378 0.429355 0.141289 0.429355 
d_411 d5379 0.721683 0.042071 0.236246 
d_412 d5380 0.818770 0.139159 0.042071 
d_413 d5381 0.540587 0.022453 0.436960 
d_414 d5382 0.581472 0.035567 0.382961 
d_415 d5383 0.534137 0.172691 0.293173 
d_416 d5384 0.212321 0.509351 0.278328 
d_417 d5385 0.093682 0.355120 0.551198 
d_418 d5387 0.600792 0.348192 0.051015 
d_419 d5388 0.536776 0.442879 0.020344 
d_420 d5389 0.436960 0.385147 0.177893 
d_421 d5390 0.569322 0.126844 0.303835 
d_422 d5391 0.679417 0.187614 0.132969 
d_423 d5392 0.607306 0.059361 0.333333 
d_424 d5394 0.242259 0.078324 0.679417 
d_425 d5395 0.237487 0.493078 0.269436 
d_426 d5396 0.906810 0.046595 0.046595 
d_427 d5398 0.527508 0.236246 0.236246 
d_428 d5399 0.705293 0.276109 0.018598 
d_429 d5400 0.196347 0.744292 0.059361 
d_430 d5401 0.607306 0.059361 0.333333 
d_431 d5402 0.052209 0.052209 0.895582 
d_432 d5403 0.430421 0.430421 0.139159 
d_433 d5404 0.333333 0.385147 0.281520 
d_434 d5405 0.061516 0.533619 0.404864 
d_435 d5406 0.405276 0.168893 0.425831 
d_436 d5407 0.369176 0.046595 0.584229 
d_437 d5408 0.485162 0.298827 0.216011 
d_438 d5409 0.182442 0.470508 0.347051 
d_439 d5410 0.167661 0.286945 0.545394 
d_440 d5412 0.156655 0.297998 0.545347 
d_441 d5413 0.392330 0.480826 0.126844 
d_442 d5414 0.314066 0.256262 0.429672 
d_443 d5415 0.344334 0.311331 0.344334 
d_444 d5416 0.388743 0.301254 0.310003 
d_445 d5417 0.305898 0.058985 0.635117 
d_446 d5418 0.476703 0.154122 0.369176 
d_447 d5419 0.371869 0.198459 0.429672 
d_448 d5420 0.021346 0.513957 0.464696 
d_449 d5421 0.470320 0.470320 0.059361 
d_450 d5423 0.333333 0.059361 0.607306 
d_451 d5424 0.413655 0.172691 0.413655 
d_452 d5425 0.812636 0.028322 0.159041 
d_453 d5426 0.303835 0.569322 0.126844 
d_454 d5427 0.199572 0.392188 0.408240 
d_455 d5428 0.436960 0.333333 0.229706 
d_456 d5429 0.179984 0.155771 0.664245 
d_457 d5430 0.360434 0.279133 0.360434 
d_458 d5431 0.449883 0.519814 0.030303 
d_459 d5432 0.746313 0.215339 0.038348 
d_460 d5433 0.214756 0.254282 0.530962 
d_461 d5452 0.152088 0.388495 0.459417 
d_462 d5459 0.247570 0.264723 0.487707 
d_463 d5462 0.319531 0.464458 0.216011 
d_464 d5472 0.283706 0.432589 0.283706 
d_465 d5473 0.100137 0.305898 0.593964 
d_466 d5475 0.519932 0.163698 0.316370 
d_467 d5478 0.607306 0.059361 0.333333 
d_468 d5479 0.161807 0.230417 0.607776 
d_469 d5480 0.139159 0.139159 0.721683 
d_470 d5481 0.107769 0.483709 0.408521 
d_471 d5484 0.280662 0.348382 0.370956 
d_472 d5485 0.441734 0.523035 0.035230 
d_473 d5486 0.384933 0.508772 0.106295 
d_474 d5487 0.382961 0.085194 0.531844 
d_475 d5489 0.415435 0.070608 0.513957 
d_476 d5490 0.416301 0.474866 0.108834 
d_477 d5492 0.020344 0.161189 0.818466 
d_478 d5494 0.210634 0.578732 0.210634 
d_479 d5496 0.679754 0.310239 0.010008 
d_480 d5497 0.747277 0.224401 0.028322 
d_481 d5498 0.370064 0.507805 0.122130 
d_482 d5549 0.362034 0.300533 0.337433 
d_483 d5751 0.365606 0.088981 0.545413 
d_484 d5753 0.279133 0.035230 0.685637 
d_485 d5787 0.022453 0.540587 0.436960 
d_486 d5790 0.212942 0.551543 0.235515 
d_487 d5792 0.709273 0.258145 0.032581 
d_488 d5799 0.352219 0.210576 0.437205 
d_489 d5808 0.236246 0.042071 0.721683 
d_490 d5818 0.182957 0.258145 0.558897 
d_491 d5820 0.085194 0.159636 0.755170 
d_492 d5824 0.525514 0.366468 0.108019 
d_493 d5827 0.788707 0.078324 0.132969 
d_494 d5829 0.140655 0.140655 0.718690 
d_495 d5843 0.228975 0.431553 0.339472 
d_496 d5854 0.048919 0.185438 0.765643 
d_497 d5860 0.717421 0.264746 0.017833 
d_498 d5861 0.333333 0.121319 0.545347 
d_499 d5885 0.014434 0.538100 0.447466 
d_500 d5886 0.298520 0.690165 0.011314 
d_501 d5888 0.107769 0.107769 0.784461 
d_502 d5889 0.170163 0.799534 0.030303 
d_503 d5890 0.519814 0.100233 0.379953 
d_504 d5891 0.262662 0.191991 0.545347 
d_505 d5892 0.703704 0.227513 0.068783 
d_506 d5893 0.818770 0.042071 0.139159 
d_507 d5894 0.589744 0.379953 0.030303 
d_508 d5895 0.515483 0.242259 0.242259 
d_509 d5896 0.187614 0.460838 0.351548 
d_510 d5897 0.042071 0.624595 0.333333 
d_511 d5898 0.025048 0.660886 0.314066 
d_512 d5899 0.020344 0.630673 0.348983 
d_513 d5900 0.272411 0.533507 0.194082 
d_514 d5901 0.038348 0.569322 0.392330 
d_515 d5902 0.042071 0.139159 0.818770 
d_516 d5903 0.279133 0.685637 0.035230 
d_517 d5904 0.048919 0.253697 0.697383 
d_518 d5905 0.236246 0.236246 0.527508 
d_519 d5906 0.189143 0.672604 0.138253 
d_520 d5907 0.046595 0.799283 0.154122 
d_521 d5908 0.351548 0.078324 0.570128 
d_522 d5909 0.139159 0.139159 0.721683 
d_523 d5910 0.035230 0.035230 0.929539 
d_524 d5911 0.116531 0.685637 0.197832 
d_525 d5912 0.865415 0.114241 0.020344 
d_526 d5913 0.038348 0.569322 0.392330 
d_527 d5914 0.155310 0.265807 0.578883 
d_528 d5915 0.159636 0.283706 0.556658 
d_529 d5916 0.174603 0.443754 0.381643 
d_530 d5917 0.371869 0.429672 0.198459 
d_531 d5918 0.068783 0.227513 0.703704 
d_532 d5919 0.100233 0.589744 0.310023 
d_533 d5920 0.316913 0.612479 0.070608 
d_534 d5921 0.023679 0.023679 0.952641 
d_535 d5922 0.616019 0.015312 0.368669 
d_536 d5923 0.093682 0.420479 0.485839 
d_537 d5924 0.310023 0.030303 0.659674 
d_538 d5925 0.046595 0.369176 0.584229 
d_539 d5926 0.379953 0.170163 0.449883 
d_540 d5927 0.258145 0.258145 0.483709 
d_541 d5928 0.604336 0.360434 0.035230 
d_542 d5929 0.052209 0.052209 0.895582 
d_543 d5930 0.046595 0.369176 0.584229 
d_544 d5932 0.657817 0.038348 0.303835 
d_545 d5933 0.156655 0.050648 0.792697 
d_546 d5934 0.068783 0.703704 0.227513 
d_547 d5935 0.351548 0.296903 0.351548 
d_548 d5936 0.038348 0.657817 0.303835 
d_549 d5937 0.042071 0.042071 0.915858 
d_550 d5938 0.523035 0.116531 0.360434 
d_551 d5939 0.303835 0.392330 0.303835 
d_552 d5940 0.771518 0.114241 0.114241 
d_553 d5941 0.358147 0.333333 0.308519 
d_554 d5942 0.052209 0.413655 0.534137 
d_555 d5943 0.293808 0.135705 0.570487 
d_556 d5944 0.775100 0.172691 0.052209 
d_557 d5945 0.227513 0.386243 0.386243 
d_558 d5946 0.420479 0.355120 0.224401 
d_559 d5947 0.013875 0.614069 0.372056 
d_560 d5948 0.392330 0.480826 0.126844 
d_561 d5949 0.215339 0.215339 0.569322 
d_562 d5950 0.565324 0.235653 0.199023 
d_563 d5951 0.059361 0.059361 0.881279 
d_564 d5952 0.366174 0.119869 0.513957 
d_565 d5953 0.116531 0.441734 0.441734 
d_566 d5954 0.068783 0.068783 0.862434 
d_567 d5955 0.035230 0.929539 0.035230 
d_568 d5956 0.729604 0.030303 0.240093 
d_569 d5957 0.406193 0.406193 0.187614 
d_570 d5958 0.046595 0.261649 0.691756 
d_571 d5959 0.289760 0.616558 0.093682 
d_572 d5960 0.257419 0.071084 0.671498 
d_573 d5961 0.010492 0.397902 0.591606 
d_574 d5962 0.038348 0.215339 0.746313 
d_575 d5963 0.035230 0.197832 0.766938 
d_576 d5964 0.126844 0.038348 0.834808 
d_577 d5965 0.473142 0.406917 0.119941 
d_578 d5966 0.215339 0.038348 0.746313 
d_579 d5967 0.154122 0.046595 0.799283 
d_580 d5968 0.087935 0.517382 0.394683 
d_581 d5969 0.022453 0.540587 0.436960 
d_582 d5970 0.540587 0.177893 0.281520 
d_583 d5971 0.059361 0.881279 0.059361 
d_584 d5972 0.052209 0.293173 0.654618 
d_585 d5973 0.026585 0.149284 0.824131 
d_586 d5974 0.198804 0.333333 0.467862 
d_587 d5975 0.351548 0.570128 0.078324 
d_588 d5976 0.052209 0.534137 0.413655 
d_589 d5977 0.172691 0.052209 0.775100 
d_590 d5978 0.314066 0.314066 0.371869 
d_591 d5979 0.078324 0.023679 0.897996 
d_592 d5980 0.346587 0.445991 0.207422 
d_593 d5981 0.279133 0.523035 0.197832 
d_594 d5982 0.584229 0.154122 0.261649 
d_595 d5983 0.544974 0.068783 0.386243 
d_596 d5984 0.527508 0.042071 0.430421 
d_597 d5985 0.038348 0.392330 0.569322 
d_598 d5986 0.433758 0.480108 0.086134 
d_599 d5987 0.659674 0.170163 0.170163 
d_600 d5988 0.042071 0.818770 0.139159 
d_601 d5989 0.198459 0.025048 0.776493 
d_602 d5990 0.038348 0.038348 0.923304 
d_603 d5991 0.161189 0.348983 0.489828 
d_604 d5992 0.038348 0.569322 0.392330 
d_605 d5993 0.441734 0.360434 0.197832 
d_606 d5994 0.104435 0.576538 0.319027 
d_607 d5995 0.373373 0.313313 0.313313 
d_608 d5996 0.544974 0.068783 0.386243 
d_609 d5997 0.386243 0.068783 0.544974 
d_610 d5998 0.316370 0.392706 0.290925 
d_611 d5999 0.016477 0.282636 0.700887 
d_612 d6000 0.369176 0.476703 0.154122 
d_613 d6001 0.321957 0.356086 0.321957 
d_614 d6002 0.360434 0.279133 0.360434 
d_615 d6003 0.310023 0.100233 0.589744 
d_616 d6004 0.052209 0.052209 0.895582 
d_617 d6005 0.100137 0.100137 0.799726 
d_618 d6006 0.126844 0.569322 0.303835 
d_619 d6007 0.038348 0.392330 0.569322 
d_620 d6008 0.386243 0.544974 0.068783 
d_621 d6009 0.392330 0.392330 0.215339 
d_622 d6010 0.353973 0.199174 0.446852 
d_623 d6011 0.172691 0.052209 0.775100 
d_624 d6012 0.640082 0.149284 0.210634 
d_625 d6013 0.052209 0.052209 0.895582 
d_626 d6014 0.386243 0.544974 0.068783 
d_627 d6015 0.766938 0.197832 0.035230 
d_628 d6016 0.030303 0.799534 0.170163 
d_629 d6017 0.320659 0.320659 0.358682 
d_630 d6018 0.126844 0.657817 0.215339 
d_631 d6019 0.139159 0.624595 0.236246 
d_632 d6020 0.017833 0.635117 0.347051 
d_633 d6021 0.107769 0.634085 0.258145 
d_634 d6022 0.607306 0.333333 0.059361 
d_635 d6023 0.862434 0.068783 0.068783 
d_636 d6024 0.030303 0.379953 0.589744 
d_637 d6025 0.245061 0.371164 0.383775 
d_638 d6026 0.311200 0.324480 0.364320 
d_639 d6027 0.544974 0.068783 0.386243 
d_640 d6028 0.812636 0.028322 0.159041 
d_641 d6029 0.594994 0.321957 0.083049 
d_642 d6030 0.517382 0.394683 0.087935 
d_643 d6031 0.028322 0.093682 0.877996 
d_644 d6032 0.333333 0.139159 0.527508 
d_645 d6033 0.372859 0.254282 0.372859 
d_646 d6034 0.058985 0.305898 0.635117 
d_647 d6035 0.607306 0.333333 0.059361 
d_648 d6036 0.073073 0.643644 0.283283 
d_649 d6037 0.058985 0.017833 0.923182 
d_650 d6038 0.014301 0.476348 0.509351 
d_651 d6039 0.333333 0.333333 0.333333 
d_652 d6040 0.046595 0.261649 0.691756 
d_653 d6041 0.078324 0.242259 0.679417 
d_654 d6042 0.527508 0.333333 0.139159 
d_655 d6043 0.333333 0.042071 0.624595 
d_656 d6044 0.640082 0.271984 0.087935 
d_657 d6045 0.430421 0.527508 0.042071 
d_658 d6046 0.162393 0.382173 0.455433 
d_659 d6047 0.470320 0.470320 0.059361 
d_660 d6048 0.199604 0.259039 0.541357 
d_661 d6049 0.222775 0.173024 0.604201 
d_662 d6050 0.281520 0.074266 0.644214 
d_663 d6051 0.071084 0.133195 0.795721 
d_664 d6052 0.293173 0.534137 0.172691 
d_665 d6053 0.333333 0.333333 0.333333 
d_666 d6054 0.172691 0.654618 0.172691 
d_667 d6055 0.196347 0.333333 0.470320 
d_668 d6056 0.020344 0.536776 0.442879 
d_669 d6057 0.422115 0.204197 0.373688 
d_670 d6058 0.035230 0.035230 0.929539 
d_671 d6059 0.476703 0.369176 0.154122 
d_672 d6060 0.187614 0.351548 0.460838 
d_673 d6061 0.059361 0.196347 0.744292 
d_674 d6062 0.042071 0.139159 0.818770 
d_675 d6063 0.100233 0.100233 0.799534 
d_676 d6064 0.274467 0.119941 0.605592 
d_677 d6065 0.100233 0.100233 0.799534 
d_678 d6066 0.042071 0.624595 0.333333 
d_679 d6067 0.046595 0.369176 0.584229 
d_680 d6068 0.544974 0.386243 0.068783 
d_681 d6069 0.392330 0.038348 0.569322 
d_682 d6070 0.035230 0.279133 0.685637 
d_683 d6071 0.061516 0.147353 0.791130 
d_684 d6072 0.172691 0.534137 0.293173 
d_685 d6073 0.283483 0.502825 0.213692 
d_686 d6074 0.507398 0.063534 0.429069 
d_687 d6075 0.240955 0.310239 0.448807 
d_688 d6076 0.691756 0.261649 0.046595 
d_689 d6077 0.236246 0.236246 0.527508 
d_690 d6078 0.032581 0.934837 0.032581 
d_691 d6079 0.032581 0.408521 0.558897 
d_692 d6080 0.046595 0.369176 0.584229 
d_693 d6081 0.199023 0.492063 0.308913 
d_694 d6082 0.333333 0.022453 0.644214 
d_695 d6083 0.148576 0.079292 0.772132 
d_696 d6084 0.042071 0.236246 0.721683 
d_697 d6085 0.834808 0.126844 0.038348 
d_698 d6086 0.240093 0.449883 0.310023 
d_699 d6087 0.038348 0.834808 0.126844 
d_700 d6088 0.271984 0.701431 0.026585 
d_701 d6090 0.433985 0.362937 0.203079 
d_702 d6091 0.463463 0.253253 0.283283 
d_703 d6092 0.624842 0.358682 0.016477 
d_704 d6093 0.385147 0.022453 0.592401 
d_705 d6094 0.042071 0.430421 0.527508 
d_706 d6095 0.038348 0.923304 0.038348 
d_707 d6096 0.305898 0.470508 0.223594 
d_708 d6097 0.059361 0.059361 0.881279 
d_709 d6098 0.042071 0.042071 0.915858 
d_710 d6099 0.491436 0.135705 0.372859 
d_711 d6100 0.172691 0.775100 0.052209 
d_712 d6101 0.032581 0.107769 0.859649 
d_713 d6102 0.369176 0.154122 0.476703 
d_714 d6103 0.052209 0.534137 0.413655 
d_715 d6104 0.303835 0.038348 0.657817 
d_716 d6105 0.333333 0.059361 0.607306 
d_717 d6106 0.584229 0.369176 0.046595 
d_718 d6107 0.261649 0.046595 0.691756 
d_719 d6108 0.485839 0.485839 0.028322 
d_720 d6109 0.030303 0.519814 0.449883 
d_721 d6110 0.413655 0.534137 0.052209 
d_722 d6111 0.558897 0.408521 0.032581 
d_723 d6112 0.409815 0.180370 0.409815 
d_724 d6113 0.172691 0.534137 0.293173 
d_725 d6114 0.236246 0.042071 0.721683 
d_726 d6115 0.035230 0.441734 0.523035 
d_727 d6116 0.375498 0.213867 0.410635 
d_728 d6117 0.168568 0.396705 0.434728 
d_729 d6118 0.126844 0.569322 0.303835 
d_730 d6119 0.681917 0.224401 0.093682 
d_731 d6120 0.293317 0.353341 0.353341 
d_732 d6121 0.686983 0.145222 0.167795 
d_733 d6122 0.413655 0.293173 0.293173 
d_734 d6123 0.167795 0.325809 0.506396 
d_735 d6124 0.154122 0.369176 0.476703 
d_736 d6125 0.881279 0.059361 0.059361 
d_737 d6127 0.261649 0.261649 0.476703 
d_738 d6128 0.862434 0.068783 0.068783 
d_739 d6129 0.279133 0.604336 0.116531 
d_740 d6131 0.812636 0.159041 0.028322 
d_741 d6132 0.028322 0.224401 0.747277 
d_742 d6133 0.369176 0.046595 0.584229 
d_743 d6134 0.122130 0.452709 0.425161 
d_744 d6135 0.046595 0.691756 0.261649 
d_745 d6136 0.604336 0.360434 0.035230 
d_746 d6138 0.059361 0.607306 0.333333 
d_747 d6139 0.449883 0.170163 0.379953 
d_748 d6141 0.142129 0.237731 0.620140 
d_749 d6142 0.464696 0.119869 0.415435 
d_750 d6143 0.059361 0.059361 0.881279 
d_751 d6144 0.182247 0.408876 0.408876 
d_752 d6145 0.413655 0.534137 0.052209 
d_753 d6146 0.834049 0.018598 0.147353 
d_754 d6148 0.657817 0.126844 0.215339 
d_755 d6149 0.116531 0.197832 0.685637 
d_756 d6150 0.267652 0.563218 0.169130 
d_757 d6151 0.159636 0.283706 0.556658 
d_758 d6152 0.275024 0.187561 0.537415 
d_759 d6153 0.408521 0.408521 0.182957 
d_760 d6158 0.032581 0.934837 0.032581 
d_761 d6160 0.045654 0.252033 0.702314 
d_762 d6161 0.082852 0.256262 0.660886 
d_763 d6162 0.406193 0.406193 0.187614 
d_764 d6163 0.196347 0.607306 0.196347 
d_765 d6164 0.333333 0.139159 0.527508 
d_766 d6165 0.056197 0.518091 0.425712 
d_767 d6169 0.280662 0.393529 0.325809 
d_768 d6170 0.425712 0.564280 0.010008 
d_769 d6171 0.018598 0.319027 0.662375 
d_770 d6172 0.163163 0.643644 0.193193 
d_771 d6175 0.070241 0.204269 0.725490 
d_772 d6176 0.290925 0.341815 0.367260 
d_773 d6177 0.243647 0.064275 0.692078 
d_774 d6178 0.333333 0.430421 0.236246 
d_775 d6179 0.059361 0.059361 0.881279 
d_776 d6180 0.523035 0.035230 0.441734 
d_777 d6181 0.746313 0.038348 0.215339 
d_778 d6182 0.139159 0.430421 0.430421 
d_779 d6183 0.129252 0.158406 0.712342 
d_780 d6184 0.059361 0.333333 0.607306 
d_781 d6185 0.537972 0.196908 0.265121 
d_782 d6186 0.216100 0.544353 0.239547 
d_783 d6187 0.314066 0.429672 0.256262 
d_784 d6188 0.042071 0.042071 0.915858 
d_785 d6189 0.303113 0.538833 0.158054 
d_786 d6190 0.358342 0.444087 0.197571 
d_787 d6191 0.279133 0.685637 0.035230 
d_788 d6195 0.470508 0.058985 0.470508 
d_789 d6196 0.564196 0.090320 0.345484 
d_790 d6199 0.574620 0.145666 0.279714 
d_791 d6200 0.570691 0.261094 0.168215 
d_792 d6201 0.392330 0.303835 0.303835 
d_793 d6202 0.149679 0.232323 0.617998 
d_794 d6203 0.634138 0.245890 0.119972 
d_795 d6204 0.344964 0.596185 0.058851 
d_796 d6205 0.338143 0.208273 0.453583 
d_797 d6206 0.429180 0.333333 0.237487 
d_798 d6207 0.576081 0.132031 0.291889 
d_799 d6208 0.320723 0.270282 0.408995 
d_800 d6209 0.147179 0.478767 0.374055 
d_801 d6210 0.013845 0.748669 0.237487 
d_802 d6211 0.721683 0.236246 0.042071 
d_803 d6212 0.646029 0.120700 0.233271 
d_804 d6213 0.151308 0.560865 0.287827 
d_805 d6214 0.118478 0.652548 0.228975 
d_806 d6215 0.563218 0.218391 0.218391 
d_807 d6216 0.314066 0.025048 0.660886 
d_808 d6217 0.042071 0.818770 0.139159 
d_809 d6218 0.657817 0.303835 0.038348 
d_810 d6219 0.394683 0.517382 0.087935 
d_811 d6220 0.333333 0.412385 0.254282 
d_812 d6221 0.406229 0.068257 0.525514 
d_813 d6222 0.063534 0.455178 0.481288 
d_814 d6223 0.199604 0.288757 0.511639 
d_815 d6224 0.045793 0.716720 0.237487 
d_816 d6225 0.387583 0.423749 0.188668 
d_817 d6226 0.259946 0.422171 0.317883 
d_818 d6227 0.425161 0.232323 0.342516 
d_819 d6228 0.265441 0.210796 0.523762 
d_820 d6229 0.430384 0.016051 0.553565 
d_821 d6230 0.531844 0.258892 0.209264 
d_822 d6231 0.057526 0.743105 0.199370 
d_823 d6232 0.281520 0.592401 0.126079 
d_824 d6233 0.602392 0.019432 0.378176 
d_825 d6234 0.356709 0.342683 0.300608 
d_826 d6235 0.327712 0.108488 0.563800 
d_827 d6236 0.705293 0.147353 0.147353 
d_828 d6237 0.462425 0.310281 0.227294 
d_829 d6238 0.300608 0.216456 0.482936 
d_830 d6239 0.377338 0.410341 0.212321 
d_831 d6240 0.534137 0.293173 0.172691 
d_832 d6241 0.011938 0.893480 0.094582 
d_833 d6242 0.265807 0.560467 0.173726 
d_834 d6243 0.228410 0.228410 0.543180 
d_835 d6244 0.293173 0.654618 0.052209 
d_836 d6245 0.208298 0.242398 0.549304 
d_837 d6246 0.279714 0.306524 0.413762 
d_838 d6247 0.404864 0.147353 0.447783 
d_839 d6248 0.021346 0.169130 0.809524 
d_840 d6249 0.012276 0.352219 0.635505 
d_841 d6250 0.293173 0.654618 0.052209 
d_842 d6251 0.028322 0.616558 0.355120 
d_843 d6252 0.321957 0.526735 0.151308 
d_844 d6253 0.456033 0.394683 0.149284 
d_845 d6254 0.654618 0.052209 0.293173 
d_846 d6255 0.059361 0.607306 0.333333 
d_847 d6256 0.398784 0.034128 0.567087 
d_848 d6257 0.834808 0.126844 0.038348 
d_849 d6258 0.321056 0.265807 0.413137 
d_850 d6259 0.316913 0.661741 0.021346 
d_851 d6260 0.289838 0.254251 0.455911 
d_852 d6261 0.289760 0.028322 0.681917 
d_853 d6262 0.333333 0.655914 0.010753 
d_854 d6263 0.316913 0.563218 0.119869 
d_855 d6264 0.149847 0.071210 0.778943 
d_856 d6265 0.267233 0.012276 0.720491 
d_857 d6266 0.015873 0.015873 0.968254 
d_858 d6267 0.485162 0.319531 0.195307 
d_859 d6268 0.420479 0.420479 0.159041 
d_860 d6269 0.474866 0.123475 0.401659 
d_861 d6270 0.296903 0.624772 0.078324 
d_862 d6271 0.109691 0.556976 0.333333 
d_863 d6272 0.519814 0.449883 0.030303 
d_864 d6273 0.198804 0.064275 0.736921 
d_865 d6274 0.402346 0.505866 0.091787 
d_866 d6275 0.628239 0.172475 0.199285 
d_867 d6276 0.314968 0.259871 0.425161 
d_868 d6277 0.513957 0.070608 0.415435 
d_869 d6278 0.140655 0.487476 0.371869 
d_870 d6279 0.046595 0.261649 0.691756 
d_871 d6280 0.278328 0.608361 0.113311 
d_872 d6281 0.258892 0.730356 0.010753 
d_873 d6282 0.059361 0.333333 0.607306 
d_874 d6283 0.397612 0.452709 0.149679 
d_875 d6284 0.511304 0.237133 0.251563 
d_876 d6285 0.556216 0.155027 0.288757 
d_877 d6286 0.242917 0.514165 0.242917 
d_878 d6287 0.172691 0.534137 0.293173 
d_879 d6288 0.660886 0.198459 0.140655 
d_880 d6289 0.289760 0.420479 0.289760 
d_881 d6290 0.218391 0.711002 0.070608 
d_882 d6291 0.008615 0.406229 0.585156 
d_883 d6292 0.023679 0.679417 0.296903 
d_884 d6293 0.895582 0.052209 0.052209 
d_885 d6294 0.109118 0.602392 0.288490 
d_886 d6295 0.261649 0.584229 0.154122 
d_887 d6296 0.366309 0.481726 0.151965 
d_888 d6297 0.376530 0.462923 0.160547 
d_889 d6298 0.313049 0.049358 0.637593 
d_890 d6299 0.168215 0.168215 0.663571 
d_891 d6300 0.278220 0.339457 0.382323 
d_892 d6301 0.442689 0.357635 0.199676 
d_893 d6302 0.187614 0.078324 0.734062 
d_894 d6303 0.187614 0.296903 0.515483 
d_895 d6304 0.691756 0.154122 0.154122 
d_896 d6305 0.042071 0.236246 0.721683 
d_897 d6306 0.474108 0.202614 0.323278 
d_898 d6307 0.013013 0.703704 0.283283 
d_899 d6308 0.038427 0.789097 0.172475 
d_900 d6309 0.206591 0.016477 0.776933 
d_901 d6310 0.509351 0.278328 0.212321 
d_902 d6311 0.358682 0.130545 0.510773 
d_903 d6312 0.661741 0.070608 0.267652 
d_904 d6313 0.305694 0.106689 0.587617 
d_905 d6314 0.170163 0.589744 0.240093 
d_906 d6315 0.488497 0.279829 0.231675 
d_907 d6316 0.634085 0.258145 0.107769 
d_908 d6317 0.368669 0.156655 0.474676 
d_909 d6318 0.578732 0.210634 0.210634 
d_910 d6319 0.485839 0.485839 0.028322 
d_911 d6320 0.223594 0.717421 0.058985 
d_912 d6321 0.160845 0.303148 0.536007 
d_913 d6322 0.070608 0.316913 0.612479 
d_914 d6323 0.046595 0.584229 0.369176 
d_915 d6324 0.245890 0.287863 0.466247 
d_916 d6325 0.245325 0.080308 0.674367 
d_917 d6326 0.281352 0.242365 0.476283 
d_918 d6327 0.333333 0.333333 0.333333 
d_919 d6328 0.584229 0.369176 0.046595 
d_920 d6329 0.577620 0.412136 0.010244 
d_921 d6330 0.052209 0.413655 0.534137 
d_922 d6331 0.544974 0.386243 0.068783 
d_923 d6332 0.945578 0.041788 0.012634 
d_924 d6333 0.385993 0.243813 0.370195 
d_925 d6334 0.034705 0.470541 0.494754 
d_926 d6335 0.052209 0.654618 0.293173 
d_927 d6336 0.479106 0.129252 0.391642 
d_928 d6337 0.923304 0.038348 0.038348 
d_929 d6338 0.744292 0.059361 0.196347 
d_930 d6339 0.517382 0.087935 0.394683 
d_931 d6340 0.199490 0.601020 0.199490 
d_932 d6341 0.279829 0.456394 0.263777 
d_933 d6342 0.264746 0.429355 0.305898 
d_934 d6343 0.558897 0.182957 0.258145 
d_935 d6344 0.126844 0.215339 0.657817 
d_936 d6345 0.052209 0.775100 0.172691 
d_937 d6346 0.050648 0.757362 0.191991 
d_938 d6347 0.026585 0.762781 0.210634 
d_939 d6348 0.162393 0.711844 0.125763 
d_940 d6349 0.892100 0.025048 0.082852 
d_941 d6350 0.619456 0.147353 0.233190 
d_942 d6351 0.320659 0.624842 0.054499 
d_943 d6352 0.685033 0.134037 0.180930 
d_944 d6353 0.379953 0.519814 0.100233 
d_945 d6354 0.496873 0.482443 0.020683 
d_946 d6355 0.147353 0.447783 0.404864 
d_947 d6356 0.333333 0.607306 0.059361 
d_948 d6357 0.734062 0.023679 0.242259 
d_949 d6358 0.919886 0.018598 0.061516 
d_950 d6359 0.061516 0.705293 0.233190 
d_951 d6360 0.369176 0.261649 0.369176 
d_952 d6361 0.470320 0.196347 0.333333 
d_953 d6362 0.430421 0.236246 0.333333 
d_954 d6363 0.187614 0.460838 0.351548 
d_955 d6364 0.544974 0.386243 0.068783 
d_956 d6365 0.460838 0.351548 0.187614 
d_957 d6366 0.661741 0.218391 0.119869 
d_958 d6367 0.030303 0.519814 0.449883 
d_959 d6368 0.485839 0.420479 0.093682 
d_960 d6369 0.859649 0.107769 0.032581 
d_961 d6370 0.523035 0.116531 0.360434 
d_962 d6371 0.517382 0.456033 0.026585 
d_963 d6372 0.139159 0.818770 0.042071 
d_964 d6373 0.859649 0.107769 0.032581 
d_965 d6374 0.360434 0.360434 0.279133 
d_966 d6375 0.534137 0.052209 0.413655 
d_967 d6376 0.279133 0.035230 0.685637 
d_968 d6377 0.258145 0.483709 0.258145 
d_969 d6378 0.052209 0.895582 0.052209 
d_970 d6379 0.153961 0.557549 0.288490 
d_971 d6380 0.654618 0.052209 0.293173 
d_972 d6381 0.046595 0.046595 0.906810 
d_973 d6382 0.784461 0.032581 0.182957 
d_974 d6383 0.059361 0.059361 0.881279 
d_975 d6384 0.261094 0.137255 0.601651 
d_976 d6385 0.528969 0.145222 0.325809 
d_977 d6386 0.038348 0.746313 0.215339 
d_978 d6387 0.035230 0.035230 0.929539 
d_979 d6388 0.064275 0.378176 0.557549 
d_980 d6389 0.333333 0.558897 0.107769 
d_981 d6390 0.333333 0.196347 0.470320 
d_982 d6391 0.528694 0.199023 0.272283 
d_983 d6392 0.107769 0.859649 0.032581 
d_984 d6393 0.038348 0.392330 0.569322 
d_985 d6394 0.360434 0.604336 0.035230 
d_986 d6395 0.744292 0.196347 0.059361 
d_987 d6396 0.392330 0.038348 0.569322 
d_988 d6397 0.392330 0.215339 0.392330 
d_989 d6398 0.032581 0.859649 0.107769 
d_990 d6399 0.881279 0.059361 0.059361 
d_991 d6400 0.139159 0.430421 0.430421 
d_992 d6401 0.415435 0.267652 0.316913 
d_993 d6402 0.862434 0.068783 0.068783 
d_994 d6403 0.544974 0.386243 0.068783 
d_995 d6404 0.254282 0.017128 0.728590 
d_996 d6405 0.476703 0.046595 0.476703 
d_997 d6406 0.052209 0.052209 0.895582 
d_998 d6407 0.042071 0.915858 0.042071 
d_999 d6408 0.351548 0.624772 0.023679 
d_1000 d6409 0.852978 0.092522 0.054499 
d_1001 d6410 0.709273 0.258145 0.032581 
