Document 0
0.009709 0.009709 0.009709 0.009709 0.009709 0.009709 0.009709 0.009709 0.009709 0.883495 0.009709 0.009709 0.009709 
0.482428 0.003195 0.003195 0.099042 0.003195 0.003195 0.386581 0.003195 0.003195 0.003195 0.003195 0.003195 0.003195 
0.003953 0.003953 0.003953 0.003953 0.003953 0.003953 0.478261 0.003953 0.003953 0.003953 0.478261 0.003953 0.003953 
Document 1
0.076923 0.076923 0.076923 0.076923 0.076923 0.076923 0.076923 0.076923 0.076923 0.076923 0.076923 0.076923 0.076923 
0.023256 0.023256 0.023256 0.720930 0.023256 0.023256 0.023256 0.023256 0.023256 0.023256 0.023256 0.023256 0.023256 
0.926380 0.006135 0.006135 0.006135 0.006135 0.006135 0.006135 0.006135 0.006135 0.006135 0.006135 0.006135 0.006135 
Document 2
0.002681 0.002681 0.404826 0.002681 0.002681 0.002681 0.243968 0.002681 0.002681 0.002681 0.002681 0.002681 0.324397 
0.013699 0.424658 0.013699 0.013699 0.013699 0.013699 0.013699 0.013699 0.424658 0.013699 0.013699 0.013699 0.013699 
0.883495 0.009709 0.009709 0.009709 0.009709 0.009709 0.009709 0.009709 0.009709 0.009709 0.009709 0.009709 0.009709 
Document 3
0.002681 0.002681 0.404826 0.002681 0.002681 0.324397 0.002681 0.002681 0.243968 0.002681 0.002681 0.002681 0.002681 
0.002915 0.002915 0.002915 0.002915 0.002915 0.002915 0.002915 0.002915 0.877551 0.090379 0.002915 0.002915 0.002915 
0.076923 0.076923 0.076923 0.076923 0.076923 0.076923 0.076923 0.076923 0.076923 0.076923 0.076923 0.076923 0.076923 
Document 4
0.926380 0.006135 0.006135 0.006135 0.006135 0.006135 0.006135 0.006135 0.006135 0.006135 0.006135 0.006135 0.006135 
0.076923 0.076923 0.076923 0.076923 0.076923 0.076923 0.076923 0.076923 0.076923 0.076923 0.076923 0.076923 0.076923 
0.215548 0.003534 0.003534 0.003534 0.003534 0.109541 0.639576 0.003534 0.003534 0.003534 0.003534 0.003534 0.003534 
Document 5
0.002481 0.002481 0.374690 0.002481 0.002481 0.002481 0.002481 0.002481 0.002481 0.225806 0.002481 0.002481 0.374690 
0.002309 0.002309 0.002309 0.002309 0.071594 0.002309 0.210162 0.002309 0.002309 0.279446 0.002309 0.002309 0.418014 
0.002915 0.002915 0.002915 0.002915 0.002915 0.440233 0.002915 0.527697 0.002915 0.002915 0.002915 0.002915 0.002915 
Document 6
0.033954 0.001095 0.001095 0.001095 0.001095 0.099671 0.001095 0.001095 0.099671 0.033954 0.001095 0.001095 0.723987 
0.002481 0.002481 0.672457 0.002481 0.002481 0.002481 0.002481 0.002481 0.225806 0.002481 0.002481 0.002481 0.076923 
0.001631 0.148450 0.001631 0.246330 0.001631 0.001631 0.001631 0.148450 0.295269 0.099511 0.001631 0.001631 0.050571 
Document 7
0.003953 0.003953 0.003953 0.003953 0.003953 0.003953 0.003953 0.003953 0.241107 0.122530 0.003953 0.122530 0.478261 
0.023256 0.720930 0.023256 0.023256 0.023256 0.023256 0.023256 0.023256 0.023256 0.023256 0.023256 0.023256 0.023256 
0.023256 0.023256 0.023256 0.023256 0.023256 0.023256 0.023256 0.023256 0.023256 0.720930 0.023256 0.023256 0.023256 
Document 8
0.002481 0.002481 0.002481 0.002481 0.002481 0.002481 0.002481 0.895782 0.002481 0.002481 0.002481 0.076923 0.002481 
0.005181 0.005181 0.782383 0.005181 0.005181 0.005181 0.005181 0.005181 0.005181 0.160622 0.005181 0.005181 0.005181 
0.225806 0.002481 0.002481 0.225806 0.002481 0.151365 0.002481 0.002481 0.002481 0.374690 0.002481 0.002481 0.002481 
Document 9
0.001555 0.001555 0.001555 0.421462 0.001555 0.001555 0.048212 0.001555 0.001555 0.281493 0.001555 0.001555 0.234837 
0.023256 0.720930 0.023256 0.023256 0.023256 0.023256 0.023256 0.023256 0.023256 0.023256 0.023256 0.023256 0.023256 
0.001555 0.141524 0.328149 0.001555 0.001555 0.001555 0.234837 0.281493 0.001555 0.001555 0.001555 0.001555 0.001555 
Document 10
0.007519 0.007519 0.007519 0.007519 0.007519 0.007519 0.007519 0.007519 0.909774 0.007519 0.007519 0.007519 0.007519 
0.835616 0.013699 0.013699 0.013699 0.013699 0.013699 0.013699 0.013699 0.013699 0.013699 0.013699 0.013699 0.013699 
0.013699 0.013699 0.013699 0.013699 0.013699 0.013699 0.013699 0.835616 0.013699 0.013699 0.013699 0.013699 0.013699 
Document 11
0.023256 0.023256 0.023256 0.023256 0.023256 0.720930 0.023256 0.023256 0.023256 0.023256 0.023256 0.023256 0.023256 
0.007519 0.007519 0.007519 0.007519 0.007519 0.007519 0.007519 0.007519 0.007519 0.007519 0.909774 0.007519 0.007519 
0.003195 0.003195 0.003195 0.290735 0.003195 0.003195 0.003195 0.003195 0.003195 0.003195 0.003195 0.003195 0.674121 
Document 12
0.009709 0.009709 0.009709 0.009709 0.009709 0.009709 0.009709 0.009709 0.009709 0.009709 0.009709 0.009709 0.883495 
0.076923 0.076923 0.076923 0.076923 0.076923 0.076923 0.076923 0.076923 0.076923 0.076923 0.076923 0.076923 0.076923 
0.003953 0.122530 0.003953 0.003953 0.003953 0.003953 0.122530 0.003953 0.003953 0.241107 0.003953 0.478261 0.003953 
Document 13
0.005181 0.160622 0.005181 0.471503 0.005181 0.005181 0.005181 0.005181 0.005181 0.005181 0.005181 0.005181 0.316062 
0.194888 0.003195 0.003195 0.003195 0.003195 0.003195 0.482428 0.003195 0.003195 0.003195 0.003195 0.003195 0.290735 
0.002481 0.002481 0.002481 0.002481 0.374690 0.002481 0.300248 0.002481 0.076923 0.002481 0.002481 0.002481 0.225806 
Document 14
0.003534 0.003534 0.003534 0.003534 0.003534 0.003534 0.427562 0.003534 0.427562 0.003534 0.003534 0.109541 0.003534 
0.009709 0.009709 0.009709 0.009709 0.300971 0.009709 0.009709 0.300971 0.009709 0.300971 0.009709 0.009709 0.009709 
0.023256 0.023256 0.023256 0.023256 0.023256 0.023256 0.023256 0.023256 0.023256 0.023256 0.720930 0.023256 0.023256 
Document 15
0.005181 0.005181 0.005181 0.005181 0.005181 0.005181 0.005181 0.005181 0.005181 0.316062 0.005181 0.626943 0.005181 
0.076923 0.076923 0.076923 0.076923 0.076923 0.076923 0.076923 0.076923 0.076923 0.076923 0.076923 0.076923 0.076923 
0.316062 0.160622 0.005181 0.005181 0.005181 0.160622 0.316062 0.005181 0.005181 0.005181 0.005181 0.005181 0.005181 
Document 16
0.013699 0.013699 0.013699 0.013699 0.013699 0.013699 0.013699 0.013699 0.013699 0.424658 0.013699 0.013699 0.424658 
0.002309 0.002309 0.002309 0.140878 0.002309 0.002309 0.002309 0.210162 0.279446 0.002309 0.348730 0.002309 0.002309 
0.005181 0.005181 0.937824 0.005181 0.005181 0.005181 0.005181 0.005181 0.005181 0.005181 0.005181 0.005181 0.005181 
Document 17
0.076923 0.076923 0.076923 0.076923 0.076923 0.076923 0.076923 0.076923 0.076923 0.076923 0.076923 0.076923 0.076923 
0.023256 0.720930 0.023256 0.023256 0.023256 0.023256 0.023256 0.023256 0.023256 0.023256 0.023256 0.023256 0.023256 
0.003534 0.003534 0.851590 0.003534 0.003534 0.003534 0.003534 0.003534 0.003534 0.109541 0.003534 0.003534 0.003534 
Document 18
0.004484 0.004484 0.004484 0.004484 0.004484 0.677130 0.004484 0.004484 0.004484 0.004484 0.004484 0.273543 0.004484 
0.005181 0.005181 0.005181 0.005181 0.005181 0.005181 0.005181 0.937824 0.005181 0.005181 0.005181 0.005181 0.005181 
0.003953 0.359684 0.003953 0.478261 0.003953 0.003953 0.003953 0.003953 0.003953 0.003953 0.122530 0.003953 0.003953 
Document 19
0.007519 0.007519 0.007519 0.007519 0.458647 0.007519 0.007519 0.007519 0.007519 0.007519 0.007519 0.007519 0.458647 
0.023256 0.023256 0.023256 0.023256 0.023256 0.023256 0.720930 0.023256 0.023256 0.023256 0.023256 0.023256 0.023256 
0.003534 0.003534 0.003534 0.003534 0.003534 0.003534 0.003534 0.003534 0.003534 0.003534 0.109541 0.851590 0.003534 
Document 20
0.002681 0.002681 0.002681 0.002681 0.002681 0.002681 0.002681 0.565684 0.002681 0.002681 0.002681 0.404826 0.002681 
0.001364 0.001364 0.083220 0.001364 0.124147 0.001364 0.001364 0.533424 0.246930 0.001364 0.001364 0.001364 0.001364 
0.001631 0.001631 0.246330 0.001631 0.001631 0.001631 0.001631 0.246330 0.246330 0.001631 0.001631 0.246330 0.001631 
Document 21
0.009709 0.009709 0.009709 0.300971 0.592233 0.009709 0.009709 0.009709 0.009709 0.009709 0.009709 0.009709 0.009709 
0.006135 0.006135 0.006135 0.374233 0.006135 0.006135 0.006135 0.006135 0.006135 0.006135 0.006135 0.558282 0.006135 
0.076923 0.076923 0.076923 0.076923 0.076923 0.076923 0.076923 0.076923 0.076923 0.076923 0.076923 0.076923 0.076923 
Document 22
0.001631 0.001631 0.050571 0.148450 0.001631 0.001631 0.001631 0.001631 0.197390 0.148450 0.001631 0.001631 0.442088 
0.558282 0.006135 0.006135 0.006135 0.006135 0.006135 0.374233 0.006135 0.006135 0.006135 0.006135 0.006135 0.006135 
0.002160 0.390929 0.002160 0.002160 0.002160 0.002160 0.002160 0.002160 0.002160 0.002160 0.390929 0.002160 0.196544 
Document 23
0.002160 0.002160 0.196544 0.002160 0.326134 0.002160 0.002160 0.002160 0.002160 0.131749 0.002160 0.002160 0.326134 
0.006135 0.006135 0.006135 0.006135 0.006135 0.006135 0.006135 0.006135 0.006135 0.558282 0.006135 0.374233 0.006135 
0.002915 0.002915 0.002915 0.002915 0.002915 0.002915 0.002915 0.002915 0.002915 0.002915 0.002915 0.177843 0.790087 
Document 24
0.076923 0.076923 0.076923 0.076923 0.076923 0.076923 0.076923 0.076923 0.076923 0.076923 0.076923 0.076923 0.076923 
0.101821 0.000674 0.344572 0.142279 0.081591 0.000674 0.000674 0.000674 0.182738 0.000674 0.142279 0.000674 0.000674 
0.001555 0.001555 0.281493 0.001555 0.001555 0.281493 0.001555 0.001555 0.001555 0.421462 0.001555 0.001555 0.001555 
Document 25
0.076923 0.076923 0.076923 0.076923 0.076923 0.076923 0.076923 0.076923 0.076923 0.076923 0.076923 0.076923 0.076923 
0.684211 0.007519 0.007519 0.007519 0.007519 0.007519 0.007519 0.007519 0.233083 0.007519 0.007519 0.007519 0.007519 
0.005181 0.160622 0.005181 0.005181 0.005181 0.005181 0.005181 0.005181 0.005181 0.782383 0.005181 0.005181 0.005181 
Document 26
0.013699 0.013699 0.835616 0.013699 0.013699 0.013699 0.013699 0.013699 0.013699 0.013699 0.013699 0.013699 0.013699 
0.003953 0.003953 0.003953 0.003953 0.003953 0.359684 0.003953 0.003953 0.596838 0.003953 0.003953 0.003953 0.003953 
0.241107 0.003953 0.003953 0.003953 0.003953 0.003953 0.003953 0.003953 0.003953 0.478261 0.003953 0.122530 0.122530 
Document 27
0.076923 0.076923 0.076923 0.076923 0.076923 0.076923 0.076923 0.076923 0.076923 0.076923 0.076923 0.076923 0.076923 
0.002160 0.002160 0.390929 0.261339 0.002160 0.002160 0.002160 0.002160 0.066955 0.002160 0.002160 0.261339 0.002160 
0.013699 0.013699 0.013699 0.013699 0.013699 0.013699 0.013699 0.013699 0.013699 0.013699 0.835616 0.013699 0.013699 
Document 28
0.003953 0.359684 0.003953 0.003953 0.003953 0.596838 0.003953 0.003953 0.003953 0.003953 0.003953 0.003953 0.003953 
0.005181 0.316062 0.005181 0.160622 0.005181 0.005181 0.005181 0.005181 0.005181 0.005181 0.471503 0.005181 0.005181 
0.009709 0.009709 0.009709 0.009709 0.009709 0.009709 0.009709 0.009709 0.009709 0.009709 0.883495 0.009709 0.009709 
Document 29
0.006135 0.006135 0.006135 0.006135 0.190184 0.190184 0.006135 0.006135 0.006135 0.558282 0.006135 0.006135 0.006135 
0.002481 0.002481 0.002481 0.002481 0.076923 0.002481 0.002481 0.076923 0.002481 0.002481 0.225806 0.002481 0.598015 
0.005181 0.005181 0.005181 0.005181 0.626943 0.005181 0.005181 0.005181 0.005181 0.316062 0.005181 0.005181 0.005181 
Document 30
0.003534 0.003534 0.003534 0.003534 0.003534 0.427562 0.427562 0.003534 0.109541 0.003534 0.003534 0.003534 0.003534 
0.003195 0.003195 0.003195 0.003195 0.003195 0.003195 0.003195 0.003195 0.003195 0.003195 0.003195 0.290735 0.674121 
0.273056 0.327306 0.001808 0.110307 0.110307 0.001808 0.001808 0.001808 0.001808 0.001808 0.001808 0.164557 0.001808 
Document 31
0.002915 0.002915 0.177843 0.002915 0.002915 0.002915 0.002915 0.177843 0.002915 0.615160 0.002915 0.002915 0.002915 
0.007519 0.007519 0.007519 0.007519 0.007519 0.007519 0.007519 0.007519 0.007519 0.233083 0.684211 0.007519 0.007519 
0.003534 0.003534 0.003534 0.427562 0.003534 0.003534 0.003534 0.533569 0.003534 0.003534 0.003534 0.003534 0.003534 
Document 32
0.023256 0.023256 0.023256 0.023256 0.023256 0.023256 0.023256 0.023256 0.023256 0.023256 0.023256 0.720930 0.023256 
0.013699 0.013699 0.013699 0.013699 0.013699 0.013699 0.013699 0.013699 0.013699 0.013699 0.013699 0.013699 0.835616 
0.007519 0.007519 0.007519 0.007519 0.233083 0.007519 0.007519 0.007519 0.007519 0.007519 0.007519 0.007519 0.684211 
Document 33
0.003953 0.003953 0.003953 0.003953 0.003953 0.003953 0.003953 0.003953 0.003953 0.003953 0.003953 0.003953 0.952569 
0.001486 0.001486 0.313522 0.001486 0.001486 0.001486 0.001486 0.001486 0.670134 0.001486 0.001486 0.001486 0.001486 
0.001715 0.001715 0.001715 0.156089 0.567753 0.001715 0.001715 0.001715 0.001715 0.001715 0.104631 0.156089 0.001715 
Document 34
0.002681 0.002681 0.002681 0.002681 0.002681 0.002681 0.002681 0.485255 0.485255 0.002681 0.002681 0.002681 0.002681 
0.246930 0.001364 0.001364 0.001364 0.001364 0.001364 0.001364 0.001364 0.206003 0.001364 0.124147 0.246930 0.165075 
0.004484 0.004484 0.004484 0.004484 0.004484 0.004484 0.946188 0.004484 0.004484 0.004484 0.004484 0.004484 0.004484 
Document 35
0.001555 0.001555 0.001555 0.001555 0.001555 0.141524 0.281493 0.001555 0.001555 0.001555 0.001555 0.001555 0.561431 
0.006135 0.006135 0.006135 0.006135 0.006135 0.006135 0.006135 0.006135 0.006135 0.006135 0.006135 0.006135 0.926380 
0.002681 0.002681 0.002681 0.002681 0.485255 0.002681 0.002681 0.002681 0.002681 0.002681 0.002681 0.002681 0.485255 
Document 36
0.005181 0.005181 0.316062 0.005181 0.005181 0.005181 0.005181 0.005181 0.005181 0.005181 0.626943 0.005181 0.005181 
0.005181 0.005181 0.005181 0.160622 0.626943 0.005181 0.005181 0.160622 0.005181 0.005181 0.005181 0.005181 0.005181 
0.003953 0.003953 0.003953 0.003953 0.003953 0.003953 0.003953 0.003953 0.003953 0.952569 0.003953 0.003953 0.003953 
Document 37
0.002028 0.002028 0.853955 0.002028 0.002028 0.002028 0.002028 0.123732 0.002028 0.002028 0.002028 0.002028 0.002028 
0.413379 0.001715 0.001715 0.001715 0.001715 0.001715 0.001715 0.001715 0.361921 0.001715 0.001715 0.207547 0.001715 
0.279446 0.002309 0.210162 0.002309 0.140878 0.002309 0.002309 0.002309 0.002309 0.002309 0.071594 0.002309 0.279446 
Document 38
0.001095 0.001095 0.001095 0.001095 0.001095 0.198248 0.001095 0.001095 0.493976 0.001095 0.001095 0.001095 0.296824 
0.000534 0.000534 0.000534 0.000534 0.000534 0.144688 0.064602 0.160705 0.128671 0.000534 0.112653 0.112653 0.272824 
0.009709 0.009709 0.009709 0.009709 0.009709 0.009709 0.009709 0.009709 0.009709 0.009709 0.009709 0.883495 0.009709 
Document 39
0.023256 0.023256 0.023256 0.023256 0.023256 0.720930 0.023256 0.023256 0.023256 0.023256 0.023256 0.023256 0.023256 
0.002481 0.002481 0.076923 0.002481 0.300248 0.002481 0.002481 0.598015 0.002481 0.002481 0.002481 0.002481 0.002481 
0.076923 0.076923 0.076923 0.076923 0.076923 0.076923 0.076923 0.076923 0.076923 0.076923 0.076923 0.076923 0.076923 
Document 40
0.090728 0.000997 0.000997 0.000997 0.000997 0.000997 0.330010 0.000997 0.000997 0.419741 0.000997 0.150548 0.000997 
0.002481 0.002481 0.002481 0.300248 0.225806 0.002481 0.002481 0.002481 0.002481 0.002481 0.002481 0.449132 0.002481 
0.007519 0.007519 0.007519 0.007519 0.909774 0.007519 0.007519 0.007519 0.007519 0.007519 0.007519 0.007519 0.007519 
Document 41
0.002309 0.002309 0.002309 0.002309 0.002309 0.002309 0.002309 0.002309 0.002309 0.418014 0.418014 0.002309 0.140878 
0.003953 0.003953 0.359684 0.241107 0.003953 0.003953 0.003953 0.003953 0.003953 0.003953 0.359684 0.003953 0.003953 
0.013699 0.013699 0.013699 0.013699 0.013699 0.013699 0.013699 0.013699 0.013699 0.013699 0.835616 0.013699 0.013699 
Document 42
0.002481 0.002481 0.002481 0.002481 0.151365 0.002481 0.002481 0.002481 0.076923 0.598015 0.002481 0.002481 0.151365 
0.076923 0.076923 0.076923 0.076923 0.076923 0.076923 0.076923 0.076923 0.076923 0.076923 0.076923 0.076923 0.076923 
0.076923 0.076923 0.076923 0.076923 0.076923 0.076923 0.076923 0.076923 0.076923 0.076923 0.076923 0.076923 0.076923 
Document 43
0.002915 0.002915 0.002915 0.002915 0.002915 0.352770 0.002915 0.090379 0.002915 0.265306 0.002915 0.002915 0.265306 
0.013699 0.013699 0.013699 0.013699 0.013699 0.013699 0.013699 0.013699 0.013699 0.013699 0.013699 0.013699 0.835616 
0.076923 0.076923 0.076923 0.076923 0.076923 0.076923 0.076923 0.076923 0.076923 0.076923 0.076923 0.076923 0.076923 
Document 44
0.023256 0.023256 0.023256 0.023256 0.720930 0.023256 0.023256 0.023256 0.023256 0.023256 0.023256 0.023256 0.023256 
0.007519 0.007519 0.007519 0.007519 0.909774 0.007519 0.007519 0.007519 0.007519 0.007519 0.007519 0.007519 0.007519 
0.720930 0.023256 0.023256 0.023256 0.023256 0.023256 0.023256 0.023256 0.023256 0.023256 0.023256 0.023256 0.023256 
Document 45
0.006135 0.006135 0.006135 0.926380 0.006135 0.006135 0.006135 0.006135 0.006135 0.006135 0.006135 0.006135 0.006135 
0.003953 0.003953 0.003953 0.003953 0.003953 0.003953 0.003953 0.478261 0.003953 0.003953 0.003953 0.478261 0.003953 
0.023256 0.023256 0.023256 0.023256 0.023256 0.023256 0.023256 0.023256 0.023256 0.023256 0.023256 0.023256 0.720930 
Document 46
0.006135 0.006135 0.006135 0.006135 0.006135 0.006135 0.006135 0.006135 0.006135 0.006135 0.006135 0.006135 0.926380 
0.076923 0.076923 0.076923 0.076923 0.076923 0.076923 0.076923 0.076923 0.076923 0.076923 0.076923 0.076923 0.076923 
0.007519 0.007519 0.233083 0.007519 0.007519 0.233083 0.007519 0.458647 0.007519 0.007519 0.007519 0.007519 0.007519 
Document 47
0.003534 0.109541 0.003534 0.003534 0.745583 0.003534 0.003534 0.003534 0.003534 0.109541 0.003534 0.003534 0.003534 
0.003953 0.003953 0.003953 0.003953 0.003953 0.003953 0.003953 0.003953 0.003953 0.122530 0.003953 0.833992 0.003953 
0.742331 0.006135 0.006135 0.006135 0.006135 0.006135 0.190184 0.006135 0.006135 0.006135 0.006135 0.006135 0.006135 
Document 48
0.006135 0.006135 0.006135 0.006135 0.006135 0.006135 0.006135 0.374233 0.558282 0.006135 0.006135 0.006135 0.006135 
0.076923 0.076923 0.076923 0.076923 0.076923 0.076923 0.076923 0.076923 0.076923 0.076923 0.076923 0.076923 0.076923 
0.300248 0.002481 0.672457 0.002481 0.002481 0.002481 0.002481 0.002481 0.002481 0.002481 0.002481 0.002481 0.002481 
Document 49
0.306288 0.002028 0.002028 0.002028 0.002028 0.002028 0.002028 0.002028 0.245436 0.002028 0.002028 0.002028 0.427992 
0.002915 0.002915 0.527697 0.002915 0.002915 0.002915 0.002915 0.002915 0.002915 0.002915 0.002915 0.440233 0.002915 
0.013699 0.013699 0.013699 0.835616 0.013699 0.013699 0.013699 0.013699 0.013699 0.013699 0.013699 0.013699 0.013699 
Document 50
0.013699 0.013699 0.013699 0.013699 0.013699 0.013699 0.013699 0.013699 0.013699 0.013699 0.835616 0.013699 0.013699 
0.513514 0.001422 0.172119 0.001422 0.001422 0.001422 0.001422 0.001422 0.001422 0.001422 0.001422 0.001422 0.300142 
0.013699 0.013699 0.013699 0.013699 0.424658 0.424658 0.013699 0.013699 0.013699 0.013699 0.013699 0.013699 0.013699 
Document 51
0.007519 0.007519 0.007519 0.007519 0.233083 0.233083 0.007519 0.007519 0.007519 0.007519 0.007519 0.458647 0.007519 
0.374233 0.006135 0.006135 0.006135 0.006135 0.006135 0.006135 0.006135 0.558282 0.006135 0.006135 0.006135 0.006135 
0.009709 0.009709 0.009709 0.009709 0.009709 0.883495 0.009709 0.009709 0.009709 0.009709 0.009709 0.009709 0.009709 
Document 52
0.001095 0.001095 0.461117 0.001095 0.001095 0.033954 0.001095 0.001095 0.033954 0.033954 0.001095 0.001095 0.428258 
0.001422 0.001422 0.001422 0.001422 0.257468 0.001422 0.300142 0.001422 0.300142 0.044097 0.001422 0.001422 0.086771 
0.001631 0.001631 0.001631 0.001631 0.148450 0.197390 0.001631 0.295269 0.001631 0.001631 0.001631 0.001631 0.344209 
Document 53
0.076923 0.076923 0.076923 0.076923 0.076923 0.076923 0.076923 0.076923 0.076923 0.076923 0.076923 0.076923 0.076923 
0.013699 0.013699 0.013699 0.013699 0.013699 0.013699 0.013699 0.013699 0.835616 0.013699 0.013699 0.013699 0.013699 
0.023256 0.023256 0.023256 0.023256 0.720930 0.023256 0.023256 0.023256 0.023256 0.023256 0.023256 0.023256 0.023256 
Document 54
0.005181 0.005181 0.005181 0.005181 0.160622 0.005181 0.005181 0.005181 0.626943 0.005181 0.005181 0.005181 0.160622 
0.000941 0.000941 0.226717 0.000941 0.000941 0.000941 0.142051 0.000941 0.000941 0.000941 0.170273 0.000941 0.452493 
0.002309 0.002309 0.002309 0.002309 0.002309 0.002309 0.487298 0.002309 0.071594 0.418014 0.002309 0.002309 0.002309 
Document 55
0.023256 0.023256 0.023256 0.023256 0.023256 0.023256 0.023256 0.023256 0.023256 0.023256 0.720930 0.023256 0.023256 
0.076923 0.076923 0.076923 0.076923 0.076923 0.076923 0.076923 0.076923 0.076923 0.076923 0.076923 0.076923 0.076923 
0.002309 0.002309 0.625866 0.002309 0.071594 0.002309 0.002309 0.002309 0.002309 0.279446 0.002309 0.002309 0.002309 
Document 56
0.009709 0.009709 0.009709 0.009709 0.009709 0.009709 0.009709 0.009709 0.009709 0.009709 0.300971 0.009709 0.592233 
0.007519 0.007519 0.909774 0.007519 0.007519 0.007519 0.007519 0.007519 0.007519 0.007519 0.007519 0.007519 0.007519 
0.003195 0.003195 0.003195 0.386581 0.003195 0.003195 0.003195 0.003195 0.386581 0.099042 0.003195 0.099042 0.003195 
Document 57
0.013699 0.013699 0.013699 0.013699 0.013699 0.013699 0.835616 0.013699 0.013699 0.013699 0.013699 0.013699 0.013699 
0.007519 0.007519 0.007519 0.007519 0.007519 0.007519 0.007519 0.007519 0.007519 0.909774 0.007519 0.007519 0.007519 
0.005181 0.005181 0.005181 0.160622 0.005181 0.005181 0.471503 0.005181 0.005181 0.005181 0.316062 0.005181 0.005181 
Document 58
0.023256 0.023256 0.720930 0.023256 0.023256 0.023256 0.023256 0.023256 0.023256 0.023256 0.023256 0.023256 0.023256 
0.040629 0.001311 0.355177 0.001311 0.001311 0.001311 0.237221 0.001311 0.001311 0.001311 0.158585 0.197903 0.001311 
0.076923 0.076923 0.076923 0.076923 0.076923 0.076923 0.076923 0.076923 0.076923 0.076923 0.076923 0.076923 0.076923 
Document 59
0.023256 0.023256 0.023256 0.023256 0.023256 0.023256 0.720930 0.023256 0.023256 0.023256 0.023256 0.023256 0.023256 
0.002915 0.002915 0.702624 0.002915 0.002915 0.002915 0.002915 0.002915 0.090379 0.002915 0.177843 0.002915 0.002915 
0.002681 0.324397 0.002681 0.083110 0.002681 0.002681 0.002681 0.002681 0.002681 0.002681 0.002681 0.565684 0.002681 
Document 60
0.004484 0.004484 0.004484 0.273543 0.004484 0.004484 0.004484 0.004484 0.004484 0.677130 0.004484 0.004484 0.004484 
0.006135 0.190184 0.006135 0.006135 0.006135 0.006135 0.374233 0.006135 0.006135 0.006135 0.006135 0.006135 0.374233 
0.003195 0.003195 0.003195 0.099042 0.003195 0.003195 0.003195 0.003195 0.865815 0.003195 0.003195 0.003195 0.003195 
Document 61
0.007519 0.007519 0.007519 0.007519 0.007519 0.233083 0.007519 0.007519 0.007519 0.007519 0.007519 0.684211 0.007519 
0.273543 0.004484 0.004484 0.004484 0.004484 0.004484 0.004484 0.677130 0.004484 0.004484 0.004484 0.004484 0.004484 
0.076923 0.076923 0.076923 0.076923 0.076923 0.076923 0.076923 0.076923 0.076923 0.076923 0.076923 0.076923 0.076923 
Document 62
0.001912 0.001912 0.001912 0.001912 0.001912 0.001912 0.001912 0.346080 0.001912 0.001912 0.001912 0.460803 0.173996 
0.009709 0.009709 0.009709 0.883495 0.009709 0.009709 0.009709 0.009709 0.009709 0.009709 0.009709 0.009709 0.009709 
0.009709 0.009709 0.009709 0.009709 0.009709 0.009709 0.883495 0.009709 0.009709 0.009709 0.009709 0.009709 0.009709 
Document 63
0.013699 0.013699 0.013699 0.013699 0.013699 0.013699 0.013699 0.424658 0.013699 0.424658 0.013699 0.013699 0.013699 
0.002028 0.002028 0.002028 0.002028 0.002028 0.002028 0.002028 0.002028 0.306288 0.002028 0.002028 0.671400 0.002028 
0.004484 0.004484 0.004484 0.004484 0.004484 0.004484 0.004484 0.946188 0.004484 0.004484 0.004484 0.004484 0.004484 
Document 64
0.003953 0.003953 0.122530 0.359684 0.003953 0.003953 0.003953 0.003953 0.478261 0.003953 0.003953 0.003953 0.003953 
0.062880 0.002028 0.002028 0.062880 0.002028 0.002028 0.002028 0.002028 0.123732 0.002028 0.002028 0.732252 0.002028 
0.003195 0.003195 0.578275 0.003195 0.003195 0.003195 0.003195 0.194888 0.003195 0.194888 0.003195 0.003195 0.003195 
Document 65
0.007519 0.007519 0.007519 0.007519 0.007519 0.007519 0.007519 0.007519 0.909774 0.007519 0.007519 0.007519 0.007519 
0.023256 0.023256 0.023256 0.023256 0.023256 0.023256 0.023256 0.720930 0.023256 0.023256 0.023256 0.023256 0.023256 
0.004484 0.004484 0.004484 0.004484 0.004484 0.004484 0.004484 0.004484 0.004484 0.004484 0.004484 0.408072 0.542601 
Document 66
0.001912 0.001912 0.231358 0.001912 0.001912 0.288719 0.001912 0.173996 0.173996 0.001912 0.001912 0.116635 0.001912 
0.006135 0.006135 0.006135 0.006135 0.006135 0.006135 0.006135 0.926380 0.006135 0.006135 0.006135 0.006135 0.006135 
0.023256 0.023256 0.023256 0.023256 0.023256 0.023256 0.720930 0.023256 0.023256 0.023256 0.023256 0.023256 0.023256 
Document 67
0.002915 0.002915 0.527697 0.177843 0.002915 0.002915 0.002915 0.002915 0.265306 0.002915 0.002915 0.002915 0.002915 
0.542601 0.004484 0.004484 0.004484 0.004484 0.004484 0.004484 0.004484 0.004484 0.004484 0.004484 0.004484 0.408072 
0.006135 0.006135 0.006135 0.006135 0.926380 0.006135 0.006135 0.006135 0.006135 0.006135 0.006135 0.006135 0.006135 
Document 68
0.004484 0.542601 0.408072 0.004484 0.004484 0.004484 0.004484 0.004484 0.004484 0.004484 0.004484 0.004484 0.004484 
0.023256 0.023256 0.023256 0.023256 0.023256 0.023256 0.023256 0.023256 0.023256 0.023256 0.023256 0.720930 0.023256 
0.001631 0.001631 0.539967 0.001631 0.001631 0.148450 0.001631 0.001631 0.001631 0.099511 0.001631 0.099511 0.099511 
Document 69
0.002160 0.002160 0.002160 0.002160 0.326134 0.002160 0.002160 0.131749 0.520518 0.002160 0.002160 0.002160 0.002160 
0.023256 0.023256 0.023256 0.023256 0.023256 0.023256 0.023256 0.023256 0.023256 0.023256 0.023256 0.023256 0.720930 
0.013699 0.013699 0.013699 0.013699 0.013699 0.013699 0.835616 0.013699 0.013699 0.013699 0.013699 0.013699 0.013699 
Document 70
0.006135 0.006135 0.926380 0.006135 0.006135 0.006135 0.006135 0.006135 0.006135 0.006135 0.006135 0.006135 0.006135 
0.163539 0.002681 0.002681 0.002681 0.002681 0.002681 0.163539 0.002681 0.002681 0.002681 0.485255 0.163539 0.002681 
0.001172 0.001172 0.001172 0.001172 0.177022 0.001172 0.001172 0.177022 0.001172 0.106682 0.001172 0.001172 0.528722 
Document 71
0.006135 0.006135 0.926380 0.006135 0.006135 0.006135 0.006135 0.006135 0.006135 0.006135 0.006135 0.006135 0.006135 
0.261339 0.002160 0.002160 0.002160 0.002160 0.002160 0.002160 0.196544 0.520518 0.002160 0.002160 0.002160 0.002160 
0.003953 0.122530 0.122530 0.003953 0.003953 0.003953 0.003953 0.003953 0.003953 0.003953 0.003953 0.003953 0.715415 
Document 72
0.002681 0.002681 0.002681 0.002681 0.002681 0.002681 0.002681 0.565684 0.002681 0.002681 0.002681 0.404826 0.002681 
0.076923 0.076923 0.076923 0.076923 0.076923 0.076923 0.076923 0.076923 0.076923 0.076923 0.076923 0.076923 0.076923 
0.851590 0.003534 0.003534 0.003534 0.003534 0.003534 0.003534 0.003534 0.003534 0.003534 0.003534 0.003534 0.109541 
Document 73
0.003195 0.194888 0.003195 0.003195 0.003195 0.099042 0.003195 0.003195 0.003195 0.099042 0.578275 0.003195 0.003195 
0.076923 0.076923 0.076923 0.076923 0.076923 0.076923 0.076923 0.076923 0.076923 0.076923 0.076923 0.076923 0.076923 
0.076923 0.076923 0.076923 0.076923 0.076923 0.076923 0.076923 0.076923 0.076923 0.076923 0.076923 0.076923 0.076923 
Document 74
0.009709 0.009709 0.009709 0.300971 0.009709 0.009709 0.009709 0.009709 0.009709 0.592233 0.009709 0.009709 0.009709 
0.002309 0.002309 0.348730 0.002309 0.002309 0.002309 0.002309 0.002309 0.210162 0.002309 0.002309 0.002309 0.418014 
0.023256 0.023256 0.023256 0.023256 0.023256 0.023256 0.023256 0.023256 0.023256 0.023256 0.023256 0.023256 0.720930 
Document 75
0.003534 0.003534 0.003534 0.003534 0.003534 0.003534 0.003534 0.003534 0.003534 0.427562 0.003534 0.427562 0.109541 
0.001095 0.001095 0.263965 0.001095 0.395400 0.001095 0.165389 0.001095 0.001095 0.001095 0.165389 0.001095 0.001095 
0.002481 0.002481 0.002481 0.002481 0.002481 0.002481 0.002481 0.002481 0.002481 0.076923 0.002481 0.672457 0.225806 
Document 76
0.076923 0.076923 0.076923 0.076923 0.076923 0.076923 0.076923 0.076923 0.076923 0.076923 0.076923 0.076923 0.076923 
0.007519 0.007519 0.684211 0.007519 0.007519 0.007519 0.007519 0.007519 0.007519 0.007519 0.007519 0.007519 0.233083 
0.324397 0.243968 0.002681 0.002681 0.002681 0.002681 0.002681 0.083110 0.163539 0.002681 0.002681 0.163539 0.002681 
Document 77
0.076923 0.076923 0.076923 0.076923 0.076923 0.076923 0.076923 0.076923 0.076923 0.076923 0.076923 0.076923 0.076923 
0.005181 0.316062 0.005181 0.005181 0.626943 0.005181 0.005181 0.005181 0.005181 0.005181 0.005181 0.005181 0.005181 
0.013699 0.013699 0.013699 0.013699 0.013699 0.013699 0.013699 0.013699 0.835616 0.013699 0.013699 0.013699 0.013699 
Document 78
0.023256 0.023256 0.023256 0.023256 0.023256 0.023256 0.023256 0.023256 0.720930 0.023256 0.023256 0.023256 0.023256 
0.007519 0.007519 0.007519 0.007519 0.007519 0.007519 0.007519 0.007519 0.007519 0.909774 0.007519 0.007519 0.007519 
0.909774 0.007519 0.007519 0.007519 0.007519 0.007519 0.007519 0.007519 0.007519 0.007519 0.007519 0.007519 0.007519 
Document 79
0.003195 0.003195 0.003195 0.003195 0.003195 0.003195 0.003195 0.482428 0.003195 0.003195 0.003195 0.482428 0.003195 
0.000824 0.000824 0.297609 0.000824 0.000824 0.000824 0.149217 0.396538 0.000824 0.000824 0.149217 0.000824 0.000824 
0.005181 0.005181 0.005181 0.005181 0.005181 0.005181 0.005181 0.782383 0.005181 0.005181 0.005181 0.160622 0.005181 
Document 80
0.139013 0.004484 0.004484 0.004484 0.004484 0.004484 0.004484 0.004484 0.004484 0.004484 0.811659 0.004484 0.004484 
0.023256 0.023256 0.023256 0.023256 0.023256 0.023256 0.023256 0.023256 0.023256 0.023256 0.023256 0.023256 0.720930 
0.023256 0.023256 0.023256 0.023256 0.023256 0.023256 0.023256 0.023256 0.023256 0.023256 0.023256 0.720930 0.023256 
Document 81
0.720930 0.023256 0.023256 0.023256 0.023256 0.023256 0.023256 0.023256 0.023256 0.023256 0.023256 0.023256 0.023256 
0.006135 0.006135 0.006135 0.006135 0.006135 0.006135 0.006135 0.374233 0.006135 0.006135 0.006135 0.006135 0.558282 
0.076923 0.076923 0.076923 0.076923 0.076923 0.076923 0.076923 0.076923 0.076923 0.076923 0.076923 0.076923 0.076923 
Document 82
0.076923 0.076923 0.076923 0.076923 0.076923 0.076923 0.076923 0.076923 0.076923 0.076923 0.076923 0.076923 0.076923 
0.478261 0.003953 0.003953 0.478261 0.003953 0.003953 0.003953 0.003953 0.003953 0.003953 0.003953 0.003953 0.003953 
0.002681 0.002681 0.002681 0.002681 0.083110 0.002681 0.324397 0.002681 0.324397 0.243968 0.002681 0.002681 0.002681 
Document 83
0.002481 0.002481 0.523573 0.002481 0.002481 0.002481 0.002481 0.076923 0.002481 0.002481 0.374690 0.002481 0.002481 
0.233083 0.458647 0.007519 0.007519 0.007519 0.007519 0.007519 0.007519 0.233083 0.007519 0.007519 0.007519 0.007519 
0.003534 0.003534 0.215548 0.321555 0.003534 0.003534 0.003534 0.003534 0.427562 0.003534 0.003534 0.003534 0.003534 
Document 84
0.006135 0.006135 0.006135 0.006135 0.006135 0.006135 0.006135 0.006135 0.926380 0.006135 0.006135 0.006135 0.006135 
0.006135 0.006135 0.006135 0.006135 0.006135 0.006135 0.006135 0.006135 0.006135 0.006135 0.006135 0.006135 0.926380 
0.003953 0.241107 0.003953 0.003953 0.359684 0.003953 0.003953 0.359684 0.003953 0.003953 0.003953 0.003953 0.003953 
Document 85
0.952569 0.003953 0.003953 0.003953 0.003953 0.003953 0.003953 0.003953 0.003953 0.003953 0.003953 0.003953 0.003953 
0.352770 0.002915 0.265306 0.002915 0.002915 0.002915 0.002915 0.002915 0.002915 0.002915 0.002915 0.352770 0.002915 
0.002681 0.002681 0.002681 0.404826 0.002681 0.002681 0.565684 0.002681 0.002681 0.002681 0.002681 0.002681 0.002681 
Document 86
0.002481 0.002481 0.002481 0.002481 0.300248 0.300248 0.002481 0.151365 0.002481 0.002481 0.002481 0.002481 0.225806 
0.006135 0.006135 0.006135 0.006135 0.006135 0.006135 0.006135 0.006135 0.006135 0.006135 0.006135 0.006135 0.926380 
0.684211 0.233083 0.007519 0.007519 0.007519 0.007519 0.007519 0.007519 0.007519 0.007519 0.007519 0.007519 0.007519 
Document 87
0.005181 0.005181 0.160622 0.005181 0.005181 0.005181 0.005181 0.005181 0.005181 0.005181 0.005181 0.005181 0.782383 
0.003953 0.003953 0.003953 0.003953 0.003953 0.003953 0.241107 0.478261 0.003953 0.003953 0.241107 0.003953 0.003953 
0.003953 0.003953 0.003953 0.003953 0.003953 0.241107 0.478261 0.003953 0.003953 0.241107 0.003953 0.003953 0.003953 
Document 88
0.007519 0.007519 0.007519 0.007519 0.007519 0.007519 0.233083 0.007519 0.007519 0.007519 0.684211 0.007519 0.007519 
0.013699 0.013699 0.013699 0.013699 0.013699 0.013699 0.013699 0.013699 0.013699 0.013699 0.013699 0.835616 0.013699 
0.002681 0.002681 0.646113 0.002681 0.002681 0.002681 0.002681 0.002681 0.324397 0.002681 0.002681 0.002681 0.002681 
Document 89
0.005181 0.005181 0.005181 0.005181 0.005181 0.005181 0.005181 0.005181 0.005181 0.005181 0.005181 0.005181 0.937824 
0.023256 0.023256 0.720930 0.023256 0.023256 0.023256 0.023256 0.023256 0.023256 0.023256 0.023256 0.023256 0.023256 
0.023256 0.023256 0.023256 0.023256 0.023256 0.023256 0.023256 0.720930 0.023256 0.023256 0.023256 0.023256 0.023256 
Document 90
0.001311 0.001311 0.119266 0.001311 0.001311 0.276540 0.001311 0.001311 0.001311 0.158585 0.001311 0.001311 0.433814 
0.076923 0.076923 0.076923 0.076923 0.076923 0.076923 0.076923 0.076923 0.076923 0.076923 0.076923 0.076923 0.076923 
0.003534 0.003534 0.003534 0.003534 0.427562 0.109541 0.003534 0.003534 0.215548 0.003534 0.003534 0.215548 0.003534 
Document 91
0.023256 0.023256 0.023256 0.023256 0.023256 0.023256 0.720930 0.023256 0.023256 0.023256 0.023256 0.023256 0.023256 
0.009709 0.009709 0.009709 0.009709 0.009709 0.883495 0.009709 0.009709 0.009709 0.009709 0.009709 0.009709 0.009709 
0.076923 0.076923 0.076923 0.076923 0.076923 0.076923 0.076923 0.076923 0.076923 0.076923 0.076923 0.076923 0.076923 
Document 92
0.004484 0.004484 0.004484 0.004484 0.004484 0.004484 0.004484 0.004484 0.004484 0.004484 0.004484 0.004484 0.946188 
0.002915 0.002915 0.177843 0.002915 0.002915 0.002915 0.002915 0.177843 0.615160 0.002915 0.002915 0.002915 0.002915 
0.076923 0.076923 0.076923 0.076923 0.076923 0.076923 0.076923 0.076923 0.076923 0.076923 0.076923 0.076923 0.076923 
Document 93
0.006135 0.006135 0.006135 0.006135 0.006135 0.006135 0.006135 0.006135 0.558282 0.006135 0.374233 0.006135 0.006135 
0.007519 0.007519 0.007519 0.007519 0.007519 0.007519 0.007519 0.007519 0.007519 0.007519 0.007519 0.007519 0.909774 
0.558282 0.006135 0.006135 0.006135 0.006135 0.374233 0.006135 0.006135 0.006135 0.006135 0.006135 0.006135 0.006135 
Document 94
0.004484 0.004484 0.004484 0.004484 0.004484 0.004484 0.004484 0.946188 0.004484 0.004484 0.004484 0.004484 0.004484 
0.006135 0.190184 0.006135 0.006135 0.006135 0.006135 0.006135 0.006135 0.558282 0.006135 0.006135 0.006135 0.190184 
0.013699 0.013699 0.013699 0.013699 0.013699 0.013699 0.424658 0.013699 0.013699 0.013699 0.013699 0.013699 0.424658 
Document 95
0.007519 0.007519 0.007519 0.007519 0.007519 0.007519 0.007519 0.007519 0.007519 0.007519 0.007519 0.007519 0.909774 
0.003953 0.003953 0.952569 0.003953 0.003953 0.003953 0.003953 0.003953 0.003953 0.003953 0.003953 0.003953 0.003953 
0.835616 0.013699 0.013699 0.013699 0.013699 0.013699 0.013699 0.013699 0.013699 0.013699 0.013699 0.013699 0.013699 
Document 96
0.004484 0.004484 0.004484 0.946188 0.004484 0.004484 0.004484 0.004484 0.004484 0.004484 0.004484 0.004484 0.004484 
0.116635 0.001912 0.116635 0.001912 0.001912 0.288719 0.460803 0.001912 0.001912 0.001912 0.001912 0.001912 0.001912 
0.002028 0.002028 0.002028 0.062880 0.488844 0.002028 0.002028 0.002028 0.306288 0.002028 0.002028 0.002028 0.123732 
Document 97
0.006135 0.006135 0.926380 0.006135 0.006135 0.006135 0.006135 0.006135 0.006135 0.006135 0.006135 0.006135 0.006135 
0.001912 0.001912 0.001912 0.001912 0.001912 0.173996 0.231358 0.001912 0.116635 0.001912 0.001912 0.460803 0.001912 
0.952569 0.003953 0.003953 0.003953 0.003953 0.003953 0.003953 0.003953 0.003953 0.003953 0.003953 0.003953 0.003953 
Document 98
0.009709 0.009709 0.009709 0.009709 0.009709 0.009709 0.592233 0.009709 0.300971 0.009709 0.009709 0.009709 0.009709 
0.006135 0.006135 0.558282 0.006135 0.006135 0.006135 0.006135 0.006135 0.006135 0.006135 0.006135 0.006135 0.374233 
0.281493 0.001555 0.421462 0.001555 0.001555 0.001555 0.001555 0.001555 0.234837 0.001555 0.001555 0.048212 0.001555 
Document 99
0.076923 0.076923 0.076923 0.076923 0.076923 0.076923 0.076923 0.076923 0.076923 0.076923 0.076923 0.076923 0.076923 
0.009709 0.009709 0.009709 0.009709 0.009709 0.883495 0.009709 0.009709 0.009709 0.009709 0.009709 0.009709 0.009709 
0.478261 0.003953 0.478261 0.003953 0.003953 0.003953 0.003953 0.003953 0.003953 0.003953 0.003953 0.003953 0.003953 
Document 100
0.013699 0.013699 0.013699 0.013699 0.013699 0.013699 0.835616 0.013699 0.013699 0.013699 0.013699 0.013699 0.013699 
0.007519 0.007519 0.007519 0.007519 0.007519 0.458647 0.007519 0.007519 0.458647 0.007519 0.007519 0.007519 0.007519 
0.076923 0.076923 0.076923 0.076923 0.076923 0.076923 0.076923 0.076923 0.076923 0.076923 0.076923 0.076923 0.076923 
Document 101
0.006135 0.006135 0.006135 0.006135 0.006135 0.190184 0.006135 0.006135 0.742331 0.006135 0.006135 0.006135 0.006135 
0.005181 0.005181 0.005181 0.005181 0.005181 0.005181 0.005181 0.005181 0.937824 0.005181 0.005181 0.005181 0.005181 
0.348730 0.071594 0.002309 0.002309 0.140878 0.210162 0.002309 0.002309 0.071594 0.002309 0.002309 0.002309 0.140878 
Document 102
0.001912 0.001912 0.403442 0.001912 0.001912 0.059273 0.001912 0.001912 0.231358 0.288719 0.001912 0.001912 0.001912 
0.009709 0.009709 0.883495 0.009709 0.009709 0.009709 0.009709 0.009709 0.009709 0.009709 0.009709 0.009709 0.009709 
0.598015 0.002481 0.002481 0.002481 0.002481 0.076923 0.002481 0.002481 0.300248 0.002481 0.002481 0.002481 0.002481 
Document 103
0.000941 0.000941 0.170273 0.000941 0.113829 0.000941 0.000941 0.000941 0.226717 0.057385 0.000941 0.311383 0.113829 
0.394495 0.001311 0.001311 0.001311 0.001311 0.040629 0.551769 0.001311 0.001311 0.001311 0.001311 0.001311 0.001311 
0.076923 0.076923 0.076923 0.076923 0.076923 0.076923 0.076923 0.076923 0.076923 0.076923 0.076923 0.076923 0.076923 
Document 104
0.013699 0.013699 0.013699 0.013699 0.835616 0.013699 0.013699 0.013699 0.013699 0.013699 0.013699 0.013699 0.013699 
0.001808 0.001808 0.273056 0.001808 0.001808 0.273056 0.164557 0.273056 0.001808 0.001808 0.001808 0.001808 0.001808 
0.003534 0.003534 0.003534 0.427562 0.003534 0.003534 0.003534 0.003534 0.003534 0.003534 0.533569 0.003534 0.003534 
Document 105
0.241107 0.003953 0.003953 0.003953 0.003953 0.715415 0.003953 0.003953 0.003953 0.003953 0.003953 0.003953 0.003953 
0.004484 0.004484 0.273543 0.004484 0.004484 0.139013 0.004484 0.004484 0.542601 0.004484 0.004484 0.004484 0.004484 
0.076923 0.076923 0.076923 0.076923 0.076923 0.076923 0.076923 0.076923 0.076923 0.076923 0.076923 0.076923 0.076923 
Document 106
0.076923 0.076923 0.076923 0.076923 0.076923 0.076923 0.076923 0.076923 0.076923 0.076923 0.076923 0.076923 0.076923 
0.003534 0.003534 0.003534 0.003534 0.003534 0.003534 0.003534 0.003534 0.003534 0.003534 0.003534 0.851590 0.109541 
0.005181 0.005181 0.005181 0.471503 0.005181 0.005181 0.005181 0.005181 0.005181 0.005181 0.005181 0.471503 0.005181 
Document 107
0.003195 0.003195 0.482428 0.003195 0.482428 0.003195 0.003195 0.003195 0.003195 0.003195 0.003195 0.003195 0.003195 
0.004484 0.004484 0.542601 0.004484 0.004484 0.004484 0.004484 0.004484 0.004484 0.004484 0.004484 0.408072 0.004484 
0.006135 0.006135 0.190184 0.006135 0.558282 0.190184 0.006135 0.006135 0.006135 0.006135 0.006135 0.006135 0.006135 
Document 108
0.003195 0.099042 0.003195 0.003195 0.003195 0.003195 0.099042 0.290735 0.194888 0.194888 0.003195 0.003195 0.099042 
0.626943 0.005181 0.005181 0.005181 0.005181 0.005181 0.005181 0.316062 0.005181 0.005181 0.005181 0.005181 0.005181 
0.003953 0.003953 0.952569 0.003953 0.003953 0.003953 0.003953 0.003953 0.003953 0.003953 0.003953 0.003953 0.003953 
Document 109
