Document 0
0.003534 0.003534 0.851590 0.003534 0.003534 0.003534 0.003534 0.003534 0.003534 0.003534 0.003534 0.003534 0.109541 
0.007519 0.007519 0.909774 0.007519 0.007519 0.007519 0.007519 0.007519 0.007519 0.007519 0.007519 0.007519 0.007519 
0.359684 0.003953 0.003953 0.003953 0.003953 0.122530 0.478261 0.003953 0.003953 0.003953 0.003953 0.003953 0.003953 
Document 1
0.076923 0.076923 0.076923 0.076923 0.076923 0.076923 0.076923 0.076923 0.076923 0.076923 0.076923 0.076923 0.076923 
0.720930 0.023256 0.023256 0.023256 0.023256 0.023256 0.023256 0.023256 0.023256 0.023256 0.023256 0.023256 0.023256 
0.926380 0.006135 0.006135 0.006135 0.006135 0.006135 0.006135 0.006135 0.006135 0.006135 0.006135 0.006135 0.006135 
Document 2
0.004484 0.004484 0.811659 0.004484 0.004484 0.004484 0.004484 0.004484 0.004484 0.004484 0.004484 0.004484 0.139013 
0.004484 0.004484 0.004484 0.004484 0.408072 0.004484 0.004484 0.004484 0.004484 0.004484 0.004484 0.004484 0.542601 
0.009709 0.009709 0.009709 0.009709 0.009709 0.009709 0.300971 0.009709 0.009709 0.009709 0.592233 0.009709 0.009709 
Document 3
0.003534 0.003534 0.639576 0.003534 0.003534 0.003534 0.321555 0.003534 0.003534 0.003534 0.003534 0.003534 0.003534 
0.006135 0.006135 0.006135 0.006135 0.006135 0.006135 0.006135 0.006135 0.926380 0.006135 0.006135 0.006135 0.006135 
0.003534 0.003534 0.003534 0.003534 0.003534 0.003534 0.957597 0.003534 0.003534 0.003534 0.003534 0.003534 0.003534 
Document 4
0.424658 0.013699 0.013699 0.013699 0.013699 0.013699 0.424658 0.013699 0.013699 0.013699 0.013699 0.013699 0.013699 
0.076923 0.076923 0.076923 0.076923 0.076923 0.076923 0.076923 0.076923 0.076923 0.076923 0.076923 0.076923 0.076923 
0.565684 0.002681 0.002681 0.002681 0.002681 0.002681 0.324397 0.002681 0.002681 0.002681 0.002681 0.002681 0.083110 
Document 5
0.300971 0.009709 0.009709 0.009709 0.009709 0.009709 0.009709 0.592233 0.009709 0.009709 0.009709 0.009709 0.009709 
0.001808 0.001808 0.001808 0.001808 0.001808 0.001808 0.327306 0.001808 0.327306 0.110307 0.001808 0.001808 0.218807 
0.001912 0.001912 0.001912 0.001912 0.001912 0.460803 0.001912 0.288719 0.001912 0.001912 0.231358 0.001912 0.001912 
Document 6
0.001060 0.001060 0.001060 0.001060 0.001060 0.128314 0.001060 0.001060 0.128314 0.191941 0.001060 0.001060 0.541888 
0.004484 0.004484 0.811659 0.004484 0.139013 0.004484 0.004484 0.004484 0.004484 0.004484 0.004484 0.004484 0.004484 
0.001311 0.040629 0.001311 0.315858 0.001311 0.001311 0.001311 0.001311 0.237221 0.394495 0.001311 0.001311 0.001311 
Document 7
0.006135 0.006135 0.006135 0.006135 0.558282 0.006135 0.006135 0.006135 0.006135 0.006135 0.006135 0.006135 0.374233 
0.006135 0.006135 0.006135 0.006135 0.006135 0.006135 0.558282 0.374233 0.006135 0.006135 0.006135 0.006135 0.006135 
0.076923 0.076923 0.076923 0.076923 0.076923 0.076923 0.076923 0.076923 0.076923 0.076923 0.076923 0.076923 0.076923 
Document 8
0.002481 0.002481 0.002481 0.002481 0.002481 0.002481 0.002481 0.821340 0.002481 0.002481 0.002481 0.002481 0.151365 
0.004484 0.004484 0.677130 0.004484 0.004484 0.004484 0.004484 0.004484 0.273543 0.004484 0.004484 0.004484 0.004484 
0.002681 0.002681 0.002681 0.002681 0.002681 0.163539 0.083110 0.002681 0.243968 0.485255 0.002681 0.002681 0.002681 
Document 9
0.003195 0.003195 0.003195 0.194888 0.003195 0.003195 0.003195 0.194888 0.003195 0.578275 0.003195 0.003195 0.003195 
0.004484 0.004484 0.004484 0.004484 0.004484 0.004484 0.004484 0.004484 0.004484 0.004484 0.004484 0.946188 0.004484 
0.001261 0.001261 0.001261 0.001261 0.001261 0.190416 0.152585 0.228247 0.152585 0.076923 0.001261 0.190416 0.001261 
Document 10
0.076923 0.076923 0.076923 0.076923 0.076923 0.076923 0.076923 0.076923 0.076923 0.076923 0.076923 0.076923 0.076923 
0.076923 0.076923 0.076923 0.076923 0.076923 0.076923 0.076923 0.076923 0.076923 0.076923 0.076923 0.076923 0.076923 
0.003953 0.003953 0.241107 0.003953 0.003953 0.003953 0.003953 0.003953 0.003953 0.003953 0.003953 0.003953 0.715415 
Document 11
0.023256 0.023256 0.023256 0.023256 0.023256 0.023256 0.720930 0.023256 0.023256 0.023256 0.023256 0.023256 0.023256 
0.009709 0.009709 0.009709 0.009709 0.009709 0.009709 0.009709 0.009709 0.883495 0.009709 0.009709 0.009709 0.009709 
0.002915 0.002915 0.002915 0.177843 0.002915 0.002915 0.002915 0.002915 0.002915 0.002915 0.002915 0.002915 0.790087 
Document 12
0.006135 0.006135 0.190184 0.006135 0.006135 0.006135 0.006135 0.006135 0.006135 0.006135 0.190184 0.006135 0.558282 
0.076923 0.076923 0.076923 0.076923 0.076923 0.076923 0.076923 0.076923 0.076923 0.076923 0.076923 0.076923 0.076923 
0.005181 0.005181 0.005181 0.005181 0.005181 0.005181 0.005181 0.005181 0.005181 0.160622 0.160622 0.626943 0.005181 
Document 13
0.326134 0.002160 0.131749 0.002160 0.002160 0.002160 0.002160 0.002160 0.326134 0.002160 0.002160 0.002160 0.196544 
0.009709 0.009709 0.009709 0.009709 0.009709 0.009709 0.592233 0.009709 0.009709 0.300971 0.009709 0.009709 0.009709 
0.090379 0.002915 0.002915 0.002915 0.352770 0.002915 0.002915 0.177843 0.002915 0.002915 0.002915 0.002915 0.352770 
Document 14
0.002681 0.002681 0.002681 0.002681 0.002681 0.002681 0.243968 0.083110 0.565684 0.002681 0.002681 0.002681 0.083110 
0.023256 0.023256 0.023256 0.720930 0.023256 0.023256 0.023256 0.023256 0.023256 0.023256 0.023256 0.023256 0.023256 
0.076923 0.076923 0.076923 0.076923 0.076923 0.076923 0.076923 0.076923 0.076923 0.076923 0.076923 0.076923 0.076923 
Document 15
0.003953 0.003953 0.003953 0.003953 0.003953 0.003953 0.003953 0.003953 0.596838 0.003953 0.003953 0.359684 0.003953 
0.076923 0.076923 0.076923 0.076923 0.076923 0.076923 0.076923 0.076923 0.076923 0.076923 0.076923 0.076923 0.076923 
0.007519 0.007519 0.007519 0.007519 0.007519 0.458647 0.007519 0.007519 0.007519 0.007519 0.007519 0.458647 0.007519 
Document 16
0.009709 0.009709 0.009709 0.009709 0.009709 0.009709 0.009709 0.592233 0.009709 0.300971 0.009709 0.009709 0.009709 
0.001808 0.001808 0.001808 0.218807 0.001808 0.001808 0.001808 0.435805 0.164557 0.001808 0.164557 0.001808 0.001808 
0.023256 0.023256 0.720930 0.023256 0.023256 0.023256 0.023256 0.023256 0.023256 0.023256 0.023256 0.023256 0.023256 
Document 17
0.013699 0.835616 0.013699 0.013699 0.013699 0.013699 0.013699 0.013699 0.013699 0.013699 0.013699 0.013699 0.013699 
0.023256 0.720930 0.023256 0.023256 0.023256 0.023256 0.023256 0.023256 0.023256 0.023256 0.023256 0.023256 0.023256 
0.004484 0.004484 0.811659 0.004484 0.004484 0.004484 0.004484 0.004484 0.004484 0.139013 0.004484 0.004484 0.004484 
Document 18
0.023256 0.720930 0.023256 0.023256 0.023256 0.023256 0.023256 0.023256 0.023256 0.023256 0.023256 0.023256 0.023256 
0.002915 0.002915 0.002915 0.002915 0.440233 0.002915 0.002915 0.527697 0.002915 0.002915 0.002915 0.002915 0.002915 
0.533569 0.003534 0.321555 0.003534 0.003534 0.109541 0.003534 0.003534 0.003534 0.003534 0.003534 0.003534 0.003534 
Document 19
0.007519 0.007519 0.007519 0.007519 0.007519 0.007519 0.007519 0.007519 0.458647 0.007519 0.007519 0.233083 0.233083 
0.076923 0.076923 0.076923 0.076923 0.076923 0.076923 0.076923 0.076923 0.076923 0.076923 0.076923 0.076923 0.076923 
0.003195 0.003195 0.003195 0.003195 0.003195 0.386581 0.003195 0.003195 0.003195 0.003195 0.099042 0.482428 0.003195 
Document 20
0.002028 0.245436 0.002028 0.002028 0.002028 0.062880 0.002028 0.549696 0.002028 0.002028 0.123732 0.002028 0.002028 
0.288719 0.001912 0.001912 0.001912 0.001912 0.001912 0.001912 0.690249 0.001912 0.001912 0.001912 0.001912 0.001912 
0.172119 0.129445 0.001422 0.086771 0.129445 0.001422 0.001422 0.342817 0.086771 0.001422 0.001422 0.044097 0.001422 
Document 21
0.160622 0.782383 0.005181 0.005181 0.005181 0.005181 0.005181 0.005181 0.005181 0.005181 0.005181 0.005181 0.005181 
0.076923 0.076923 0.076923 0.076923 0.076923 0.076923 0.076923 0.076923 0.076923 0.076923 0.076923 0.076923 0.076923 
0.013699 0.013699 0.013699 0.013699 0.013699 0.013699 0.013699 0.013699 0.013699 0.013699 0.424658 0.424658 0.013699 
Document 22
0.001912 0.001912 0.173996 0.001912 0.001912 0.231358 0.001912 0.001912 0.403442 0.001912 0.001912 0.001912 0.173996 
0.056058 0.001808 0.435805 0.001808 0.056058 0.056058 0.001808 0.001808 0.001808 0.001808 0.218807 0.001808 0.164557 
0.006135 0.558282 0.006135 0.006135 0.006135 0.190184 0.006135 0.006135 0.006135 0.006135 0.006135 0.190184 0.006135 
Document 23
0.002915 0.002915 0.002915 0.002915 0.002915 0.002915 0.002915 0.352770 0.002915 0.265306 0.002915 0.002915 0.352770 
0.023256 0.023256 0.023256 0.023256 0.720930 0.023256 0.023256 0.023256 0.023256 0.023256 0.023256 0.023256 0.023256 
0.001715 0.053173 0.001715 0.001715 0.001715 0.156089 0.207547 0.001715 0.001715 0.001715 0.001715 0.156089 0.413379 
Document 24
0.002028 0.002028 0.002028 0.123732 0.062880 0.002028 0.002028 0.062880 0.002028 0.245436 0.488844 0.002028 0.002028 
0.000805 0.000805 0.338697 0.218021 0.000805 0.000805 0.000805 0.000805 0.218021 0.000805 0.218021 0.000805 0.000805 
0.002481 0.002481 0.002481 0.002481 0.225806 0.002481 0.002481 0.002481 0.002481 0.598015 0.002481 0.002481 0.151365 
Document 25
0.013699 0.013699 0.013699 0.013699 0.013699 0.013699 0.013699 0.013699 0.013699 0.013699 0.013699 0.013699 0.835616 
0.909774 0.007519 0.007519 0.007519 0.007519 0.007519 0.007519 0.007519 0.007519 0.007519 0.007519 0.007519 0.007519 
0.007519 0.007519 0.007519 0.007519 0.007519 0.007519 0.007519 0.007519 0.007519 0.909774 0.007519 0.007519 0.007519 
Document 26
0.005181 0.005181 0.005181 0.005181 0.005181 0.005181 0.005181 0.005181 0.005181 0.160622 0.005181 0.782383 0.005181 
0.013699 0.013699 0.013699 0.013699 0.013699 0.835616 0.013699 0.013699 0.013699 0.013699 0.013699 0.013699 0.013699 
0.386581 0.003195 0.386581 0.003195 0.099042 0.099042 0.003195 0.003195 0.003195 0.003195 0.003195 0.003195 0.003195 
Document 27
0.076923 0.076923 0.076923 0.076923 0.076923 0.076923 0.076923 0.076923 0.076923 0.076923 0.076923 0.076923 0.076923 
0.002681 0.002681 0.002681 0.324397 0.163539 0.002681 0.002681 0.002681 0.002681 0.002681 0.002681 0.485255 0.002681 
0.006135 0.006135 0.006135 0.006135 0.006135 0.006135 0.190184 0.006135 0.006135 0.742331 0.006135 0.006135 0.006135 
Document 28
0.006135 0.190184 0.006135 0.006135 0.006135 0.742331 0.006135 0.006135 0.006135 0.006135 0.006135 0.006135 0.006135 
0.003953 0.003953 0.003953 0.241107 0.241107 0.003953 0.003953 0.003953 0.122530 0.003953 0.122530 0.241107 0.003953 
0.007519 0.007519 0.684211 0.007519 0.233083 0.007519 0.007519 0.007519 0.007519 0.007519 0.007519 0.007519 0.007519 
Document 29
0.003953 0.003953 0.003953 0.003953 0.003953 0.003953 0.003953 0.003953 0.003953 0.478261 0.003953 0.003953 0.478261 
0.003953 0.003953 0.003953 0.003953 0.003953 0.359684 0.003953 0.003953 0.003953 0.003953 0.596838 0.003953 0.003953 
0.003953 0.003953 0.003953 0.003953 0.359684 0.003953 0.003953 0.003953 0.003953 0.596838 0.003953 0.003953 0.003953 
Document 30
0.007519 0.007519 0.007519 0.007519 0.007519 0.684211 0.007519 0.007519 0.007519 0.007519 0.007519 0.007519 0.233083 
0.003195 0.003195 0.003195 0.003195 0.003195 0.003195 0.003195 0.003195 0.003195 0.003195 0.003195 0.290735 0.674121 
0.470839 0.001422 0.001422 0.172119 0.001422 0.300142 0.001422 0.001422 0.001422 0.001422 0.001422 0.044097 0.001422 
Document 31
0.004484 0.004484 0.004484 0.004484 0.004484 0.004484 0.004484 0.408072 0.004484 0.542601 0.004484 0.004484 0.004484 
0.265306 0.002915 0.002915 0.090379 0.002915 0.002915 0.002915 0.265306 0.002915 0.352770 0.002915 0.002915 0.002915 
0.005181 0.782383 0.005181 0.005181 0.005181 0.005181 0.005181 0.005181 0.160622 0.005181 0.005181 0.005181 0.005181 
Document 32
0.023256 0.023256 0.023256 0.023256 0.023256 0.720930 0.023256 0.023256 0.023256 0.023256 0.023256 0.023256 0.023256 
0.023256 0.023256 0.023256 0.023256 0.023256 0.023256 0.023256 0.023256 0.023256 0.023256 0.023256 0.023256 0.720930 
0.006135 0.006135 0.006135 0.006135 0.374233 0.006135 0.006135 0.006135 0.006135 0.006135 0.006135 0.006135 0.558282 
Document 33
0.005181 0.005181 0.005181 0.005181 0.005181 0.005181 0.005181 0.005181 0.005181 0.005181 0.005181 0.005181 0.937824 
0.001215 0.001215 0.183475 0.001215 0.001215 0.074119 0.001215 0.037667 0.693803 0.001215 0.001215 0.001215 0.001215 
0.062880 0.002028 0.002028 0.427992 0.306288 0.002028 0.002028 0.002028 0.002028 0.002028 0.002028 0.184584 0.002028 
Document 34
0.004484 0.004484 0.004484 0.004484 0.004484 0.004484 0.004484 0.677130 0.273543 0.004484 0.004484 0.004484 0.004484 
0.303909 0.001261 0.001261 0.001261 0.001261 0.001261 0.001261 0.001261 0.417402 0.001261 0.001261 0.001261 0.266078 
0.003195 0.003195 0.003195 0.003195 0.003195 0.003195 0.674121 0.003195 0.003195 0.003195 0.003195 0.290735 0.003195 
Document 35
0.001555 0.001555 0.048212 0.001555 0.001555 0.141524 0.188180 0.001555 0.001555 0.094868 0.001555 0.001555 0.514774 
0.003953 0.003953 0.596838 0.003953 0.003953 0.003953 0.122530 0.003953 0.003953 0.003953 0.003953 0.003953 0.241107 
0.003534 0.003534 0.003534 0.003534 0.321555 0.003534 0.003534 0.003534 0.003534 0.003534 0.003534 0.003534 0.639576 
Document 36
0.003534 0.003534 0.851590 0.003534 0.003534 0.003534 0.003534 0.003534 0.003534 0.003534 0.109541 0.003534 0.003534 
0.013699 0.013699 0.013699 0.013699 0.013699 0.013699 0.013699 0.835616 0.013699 0.013699 0.013699 0.013699 0.013699 
0.109541 0.003534 0.109541 0.003534 0.003534 0.003534 0.003534 0.003534 0.003534 0.745583 0.003534 0.003534 0.003534 
Document 37
0.001261 0.001261 0.568726 0.001261 0.001261 0.001261 0.001261 0.303909 0.001261 0.001261 0.001261 0.114754 0.001261 
0.002028 0.002028 0.062880 0.002028 0.002028 0.002028 0.002028 0.002028 0.427992 0.002028 0.002028 0.488844 0.002028 
0.004484 0.004484 0.004484 0.004484 0.542601 0.004484 0.004484 0.004484 0.004484 0.408072 0.004484 0.004484 0.004484 
Document 38
0.000867 0.000867 0.026886 0.000867 0.000867 0.000867 0.000867 0.104944 0.417173 0.000867 0.000867 0.183001 0.261058 
0.000601 0.000601 0.000601 0.036681 0.000601 0.162959 0.090800 0.000601 0.307276 0.000601 0.126879 0.000601 0.271197 
0.013699 0.013699 0.013699 0.013699 0.013699 0.835616 0.013699 0.013699 0.013699 0.013699 0.013699 0.013699 0.013699 
Document 39
0.684211 0.007519 0.007519 0.007519 0.007519 0.233083 0.007519 0.007519 0.007519 0.007519 0.007519 0.007519 0.007519 
0.003953 0.003953 0.003953 0.003953 0.003953 0.003953 0.003953 0.952569 0.003953 0.003953 0.003953 0.003953 0.003953 
0.013699 0.013699 0.013699 0.013699 0.013699 0.013699 0.013699 0.013699 0.013699 0.013699 0.013699 0.835616 0.013699 
Document 40
0.001172 0.001172 0.001172 0.001172 0.212192 0.001172 0.071512 0.177022 0.036342 0.493552 0.001172 0.001172 0.001172 
0.004484 0.004484 0.004484 0.273543 0.004484 0.004484 0.004484 0.139013 0.004484 0.004484 0.004484 0.542601 0.004484 
0.261339 0.002160 0.002160 0.131749 0.520518 0.002160 0.002160 0.002160 0.002160 0.002160 0.002160 0.002160 0.066955 
Document 41
0.001715 0.001715 0.001715 0.053173 0.001715 0.001715 0.001715 0.001715 0.001715 0.516295 0.259005 0.001715 0.156089 
0.006135 0.006135 0.006135 0.926380 0.006135 0.006135 0.006135 0.006135 0.006135 0.006135 0.006135 0.006135 0.006135 
0.076923 0.076923 0.076923 0.076923 0.076923 0.076923 0.076923 0.076923 0.076923 0.076923 0.076923 0.076923 0.076923 
Document 42
0.002481 0.002481 0.002481 0.002481 0.151365 0.002481 0.002481 0.002481 0.076923 0.598015 0.002481 0.002481 0.151365 
0.076923 0.076923 0.076923 0.076923 0.076923 0.076923 0.076923 0.076923 0.076923 0.076923 0.076923 0.076923 0.076923 
0.076923 0.076923 0.076923 0.076923 0.076923 0.076923 0.076923 0.076923 0.076923 0.076923 0.076923 0.076923 0.076923 
Document 43
0.003195 0.003195 0.003195 0.003195 0.003195 0.194888 0.003195 0.003195 0.003195 0.578275 0.003195 0.003195 0.194888 
0.076923 0.076923 0.076923 0.076923 0.076923 0.076923 0.076923 0.076923 0.076923 0.076923 0.076923 0.076923 0.076923 
0.592233 0.009709 0.009709 0.300971 0.009709 0.009709 0.009709 0.009709 0.009709 0.009709 0.009709 0.009709 0.009709 
Document 44
0.076923 0.076923 0.076923 0.076923 0.076923 0.076923 0.076923 0.076923 0.076923 0.076923 0.076923 0.076923 0.076923 
0.006135 0.006135 0.006135 0.006135 0.926380 0.006135 0.006135 0.006135 0.006135 0.006135 0.006135 0.006135 0.006135 
0.023256 0.023256 0.023256 0.023256 0.023256 0.023256 0.023256 0.720930 0.023256 0.023256 0.023256 0.023256 0.023256 
Document 45
0.006135 0.006135 0.006135 0.926380 0.006135 0.006135 0.006135 0.006135 0.006135 0.006135 0.006135 0.006135 0.006135 
0.109541 0.109541 0.003534 0.003534 0.003534 0.003534 0.003534 0.003534 0.003534 0.321555 0.427562 0.003534 0.003534 
0.076923 0.076923 0.076923 0.076923 0.076923 0.076923 0.076923 0.076923 0.076923 0.076923 0.076923 0.076923 0.076923 
Document 46
0.006135 0.006135 0.006135 0.006135 0.006135 0.006135 0.006135 0.006135 0.190184 0.006135 0.006135 0.006135 0.742331 
0.007519 0.007519 0.007519 0.007519 0.007519 0.007519 0.007519 0.007519 0.007519 0.007519 0.007519 0.909774 0.007519 
0.076923 0.076923 0.076923 0.076923 0.076923 0.076923 0.076923 0.076923 0.076923 0.076923 0.076923 0.076923 0.076923 
Document 47
0.004484 0.004484 0.004484 0.004484 0.811659 0.004484 0.004484 0.004484 0.139013 0.004484 0.004484 0.004484 0.004484 
0.007519 0.007519 0.007519 0.007519 0.007519 0.007519 0.007519 0.007519 0.007519 0.007519 0.007519 0.909774 0.007519 
0.702624 0.002915 0.090379 0.002915 0.002915 0.002915 0.002915 0.002915 0.177843 0.002915 0.002915 0.002915 0.002915 
Document 48
0.004484 0.004484 0.004484 0.004484 0.004484 0.004484 0.004484 0.273543 0.677130 0.004484 0.004484 0.004484 0.004484 
0.076923 0.076923 0.076923 0.076923 0.076923 0.076923 0.076923 0.076923 0.076923 0.076923 0.076923 0.076923 0.076923 
0.177843 0.002915 0.790087 0.002915 0.002915 0.002915 0.002915 0.002915 0.002915 0.002915 0.002915 0.002915 0.002915 
Document 49
0.001715 0.001715 0.001715 0.001715 0.001715 0.001715 0.001715 0.001715 0.516295 0.001715 0.001715 0.001715 0.464837 
0.003195 0.003195 0.482428 0.003195 0.003195 0.003195 0.003195 0.003195 0.099042 0.003195 0.003195 0.386581 0.003195 
0.076923 0.076923 0.076923 0.076923 0.076923 0.076923 0.076923 0.076923 0.076923 0.076923 0.076923 0.076923 0.076923 
Document 50
0.359684 0.003953 0.003953 0.122530 0.003953 0.122530 0.003953 0.003953 0.003953 0.003953 0.241107 0.122530 0.003953 
0.516295 0.001715 0.207547 0.001715 0.001715 0.001715 0.001715 0.001715 0.001715 0.001715 0.001715 0.001715 0.259005 
0.076923 0.076923 0.076923 0.076923 0.076923 0.076923 0.076923 0.076923 0.076923 0.076923 0.076923 0.076923 0.076923 
Document 51
0.007519 0.007519 0.007519 0.007519 0.007519 0.458647 0.007519 0.007519 0.007519 0.458647 0.007519 0.007519 0.007519 
0.007519 0.007519 0.007519 0.007519 0.007519 0.007519 0.007519 0.007519 0.007519 0.007519 0.007519 0.007519 0.909774 
0.007519 0.007519 0.007519 0.007519 0.007519 0.909774 0.007519 0.007519 0.007519 0.007519 0.007519 0.007519 0.007519 
Document 52
0.001060 0.001060 0.319194 0.032874 0.096501 0.001060 0.001060 0.001060 0.001060 0.001060 0.064687 0.001060 0.478261 
0.001311 0.001311 0.197903 0.001311 0.355177 0.001311 0.237221 0.001311 0.119266 0.079948 0.001311 0.001311 0.001311 
0.001912 0.001912 0.001912 0.001912 0.288719 0.059273 0.001912 0.403442 0.001912 0.001912 0.001912 0.001912 0.231358 
Document 53
0.076923 0.076923 0.076923 0.076923 0.076923 0.076923 0.076923 0.076923 0.076923 0.076923 0.076923 0.076923 0.076923 
0.023256 0.023256 0.023256 0.023256 0.023256 0.023256 0.023256 0.023256 0.720930 0.023256 0.023256 0.023256 0.023256 
0.835616 0.013699 0.013699 0.013699 0.013699 0.013699 0.013699 0.013699 0.013699 0.013699 0.013699 0.013699 0.013699 
Document 54
0.001808 0.001808 0.001808 0.001808 0.001808 0.218807 0.001808 0.001808 0.598553 0.164557 0.001808 0.001808 0.001808 
0.001311 0.001311 0.315858 0.001311 0.001311 0.001311 0.001311 0.079948 0.001311 0.001311 0.001311 0.001311 0.591088 
0.002681 0.083110 0.002681 0.002681 0.002681 0.243968 0.002681 0.002681 0.324397 0.324397 0.002681 0.002681 0.002681 
Document 55
0.076923 0.076923 0.076923 0.076923 0.076923 0.076923 0.076923 0.076923 0.076923 0.076923 0.076923 0.076923 0.076923 
0.076923 0.076923 0.076923 0.076923 0.076923 0.076923 0.076923 0.076923 0.076923 0.076923 0.076923 0.076923 0.076923 
0.002160 0.002160 0.585313 0.002160 0.066955 0.066955 0.002160 0.002160 0.002160 0.261339 0.002160 0.002160 0.002160 
Document 56
0.004484 0.004484 0.004484 0.004484 0.004484 0.004484 0.004484 0.004484 0.139013 0.004484 0.004484 0.004484 0.811659 
0.424658 0.013699 0.013699 0.013699 0.013699 0.013699 0.013699 0.013699 0.424658 0.013699 0.013699 0.013699 0.013699 
0.003953 0.003953 0.122530 0.122530 0.003953 0.003953 0.003953 0.003953 0.241107 0.003953 0.003953 0.478261 0.003953 
Document 57
0.003195 0.003195 0.290735 0.003195 0.003195 0.003195 0.290735 0.003195 0.194888 0.003195 0.194888 0.003195 0.003195 
0.013699 0.013699 0.013699 0.013699 0.013699 0.013699 0.013699 0.013699 0.013699 0.835616 0.013699 0.013699 0.013699 
0.076923 0.076923 0.076923 0.076923 0.076923 0.076923 0.076923 0.076923 0.076923 0.076923 0.076923 0.076923 0.076923 
Document 58
0.005181 0.005181 0.937824 0.005181 0.005181 0.005181 0.005181 0.005181 0.005181 0.005181 0.005181 0.005181 0.005181 
0.197390 0.001631 0.001631 0.001631 0.001631 0.001631 0.344209 0.001631 0.050571 0.001631 0.148450 0.246330 0.001631 
0.076923 0.076923 0.076923 0.076923 0.076923 0.076923 0.076923 0.076923 0.076923 0.076923 0.076923 0.076923 0.076923 
Document 59
0.076923 0.076923 0.076923 0.076923 0.076923 0.076923 0.076923 0.076923 0.076923 0.076923 0.076923 0.076923 0.076923 
0.001808 0.001808 0.435805 0.001808 0.001808 0.218807 0.001808 0.001808 0.001808 0.001808 0.327306 0.001808 0.001808 
0.005181 0.005181 0.005181 0.316062 0.005181 0.160622 0.005181 0.005181 0.005181 0.005181 0.005181 0.471503 0.005181 
Document 60
0.005181 0.005181 0.005181 0.005181 0.005181 0.626943 0.005181 0.005181 0.005181 0.316062 0.005181 0.005181 0.005181 
0.009709 0.009709 0.009709 0.009709 0.009709 0.009709 0.009709 0.009709 0.009709 0.300971 0.009709 0.009709 0.592233 
0.002481 0.002481 0.002481 0.002481 0.076923 0.002481 0.002481 0.002481 0.895782 0.002481 0.002481 0.002481 0.002481 
Document 61
0.005181 0.005181 0.005181 0.005181 0.316062 0.160622 0.005181 0.005181 0.005181 0.160622 0.005181 0.316062 0.005181 
0.076923 0.076923 0.076923 0.076923 0.076923 0.076923 0.076923 0.076923 0.076923 0.076923 0.076923 0.076923 0.076923 
0.006135 0.006135 0.006135 0.006135 0.006135 0.006135 0.006135 0.006135 0.006135 0.926380 0.006135 0.006135 0.006135 
Document 62
0.001808 0.001808 0.001808 0.110307 0.001808 0.164557 0.001808 0.273056 0.001808 0.001808 0.001808 0.435805 0.001808 
0.013699 0.013699 0.013699 0.013699 0.835616 0.013699 0.013699 0.013699 0.013699 0.013699 0.013699 0.013699 0.013699 
0.009709 0.009709 0.009709 0.009709 0.009709 0.009709 0.009709 0.009709 0.009709 0.300971 0.009709 0.009709 0.592233 
Document 63
0.007519 0.007519 0.233083 0.233083 0.007519 0.007519 0.007519 0.458647 0.007519 0.007519 0.007519 0.007519 0.007519 
0.066955 0.002160 0.002160 0.002160 0.002160 0.002160 0.002160 0.002160 0.390929 0.002160 0.002160 0.520518 0.002160 
0.005181 0.005181 0.005181 0.005181 0.005181 0.005181 0.005181 0.937824 0.005181 0.005181 0.005181 0.005181 0.005181 
Document 64
0.076923 0.002481 0.002481 0.598015 0.002481 0.002481 0.002481 0.002481 0.300248 0.002481 0.002481 0.002481 0.002481 
0.002309 0.002309 0.002309 0.002309 0.002309 0.002309 0.002309 0.140878 0.002309 0.002309 0.002309 0.833718 0.002309 
0.004484 0.004484 0.273543 0.004484 0.004484 0.004484 0.004484 0.004484 0.004484 0.139013 0.273543 0.004484 0.273543 
Document 65
0.007519 0.007519 0.007519 0.233083 0.007519 0.007519 0.007519 0.007519 0.684211 0.007519 0.007519 0.007519 0.007519 
0.076923 0.076923 0.076923 0.076923 0.076923 0.076923 0.076923 0.076923 0.076923 0.076923 0.076923 0.076923 0.076923 
0.003953 0.003953 0.003953 0.003953 0.003953 0.003953 0.003953 0.003953 0.003953 0.003953 0.003953 0.241107 0.715415 
Document 66
0.002160 0.002160 0.261339 0.002160 0.002160 0.455724 0.002160 0.002160 0.066955 0.002160 0.002160 0.196544 0.002160 
0.190184 0.006135 0.006135 0.006135 0.006135 0.006135 0.006135 0.742331 0.006135 0.006135 0.006135 0.006135 0.006135 
0.009709 0.009709 0.009709 0.009709 0.592233 0.009709 0.009709 0.300971 0.009709 0.009709 0.009709 0.009709 0.009709 
Document 67
0.006135 0.190184 0.742331 0.006135 0.006135 0.006135 0.006135 0.006135 0.006135 0.006135 0.006135 0.006135 0.006135 
0.321555 0.003534 0.003534 0.003534 0.003534 0.003534 0.003534 0.427562 0.003534 0.003534 0.003534 0.003534 0.215548 
0.003534 0.003534 0.003534 0.003534 0.851590 0.003534 0.003534 0.003534 0.109541 0.003534 0.003534 0.003534 0.003534 
Document 68
0.004484 0.004484 0.004484 0.811659 0.004484 0.004484 0.004484 0.004484 0.004484 0.004484 0.004484 0.139013 0.004484 
0.004484 0.004484 0.004484 0.004484 0.139013 0.004484 0.004484 0.004484 0.004484 0.004484 0.004484 0.542601 0.273543 
0.002309 0.002309 0.833718 0.002309 0.002309 0.140878 0.002309 0.002309 0.002309 0.002309 0.002309 0.002309 0.002309 
Document 69
0.002915 0.002915 0.177843 0.002915 0.440233 0.002915 0.002915 0.002915 0.352770 0.002915 0.002915 0.002915 0.002915 
0.076923 0.076923 0.076923 0.076923 0.076923 0.076923 0.076923 0.076923 0.076923 0.076923 0.076923 0.076923 0.076923 
0.004484 0.004484 0.004484 0.004484 0.004484 0.408072 0.004484 0.004484 0.139013 0.004484 0.004484 0.004484 0.408072 
Document 70
0.013699 0.013699 0.013699 0.013699 0.013699 0.013699 0.013699 0.013699 0.013699 0.013699 0.013699 0.013699 0.835616 
0.002481 0.002481 0.002481 0.002481 0.002481 0.002481 0.002481 0.672457 0.002481 0.002481 0.225806 0.076923 0.002481 
0.001095 0.001095 0.001095 0.001095 0.132530 0.001095 0.001095 0.263965 0.001095 0.099671 0.165389 0.001095 0.329682 
Document 71
0.066955 0.002160 0.650108 0.002160 0.002160 0.002160 0.066955 0.002160 0.002160 0.002160 0.002160 0.002160 0.196544 
0.440233 0.002915 0.002915 0.265306 0.002915 0.002915 0.002915 0.265306 0.002915 0.002915 0.002915 0.002915 0.002915 
0.013699 0.013699 0.013699 0.013699 0.013699 0.835616 0.013699 0.013699 0.013699 0.013699 0.013699 0.013699 0.013699 
Document 72
0.003953 0.003953 0.003953 0.003953 0.003953 0.122530 0.003953 0.241107 0.003953 0.003953 0.003953 0.596838 0.003953 
0.076923 0.076923 0.076923 0.076923 0.076923 0.076923 0.076923 0.076923 0.076923 0.076923 0.076923 0.076923 0.076923 
0.598015 0.002481 0.002481 0.002481 0.002481 0.002481 0.002481 0.225806 0.076923 0.002481 0.076923 0.002481 0.002481 
Document 73
0.007519 0.007519 0.007519 0.007519 0.007519 0.007519 0.007519 0.007519 0.007519 0.007519 0.909774 0.007519 0.007519 
0.007519 0.007519 0.007519 0.007519 0.233083 0.007519 0.007519 0.007519 0.458647 0.007519 0.007519 0.233083 0.007519 
0.013699 0.013699 0.013699 0.013699 0.013699 0.835616 0.013699 0.013699 0.013699 0.013699 0.013699 0.013699 0.013699 
Document 74
0.006135 0.006135 0.006135 0.006135 0.190184 0.006135 0.006135 0.006135 0.006135 0.742331 0.006135 0.006135 0.006135 
0.076923 0.002481 0.598015 0.002481 0.225806 0.002481 0.002481 0.002481 0.002481 0.002481 0.002481 0.002481 0.076923 
0.076923 0.076923 0.076923 0.076923 0.076923 0.076923 0.076923 0.076923 0.076923 0.076923 0.076923 0.076923 0.076923 
Document 75
0.002160 0.002160 0.002160 0.002160 0.002160 0.002160 0.002160 0.002160 0.002160 0.650108 0.002160 0.326134 0.002160 
0.001486 0.001486 0.001486 0.001486 0.536404 0.001486 0.313522 0.001486 0.001486 0.001486 0.001486 0.001486 0.135215 
0.002160 0.002160 0.002160 0.002160 0.002160 0.196544 0.002160 0.002160 0.002160 0.002160 0.002160 0.520518 0.261339 
Document 76
0.005181 0.005181 0.005181 0.160622 0.005181 0.005181 0.005181 0.005181 0.005181 0.782383 0.005181 0.005181 0.005181 
0.004484 0.004484 0.004484 0.004484 0.004484 0.004484 0.004484 0.004484 0.542601 0.004484 0.004484 0.408072 0.004484 
0.592233 0.009709 0.009709 0.300971 0.009709 0.009709 0.009709 0.009709 0.009709 0.009709 0.009709 0.009709 0.009709 
Document 77
0.076923 0.076923 0.076923 0.076923 0.076923 0.076923 0.076923 0.076923 0.076923 0.076923 0.076923 0.076923 0.076923 
0.007519 0.007519 0.007519 0.007519 0.909774 0.007519 0.007519 0.007519 0.007519 0.007519 0.007519 0.007519 0.007519 
0.007519 0.233083 0.458647 0.007519 0.007519 0.007519 0.007519 0.007519 0.233083 0.007519 0.007519 0.007519 0.007519 
Document 78
0.013699 0.013699 0.013699 0.013699 0.835616 0.013699 0.013699 0.013699 0.013699 0.013699 0.013699 0.013699 0.013699 
0.009709 0.009709 0.009709 0.009709 0.009709 0.009709 0.009709 0.009709 0.009709 0.009709 0.009709 0.009709 0.883495 
0.684211 0.007519 0.007519 0.233083 0.007519 0.007519 0.007519 0.007519 0.007519 0.007519 0.007519 0.007519 0.007519 
Document 79
0.003195 0.003195 0.003195 0.003195 0.003195 0.003195 0.003195 0.578275 0.003195 0.003195 0.003195 0.386581 0.003195 
0.000997 0.000997 0.000997 0.000997 0.060818 0.000997 0.270189 0.359920 0.000997 0.000997 0.300100 0.000997 0.000997 
0.002481 0.002481 0.002481 0.002481 0.002481 0.002481 0.002481 0.449132 0.002481 0.151365 0.002481 0.374690 0.002481 
Document 80
0.122530 0.003953 0.003953 0.003953 0.122530 0.003953 0.003953 0.003953 0.003953 0.003953 0.715415 0.003953 0.003953 
0.023256 0.023256 0.023256 0.023256 0.023256 0.023256 0.023256 0.023256 0.023256 0.023256 0.023256 0.023256 0.720930 
0.076923 0.076923 0.076923 0.076923 0.076923 0.076923 0.076923 0.076923 0.076923 0.076923 0.076923 0.076923 0.076923 
Document 81
0.076923 0.076923 0.076923 0.076923 0.076923 0.076923 0.076923 0.076923 0.076923 0.076923 0.076923 0.076923 0.076923 
0.006135 0.006135 0.006135 0.006135 0.006135 0.006135 0.006135 0.742331 0.006135 0.006135 0.006135 0.006135 0.190184 
0.023256 0.023256 0.023256 0.023256 0.023256 0.023256 0.023256 0.023256 0.023256 0.720930 0.023256 0.023256 0.023256 
Document 82
0.007519 0.007519 0.684211 0.007519 0.007519 0.007519 0.007519 0.007519 0.007519 0.007519 0.007519 0.007519 0.233083 
0.007519 0.007519 0.909774 0.007519 0.007519 0.007519 0.007519 0.007519 0.007519 0.007519 0.007519 0.007519 0.007519 
0.002681 0.002681 0.324397 0.002681 0.083110 0.002681 0.404826 0.002681 0.002681 0.163539 0.002681 0.002681 0.002681 
Document 83
0.002681 0.163539 0.002681 0.002681 0.083110 0.002681 0.002681 0.163539 0.002681 0.002681 0.243968 0.324397 0.002681 
0.946188 0.004484 0.004484 0.004484 0.004484 0.004484 0.004484 0.004484 0.004484 0.004484 0.004484 0.004484 0.004484 
0.004484 0.004484 0.004484 0.004484 0.004484 0.004484 0.946188 0.004484 0.004484 0.004484 0.004484 0.004484 0.004484 
Document 84
0.003195 0.003195 0.003195 0.003195 0.099042 0.099042 0.194888 0.003195 0.578275 0.003195 0.003195 0.003195 0.003195 
0.023256 0.023256 0.023256 0.023256 0.023256 0.023256 0.023256 0.023256 0.720930 0.023256 0.023256 0.023256 0.023256 
0.004484 0.004484 0.004484 0.004484 0.004484 0.273543 0.004484 0.542601 0.004484 0.004484 0.139013 0.004484 0.004484 
Document 85
0.243968 0.002681 0.002681 0.324397 0.002681 0.163539 0.002681 0.002681 0.243968 0.002681 0.002681 0.002681 0.002681 
0.003195 0.003195 0.290735 0.194888 0.003195 0.099042 0.099042 0.003195 0.003195 0.003195 0.003195 0.290735 0.003195 
0.003534 0.003534 0.003534 0.745583 0.003534 0.003534 0.215548 0.003534 0.003534 0.003534 0.003534 0.003534 0.003534 
Document 86
0.002160 0.131749 0.002160 0.002160 0.196544 0.326134 0.002160 0.002160 0.002160 0.002160 0.002160 0.002160 0.326134 
0.005181 0.005181 0.005181 0.005181 0.005181 0.160622 0.005181 0.005181 0.005181 0.005181 0.005181 0.005181 0.782383 
0.023256 0.023256 0.023256 0.023256 0.023256 0.023256 0.023256 0.023256 0.023256 0.023256 0.720930 0.023256 0.023256 
Document 87
0.003953 0.003953 0.122530 0.003953 0.003953 0.003953 0.003953 0.003953 0.003953 0.241107 0.003953 0.003953 0.596838 
0.009709 0.300971 0.009709 0.009709 0.009709 0.009709 0.009709 0.009709 0.009709 0.009709 0.592233 0.009709 0.009709 
0.002915 0.002915 0.002915 0.002915 0.002915 0.002915 0.615160 0.177843 0.002915 0.177843 0.002915 0.002915 0.002915 
Document 88
0.006135 0.006135 0.190184 0.006135 0.006135 0.006135 0.006135 0.006135 0.006135 0.006135 0.742331 0.006135 0.006135 
0.013699 0.013699 0.013699 0.013699 0.013699 0.013699 0.013699 0.013699 0.013699 0.013699 0.013699 0.835616 0.013699 
0.002915 0.002915 0.877551 0.002915 0.002915 0.002915 0.002915 0.002915 0.090379 0.002915 0.002915 0.002915 0.002915 
Document 89
0.013699 0.013699 0.013699 0.013699 0.013699 0.013699 0.013699 0.013699 0.013699 0.013699 0.013699 0.013699 0.835616 
0.023256 0.023256 0.720930 0.023256 0.023256 0.023256 0.023256 0.023256 0.023256 0.023256 0.023256 0.023256 0.023256 
0.006135 0.006135 0.006135 0.006135 0.006135 0.006135 0.006135 0.558282 0.006135 0.374233 0.006135 0.006135 0.006135 
Document 90
0.001422 0.001422 0.086771 0.001422 0.086771 0.342817 0.001422 0.001422 0.001422 0.086771 0.001422 0.001422 0.385491 
0.013699 0.013699 0.013699 0.424658 0.013699 0.013699 0.013699 0.013699 0.013699 0.013699 0.013699 0.424658 0.013699 
0.003534 0.003534 0.003534 0.003534 0.427562 0.215548 0.003534 0.003534 0.003534 0.003534 0.003534 0.321555 0.003534 
Document 91
0.076923 0.076923 0.076923 0.076923 0.076923 0.076923 0.076923 0.076923 0.076923 0.076923 0.076923 0.076923 0.076923 
0.013699 0.013699 0.013699 0.013699 0.013699 0.835616 0.013699 0.013699 0.013699 0.013699 0.013699 0.013699 0.013699 
0.835616 0.013699 0.013699 0.013699 0.013699 0.013699 0.013699 0.013699 0.013699 0.013699 0.013699 0.013699 0.013699 
Document 92
0.003195 0.003195 0.003195 0.003195 0.003195 0.003195 0.003195 0.003195 0.003195 0.003195 0.003195 0.003195 0.961661 
0.003953 0.122530 0.003953 0.003953 0.003953 0.003953 0.003953 0.359684 0.478261 0.003953 0.003953 0.003953 0.003953 
0.076923 0.076923 0.076923 0.076923 0.076923 0.076923 0.076923 0.076923 0.076923 0.076923 0.076923 0.076923 0.076923 
Document 93
0.007519 0.007519 0.007519 0.007519 0.007519 0.007519 0.007519 0.007519 0.007519 0.458647 0.458647 0.007519 0.007519 
0.006135 0.006135 0.006135 0.006135 0.006135 0.006135 0.006135 0.006135 0.006135 0.006135 0.006135 0.006135 0.926380 
0.006135 0.006135 0.006135 0.190184 0.006135 0.190184 0.006135 0.006135 0.006135 0.006135 0.190184 0.006135 0.374233 
Document 94
0.003953 0.359684 0.003953 0.003953 0.003953 0.003953 0.003953 0.596838 0.003953 0.003953 0.003953 0.003953 0.003953 
0.076923 0.076923 0.076923 0.076923 0.076923 0.076923 0.076923 0.076923 0.076923 0.076923 0.076923 0.076923 0.076923 
0.005181 0.005181 0.005181 0.005181 0.005181 0.005181 0.005181 0.005181 0.005181 0.005181 0.005181 0.005181 0.937824 
Document 95
0.003953 0.003953 0.003953 0.003953 0.003953 0.003953 0.003953 0.003953 0.003953 0.003953 0.003953 0.003953 0.952569 
0.005181 0.005181 0.782383 0.005181 0.005181 0.005181 0.005181 0.005181 0.160622 0.005181 0.005181 0.005181 0.005181 
0.076923 0.076923 0.076923 0.076923 0.076923 0.076923 0.076923 0.076923 0.076923 0.076923 0.076923 0.076923 0.076923 
Document 96
0.003953 0.003953 0.003953 0.241107 0.003953 0.003953 0.241107 0.003953 0.003953 0.003953 0.003953 0.003953 0.478261 
0.001631 0.001631 0.001631 0.099511 0.001631 0.148450 0.148450 0.001631 0.001631 0.001631 0.197390 0.393148 0.001631 
0.002681 0.002681 0.002681 0.243968 0.726542 0.002681 0.002681 0.002681 0.002681 0.002681 0.002681 0.002681 0.002681 
Document 97
0.002681 0.002681 0.646113 0.002681 0.324397 0.002681 0.002681 0.002681 0.002681 0.002681 0.002681 0.002681 0.002681 
0.003195 0.003195 0.003195 0.003195 0.003195 0.290735 0.194888 0.003195 0.003195 0.003195 0.003195 0.482428 0.003195 
0.952569 0.003953 0.003953 0.003953 0.003953 0.003953 0.003953 0.003953 0.003953 0.003953 0.003953 0.003953 0.003953 
Document 98
0.005181 0.005181 0.005181 0.005181 0.005181 0.005181 0.626943 0.005181 0.005181 0.316062 0.005181 0.005181 0.005181 
0.076923 0.076923 0.076923 0.076923 0.076923 0.076923 0.076923 0.076923 0.076923 0.076923 0.076923 0.076923 0.076923 
0.086771 0.001422 0.513514 0.086771 0.001422 0.044097 0.257468 0.001422 0.001422 0.001422 0.001422 0.001422 0.001422 
Document 99
0.076923 0.076923 0.076923 0.076923 0.076923 0.076923 0.076923 0.076923 0.076923 0.076923 0.076923 0.076923 0.076923 
0.005181 0.005181 0.005181 0.005181 0.005181 0.937824 0.005181 0.005181 0.005181 0.005181 0.005181 0.005181 0.005181 
0.558282 0.006135 0.374233 0.006135 0.006135 0.006135 0.006135 0.006135 0.006135 0.006135 0.006135 0.006135 0.006135 
Document 100
0.076923 0.076923 0.076923 0.076923 0.076923 0.076923 0.076923 0.076923 0.076923 0.076923 0.076923 0.076923 0.076923 
0.190184 0.006135 0.006135 0.006135 0.006135 0.374233 0.006135 0.006135 0.006135 0.006135 0.006135 0.006135 0.374233 
0.720930 0.023256 0.023256 0.023256 0.023256 0.023256 0.023256 0.023256 0.023256 0.023256 0.023256 0.023256 0.023256 
Document 101
0.004484 0.004484 0.004484 0.004484 0.004484 0.946188 0.004484 0.004484 0.004484 0.004484 0.004484 0.004484 0.004484 
0.009709 0.009709 0.009709 0.300971 0.009709 0.009709 0.009709 0.009709 0.592233 0.009709 0.009709 0.009709 0.009709 
0.002160 0.196544 0.002160 0.002160 0.585313 0.066955 0.002160 0.002160 0.066955 0.002160 0.002160 0.002160 0.066955 
Document 102
0.002028 0.002028 0.427992 0.002028 0.002028 0.002028 0.002028 0.002028 0.002028 0.488844 0.062880 0.002028 0.002028 
0.076923 0.076923 0.076923 0.076923 0.076923 0.076923 0.076923 0.076923 0.076923 0.076923 0.076923 0.076923 0.076923 
0.690249 0.001912 0.001912 0.001912 0.001912 0.001912 0.001912 0.001912 0.173996 0.001912 0.001912 0.001912 0.116635 
Document 103
0.152585 0.001261 0.001261 0.001261 0.001261 0.001261 0.001261 0.001261 0.076923 0.001261 0.001261 0.266078 0.493064 
0.591088 0.001311 0.001311 0.001311 0.001311 0.001311 0.394495 0.001311 0.001311 0.001311 0.001311 0.001311 0.001311 
0.003534 0.321555 0.003534 0.003534 0.003534 0.533569 0.109541 0.003534 0.003534 0.003534 0.003534 0.003534 0.003534 
Document 104
0.076923 0.076923 0.076923 0.076923 0.076923 0.076923 0.076923 0.076923 0.076923 0.076923 0.076923 0.076923 0.076923 
0.002160 0.066955 0.455724 0.002160 0.002160 0.455724 0.002160 0.002160 0.002160 0.002160 0.002160 0.002160 0.002160 
0.279446 0.002309 0.002309 0.348730 0.002309 0.002309 0.002309 0.002309 0.002309 0.140878 0.210162 0.002309 0.002309 
Document 105
0.076923 0.076923 0.076923 0.076923 0.076923 0.076923 0.076923 0.076923 0.076923 0.076923 0.076923 0.076923 0.076923 
0.006135 0.006135 0.558282 0.006135 0.006135 0.006135 0.006135 0.006135 0.374233 0.006135 0.006135 0.006135 0.006135 
0.674121 0.290735 0.003195 0.003195 0.003195 0.003195 0.003195 0.003195 0.003195 0.003195 0.003195 0.003195 0.003195 
Document 106
0.007519 0.007519 0.007519 0.007519 0.909774 0.007519 0.007519 0.007519 0.007519 0.007519 0.007519 0.007519 0.007519 
0.003534 0.003534 0.003534 0.003534 0.003534 0.003534 0.003534 0.003534 0.003534 0.003534 0.003534 0.745583 0.215548 
0.013699 0.013699 0.424658 0.013699 0.013699 0.013699 0.013699 0.013699 0.013699 0.013699 0.013699 0.013699 0.424658 
Document 107
0.003953 0.478261 0.003953 0.003953 0.359684 0.003953 0.003953 0.003953 0.003953 0.122530 0.003953 0.003953 0.003953 
0.076923 0.076923 0.076923 0.076923 0.076923 0.076923 0.076923 0.076923 0.076923 0.076923 0.076923 0.076923 0.076923 
0.348730 0.002309 0.279446 0.002309 0.210162 0.002309 0.140878 0.002309 0.002309 0.002309 0.002309 0.002309 0.002309 
Document 108
0.003953 0.003953 0.003953 0.003953 0.003953 0.003953 0.003953 0.596838 0.003953 0.241107 0.003953 0.003953 0.122530 
0.374233 0.006135 0.006135 0.006135 0.006135 0.006135 0.006135 0.558282 0.006135 0.006135 0.006135 0.006135 0.006135 
0.002915 0.002915 0.965015 0.002915 0.002915 0.002915 0.002915 0.002915 0.002915 0.002915 0.002915 0.002915 0.002915 
Document 109
