d_0 d1548 0.153961 0.467862 0.378176 
d_1 d1561 0.059361 0.196347 0.744292 
d_2 d1563 0.679417 0.132969 0.187614 
d_3 d1569 0.511660 0.470508 0.017833 
d_4 d1571 0.355120 0.028322 0.616558 
d_5 d1572 0.341815 0.367260 0.290925 
d_6 d1574 0.473302 0.208917 0.317781 
d_7 d1575 0.746313 0.126844 0.126844 
d_8 d1576 0.403403 0.193193 0.403403 
d_9 d1578 0.483822 0.032355 0.483822 
d_10 d1580 0.476703 0.261649 0.261649 
d_11 d1582 0.087935 0.271984 0.640082 
d_12 d1583 0.279133 0.035230 0.685637 
d_13 d1587 0.212321 0.344334 0.443344 
d_14 d1590 0.659674 0.240093 0.100233 
d_15 d1591 0.483709 0.032581 0.483709 
d_16 d1592 0.104435 0.619456 0.276109 
d_17 d1593 0.038348 0.126844 0.834808 
d_18 d1594 0.333333 0.288490 0.378176 
d_19 d1595 0.289760 0.093682 0.616558 
d_20 d1596 0.216987 0.426411 0.356603 
d_21 d1597 0.369176 0.584229 0.046595 
d_22 d1598 0.494754 0.131558 0.373688 
d_23 d1599 0.477812 0.168215 0.353973 
d_24 d1600 0.006078 0.693315 0.300608 
d_25 d1601 0.038348 0.392330 0.569322 
d_26 d1602 0.126079 0.436960 0.436960 
d_27 d1604 0.023679 0.843352 0.132969 
d_28 d1605 0.460838 0.351548 0.187614 
d_29 d1606 0.214756 0.530962 0.254282 
d_30 d1607 0.246301 0.272411 0.481288 
d_31 d1608 0.451910 0.175231 0.372859 
d_32 d1611 0.172691 0.293173 0.534137 
d_33 d1612 0.167661 0.445991 0.386349 
d_34 d1613 0.280662 0.551543 0.167795 
d_35 d1614 0.545377 0.138253 0.316370 
d_36 d1615 0.302034 0.302034 0.395931 
d_37 d1616 0.326706 0.386349 0.286945 
d_38 d1617 0.316026 0.648321 0.035652 
d_39 d1618 0.093682 0.877996 0.028322 
d_40 d1619 0.651722 0.261858 0.086420 
d_41 d1620 0.570487 0.333333 0.096179 
d_42 d1621 0.939394 0.030303 0.030303 
d_43 d1622 0.799534 0.170163 0.030303 
d_44 d1623 0.196347 0.607306 0.196347 
d_45 d1624 0.355120 0.551198 0.093682 
d_46 d1625 0.527508 0.042071 0.430421 
d_47 d1626 0.404864 0.361946 0.233190 
d_48 d1627 0.281520 0.022453 0.696028 
d_49 d1628 0.542354 0.377338 0.080308 
d_50 d1629 0.085984 0.828033 0.085984 
d_51 d1630 0.333333 0.408521 0.258145 
d_52 d1631 0.409601 0.315388 0.275011 
d_53 d1632 0.100775 0.565891 0.333333 
d_54 d1633 0.114269 0.629366 0.256365 
d_55 d1634 0.087935 0.026585 0.885481 
d_56 d1635 0.187614 0.242259 0.570128 
d_57 d1636 0.182957 0.333333 0.483709 
d_58 d1637 0.052503 0.931624 0.015873 
d_59 d1638 0.056653 0.451910 0.491436 
d_60 d1639 0.319027 0.233190 0.447783 
d_61 d1640 0.360434 0.604336 0.035230 
d_62 d1641 0.717421 0.141289 0.141289 
d_63 d1642 0.092522 0.624842 0.282636 
d_64 d1643 0.238905 0.465534 0.295562 
d_65 d1644 0.333333 0.107769 0.558897 
d_66 d1645 0.717421 0.223594 0.058985 
d_67 d1646 0.470508 0.305898 0.223594 
d_68 d1647 0.253697 0.048919 0.697383 
d_69 d1648 0.799655 0.074266 0.126079 
d_70 d1649 0.117351 0.268539 0.614111 
d_71 d1650 0.185438 0.526735 0.287827 
d_72 d1651 0.557549 0.019432 0.423019 
d_73 d1652 0.923304 0.038348 0.038348 
d_74 d1653 0.177893 0.747841 0.074266 
d_75 d1654 0.176986 0.570982 0.252033 
d_76 d1655 0.025048 0.256262 0.718690 
d_77 d1656 0.046595 0.691756 0.261649 
d_78 d1657 0.139159 0.430421 0.430421 
d_79 d1658 0.182083 0.705643 0.112275 
d_80 d1659 0.721683 0.139159 0.139159 
d_81 d1660 0.196347 0.744292 0.059361 
d_82 d1661 0.020344 0.395931 0.583725 
d_83 d1662 0.492063 0.162393 0.345543 
d_84 d1663 0.281520 0.281520 0.436960 
d_85 d1664 0.261094 0.353973 0.384933 
d_86 d1665 0.576538 0.233190 0.190272 
d_87 d1666 0.276109 0.361946 0.361946 
d_88 d1667 0.229706 0.126079 0.644214 
d_89 d1668 0.691756 0.154122 0.154122 
d_90 d1669 0.720491 0.012276 0.267233 
d_91 d1670 0.270440 0.647799 0.081761 
d_92 d1671 0.385147 0.592401 0.022453 
d_93 d1672 0.355120 0.289760 0.355120 
d_94 d1673 0.485839 0.355120 0.159041 
d_95 d1674 0.289760 0.551198 0.159041 
d_96 d1675 0.179984 0.422115 0.397902 
d_97 d1676 0.173589 0.556976 0.269436 
d_98 d1677 0.113311 0.179318 0.707371 
d_99 d1678 0.035230 0.279133 0.685637 
d_100 d1679 0.333333 0.607306 0.059361 
d_101 d1680 0.206591 0.244613 0.548796 
d_102 d1681 0.508260 0.100097 0.391642 
d_103 d1682 0.578032 0.414899 0.007069 
d_104 d1683 0.080308 0.608361 0.311331 
d_105 d1684 0.517382 0.456033 0.026585 
d_106 d1685 0.026585 0.578732 0.394683 
d_107 d1686 0.447783 0.319027 0.233190 
d_108 d1687 0.412385 0.254282 0.333333 
d_109 d1688 0.240093 0.030303 0.729604 
d_110 d1689 0.434343 0.258390 0.307266 
d_111 d1690 0.236246 0.236246 0.527508 
d_112 d1691 0.490701 0.233190 0.276109 
d_113 d1692 0.939394 0.030303 0.030303 
d_114 d1693 0.172691 0.293173 0.534137 
d_115 d1694 0.035230 0.604336 0.360434 
d_116 d1695 0.493493 0.253253 0.253253 
d_117 d1696 0.662375 0.276109 0.061516 
d_118 d1697 0.017833 0.141289 0.840878 
d_119 d1698 0.477501 0.149847 0.372652 
d_120 d1699 0.418682 0.418682 0.162636 
d_121 d1700 0.161189 0.724570 0.114241 
d_122 d1701 0.153961 0.243647 0.602392 
d_123 d1702 0.570128 0.132969 0.296903 
d_124 d1703 0.126844 0.569322 0.303835 
d_125 d1704 0.507398 0.272411 0.220191 
d_126 d1705 0.540587 0.436960 0.022453 
d_127 d1706 0.172691 0.052209 0.775100 
d_128 d1707 0.242259 0.624772 0.132969 
d_129 d1708 0.592401 0.229706 0.177893 
d_130 d1709 0.377338 0.146315 0.476348 
d_131 d1710 0.228410 0.373688 0.397902 
d_132 d1711 0.074266 0.333333 0.592401 
d_133 d1712 0.006636 0.649821 0.343543 
d_134 d1713 0.187614 0.406193 0.406193 
d_135 d1714 0.654618 0.052209 0.293173 
d_136 d1715 0.433758 0.422171 0.144071 
d_137 d1716 0.551198 0.420479 0.028322 
d_138 d1717 0.271359 0.536963 0.191678 
d_139 d1718 0.256262 0.487476 0.256262 
d_140 d1719 0.223223 0.013013 0.763764 
d_141 d1720 0.591606 0.131558 0.276836 
d_142 d1721 0.258089 0.506396 0.235515 
d_143 d1722 0.305898 0.429355 0.264746 
d_144 d1723 0.634131 0.173726 0.192142 
d_145 d1724 0.092522 0.244613 0.662864 
d_146 d1725 0.314213 0.467177 0.218611 
d_147 d1726 0.168568 0.548796 0.282636 
d_148 d1727 0.762781 0.210634 0.026585 
d_149 d1728 0.116531 0.766938 0.116531 
d_150 d1729 0.316913 0.464696 0.218391 
d_151 d1730 0.319531 0.567978 0.112491 
d_152 d1731 0.119869 0.711002 0.169130 
d_153 d1732 0.175231 0.017128 0.807642 
d_154 d1733 0.074266 0.799655 0.126079 
d_155 d1734 0.096179 0.254282 0.649539 
d_156 d1735 0.087935 0.333333 0.578732 
d_157 d1736 0.385147 0.540587 0.074266 
d_158 d1737 0.379953 0.100233 0.519814 
d_159 d1738 0.177893 0.229706 0.592401 
d_160 d1739 0.052209 0.293173 0.654618 
d_161 d1740 0.510773 0.282636 0.206591 
d_162 d1741 0.333333 0.210634 0.456033 
d_163 d1742 0.460838 0.515483 0.023679 
d_164 d1743 0.005464 0.598150 0.396385 
d_165 d1744 0.052209 0.293173 0.654618 
d_166 d1745 0.030303 0.100233 0.869464 
d_167 d1746 0.446852 0.261094 0.292054 
d_168 d1747 0.186718 0.548944 0.264338 
d_169 d1748 0.659674 0.170163 0.170163 
d_170 d1749 0.270440 0.270440 0.459119 
d_171 d1750 0.052209 0.052209 0.895582 
d_172 d1751 0.061917 0.519932 0.418151 
d_173 d1752 0.270440 0.081761 0.647799 
d_174 d1753 0.052209 0.052209 0.895582 
d_175 d1754 0.394683 0.026585 0.578732 
d_176 d1755 0.187614 0.624772 0.187614 
d_177 d1756 0.489828 0.114241 0.395931 
d_178 d1757 0.536173 0.252197 0.211629 
d_179 d1758 0.434728 0.396705 0.168568 
d_180 d1759 0.303835 0.480826 0.215339 
d_181 d1760 0.360434 0.604336 0.035230 
d_182 d1761 0.335692 0.498467 0.165841 
d_183 d1762 0.261649 0.046595 0.691756 
d_184 d1763 0.423019 0.243647 0.333333 
d_185 d1764 0.209264 0.010753 0.779983 
d_186 d1765 0.527508 0.333333 0.139159 
d_187 d1766 0.288490 0.333333 0.378176 
d_188 d1767 0.388495 0.435776 0.175729 
d_189 d1768 0.242259 0.515483 0.242259 
d_190 d1769 0.366174 0.563218 0.070608 
d_191 d1770 0.565324 0.015873 0.418803 
d_192 d1771 0.369176 0.476703 0.154122 
d_193 d1772 0.514165 0.297167 0.188668 
d_194 d1773 0.784461 0.107769 0.107769 
d_195 d1774 0.078324 0.078324 0.843352 
d_196 d1775 0.227513 0.068783 0.703704 
d_197 d1776 0.132969 0.515483 0.351548 
d_198 d1777 0.799534 0.030303 0.170163 
d_199 d1778 0.046595 0.906810 0.046595 
d_200 d1779 0.601954 0.382173 0.015873 
d_201 d1780 0.449978 0.194258 0.355765 
d_202 d1781 0.218391 0.267652 0.513957 
d_203 d1782 0.353274 0.622466 0.024261 
d_204 d1783 0.634085 0.182957 0.182957 
d_205 d1784 0.210634 0.640082 0.149284 
d_206 d1785 0.014790 0.697383 0.287827 
d_207 d1786 0.156655 0.792697 0.050648 
d_208 d1787 0.092522 0.814956 0.092522 
d_209 d1788 0.556976 0.205538 0.237487 
d_210 d1789 0.348983 0.208138 0.442879 
d_211 d1790 0.418151 0.367260 0.214589 
d_212 d1791 0.449883 0.449883 0.100233 
d_213 d1792 0.021346 0.711002 0.267652 
d_214 d1793 0.545279 0.429672 0.025048 
d_215 d1794 0.660886 0.256262 0.082852 
d_216 d1795 0.355120 0.289760 0.355120 
d_217 d1796 0.465534 0.182247 0.352219 
d_218 d1797 0.536776 0.395931 0.067293 
d_219 d1798 0.315250 0.369500 0.315250 
d_220 d1799 0.404864 0.319027 0.276109 
d_221 d1800 0.133133 0.373373 0.493493 
d_222 d1801 0.175055 0.488446 0.336499 
d_223 d1802 0.204775 0.397612 0.397612 
d_224 d1803 0.227513 0.544974 0.227513 
d_225 d1804 0.527508 0.042071 0.430421 
d_226 d1805 0.310023 0.240093 0.449883 
d_227 d1806 0.311928 0.323604 0.364468 
d_228 d1807 0.692078 0.064275 0.243647 
d_229 d1808 0.333333 0.319109 0.347558 
d_230 d1809 0.210576 0.210576 0.578848 
d_231 d1810 0.022453 0.644214 0.333333 
d_232 d1811 0.799534 0.170163 0.030303 
d_233 d1812 0.147353 0.490701 0.361946 
d_234 d1813 0.028322 0.485839 0.485839 
d_235 d1814 0.235653 0.272283 0.492063 
d_236 d1815 0.483709 0.483709 0.032581 
d_237 d1816 0.278328 0.410341 0.311331 
d_238 d1817 0.154122 0.584229 0.261649 
d_239 d1818 0.113311 0.410341 0.476348 
d_240 d1819 0.833737 0.155771 0.010492 
d_241 d1820 0.644214 0.022453 0.333333 
d_242 d1821 0.616558 0.093682 0.289760 
d_243 d1822 0.340235 0.340235 0.319531 
d_244 d1823 0.869464 0.030303 0.100233 
d_245 d1824 0.151308 0.048919 0.799772 
d_246 d1825 0.233190 0.533619 0.233190 
d_247 d1826 0.308519 0.258892 0.432589 
d_248 d1827 0.353973 0.106295 0.539732 
d_249 d1828 0.210576 0.465534 0.323890 
d_250 d1829 0.233190 0.018598 0.748212 
d_251 d1830 0.191991 0.439340 0.368669 
d_252 d1831 0.247184 0.366468 0.386349 
d_253 d1832 0.276109 0.276109 0.447783 
d_254 d1833 0.276109 0.190272 0.533619 
d_255 d1834 0.288757 0.273898 0.437345 
d_256 d1835 0.189608 0.653952 0.156440 
d_257 d1836 0.467862 0.198804 0.333333 
d_258 d1837 0.301384 0.429180 0.269436 
d_259 d1838 0.382683 0.301929 0.315388 
d_260 d1839 0.356086 0.458476 0.185438 
d_261 d1840 0.607306 0.059361 0.333333 
d_262 d1841 0.692162 0.012276 0.295562 
d_263 d1842 0.476348 0.014301 0.509351 
d_264 d1843 0.012634 0.624879 0.362488 
d_265 d1844 0.035230 0.116531 0.848238 
d_266 d1845 0.198459 0.776493 0.025048 
d_267 d1846 0.431994 0.305144 0.262861 
d_268 d1847 0.576538 0.319027 0.104435 
d_269 d1848 0.834049 0.147353 0.018598 
d_270 d1849 0.620873 0.141640 0.237487 
d_271 d1850 0.125763 0.418803 0.455433 
d_272 d1851 0.167795 0.574116 0.258089 
d_273 d1852 0.539732 0.384933 0.075335 
d_274 d1853 0.345841 0.458412 0.195747 
d_275 d1854 0.492063 0.455433 0.052503 
d_276 d1855 0.158406 0.158406 0.683188 
d_277 d1856 0.282636 0.662864 0.054499 
d_278 d1857 0.675214 0.015873 0.308913 
d_279 d1858 0.107769 0.032581 0.859649 
d_280 d1859 0.333333 0.026585 0.640082 
d_281 d1860 0.227513 0.068783 0.703704 
d_282 d1861 0.600856 0.151418 0.247726 
d_283 d1862 0.429672 0.371869 0.198459 
d_284 d1863 0.251891 0.478767 0.269343 
d_285 d1864 0.023679 0.570128 0.406193 
d_286 d1865 0.017833 0.635117 0.347051 
d_287 d1866 0.487476 0.256262 0.256262 
d_288 d1867 0.283283 0.583584 0.133133 
d_289 d1868 0.624772 0.351548 0.023679 
d_290 d1869 0.530962 0.214756 0.254282 
d_291 d1870 0.535354 0.370064 0.094582 
d_292 d1871 0.509351 0.014301 0.476348 
d_293 d1872 0.145666 0.547811 0.306524 
d_294 d1873 0.189143 0.189143 0.621713 
d_295 d1874 0.223594 0.058985 0.717421 
d_296 d1875 0.895582 0.052209 0.052209 
d_297 d1876 0.279714 0.333333 0.386953 
d_298 d1877 0.082852 0.603083 0.314066 
d_299 d1878 0.553554 0.373373 0.073073 
d_300 d1879 0.534137 0.293173 0.172691 
d_301 d1880 0.046595 0.369176 0.584229 
d_302 d1881 0.041788 0.187561 0.770651 
d_303 d1882 0.309032 0.406237 0.284731 
d_304 d1883 0.456033 0.210634 0.333333 
d_305 d1884 0.151308 0.458476 0.390216 
d_306 d1885 0.264746 0.182442 0.552812 
d_307 d1886 0.093682 0.289760 0.616558 
d_308 d1887 0.370956 0.258089 0.370956 
d_309 d1888 0.103888 0.773104 0.123008 
d_310 d1889 0.042071 0.818770 0.139159 
d_311 d1890 0.182957 0.107769 0.709273 
d_312 d1891 0.068783 0.227513 0.703704 
d_313 d1892 0.293808 0.610013 0.096179 
d_314 d1893 0.777148 0.040604 0.182247 
d_315 d1894 0.607306 0.059361 0.333333 
d_316 d1895 0.378176 0.512706 0.109118 
d_317 d1896 0.268539 0.549316 0.182145 
d_318 d1897 0.380768 0.238465 0.380768 
d_319 d1898 0.218611 0.486297 0.295092 
d_320 d1899 0.333333 0.032581 0.634085 
d_321 d1900 0.198459 0.256262 0.545279 
d_322 d1901 0.451910 0.254282 0.293808 
d_323 d1902 0.070608 0.661741 0.267652 
d_324 d1903 0.242259 0.515483 0.242259 
d_325 d1904 0.523035 0.035230 0.441734 
d_326 d1905 0.022453 0.022453 0.955095 
d_327 d1906 0.142016 0.627667 0.230316 
d_328 d1907 0.480257 0.314968 0.204775 
d_329 d1908 0.683188 0.275024 0.041788 
d_330 d1909 0.507805 0.342516 0.149679 
d_331 d1910 0.552812 0.429355 0.017833 
d_332 d1911 0.533619 0.404864 0.061516 
d_333 d1912 0.624879 0.187561 0.187561 
d_334 d1913 0.595724 0.362488 0.041788 
d_335 d1914 0.675214 0.272283 0.052503 
d_336 d1915 0.680449 0.205717 0.113834 
d_337 d1916 0.691756 0.046595 0.261649 
d_338 d1917 0.586819 0.206591 0.206591 
d_339 d1918 0.028322 0.355120 0.616558 
d_340 d1919 0.674367 0.113311 0.212321 
d_341 d1920 0.510773 0.016477 0.472750 
d_342 d1921 0.333333 0.436960 0.229706 
d_343 d1922 0.223594 0.347051 0.429355 
d_344 d1923 0.378176 0.109118 0.512706 
d_345 d1924 0.834297 0.025048 0.140655 
d_346 d1925 0.082852 0.834297 0.082852 
d_347 d1926 0.333333 0.408521 0.258145 
d_348 d1927 0.376137 0.247726 0.376137 
d_349 d1928 0.624772 0.351548 0.023679 
d_350 d1929 0.438064 0.340556 0.221380 
d_351 d1930 0.574093 0.380807 0.045100 
d_352 d1931 0.766938 0.197832 0.035230 
d_353 d1932 0.333333 0.557549 0.109118 
d_354 d1933 0.601430 0.011618 0.386953 
d_355 d1934 0.038348 0.746313 0.215339 
d_356 d1935 0.601954 0.125763 0.272283 
d_357 d1936 0.370734 0.244507 0.384759 
d_358 d1937 0.364854 0.364854 0.270292 
d_359 d1938 0.677502 0.123008 0.199490 
d_360 d1939 0.654033 0.129252 0.216715 
d_361 d1940 0.410341 0.014301 0.575358 
d_362 d1941 0.303835 0.126844 0.569322 
d_363 d1942 0.172691 0.052209 0.775100 
d_364 d1943 0.534137 0.413655 0.052209 
d_365 d1944 0.452709 0.204775 0.342516 
d_366 d1945 0.078324 0.460838 0.460838 
d_367 d1946 0.068783 0.862434 0.068783 
d_368 d1947 0.657817 0.126844 0.215339 
d_369 d1948 0.510773 0.092522 0.396705 
d_370 d1949 0.258145 0.558897 0.182957 
d_371 d1950 0.492605 0.287827 0.219568 
d_372 d1951 0.302640 0.173726 0.523634 
d_373 d1952 0.314066 0.429672 0.256262 
d_374 d1953 0.271984 0.456033 0.271984 
d_375 d1954 0.059361 0.470320 0.470320 
d_376 d1955 0.151308 0.629124 0.219568 
d_377 d1956 0.100137 0.676269 0.223594 
d_378 d1957 0.903282 0.074266 0.022453 
d_379 d1958 0.140655 0.082852 0.776493 
d_380 d1959 0.455178 0.376849 0.167972 
d_381 d1960 0.333333 0.196347 0.470320 
d_382 d1961 0.156655 0.191991 0.651355 
d_383 d1962 0.280662 0.416102 0.303236 
d_384 d1963 0.420479 0.159041 0.420479 
d_385 d1964 0.087935 0.149284 0.762781 
d_386 d1965 0.025048 0.660886 0.314066 
d_387 d1966 0.434728 0.016477 0.548796 
d_388 d1967 0.519814 0.030303 0.449883 
d_389 d1968 0.314968 0.259871 0.425161 
d_390 d1969 0.308913 0.382173 0.308913 
d_391 d5349 0.348099 0.359173 0.292728 
d_392 d5351 0.022453 0.385147 0.592401 
d_393 d5353 0.085194 0.308519 0.606286 
d_394 d5354 0.493078 0.141640 0.365282 
d_395 d5356 0.236246 0.139159 0.624595 
d_396 d5360 0.453402 0.161807 0.384791 
d_397 d5362 0.610470 0.379523 0.010008 
d_398 d5363 0.492605 0.253697 0.253697 
d_399 d5364 0.514165 0.044002 0.441832 
d_400 d5367 0.385147 0.592401 0.022453 
d_401 d5368 0.265121 0.428831 0.306048 
d_402 d5369 0.396705 0.434728 0.168568 
d_403 d5370 0.480826 0.038348 0.480826 
d_404 d5371 0.513957 0.464696 0.021346 
d_405 d5372 0.014301 0.476348 0.509351 
d_406 d5373 0.179318 0.608361 0.212321 
d_407 d5374 0.278328 0.443344 0.278328 
d_408 d5375 0.052209 0.293173 0.654618 
d_409 d5376 0.023679 0.242259 0.734062 
d_410 d5378 0.347051 0.017833 0.635117 
d_411 d5379 0.527508 0.042071 0.430421 
d_412 d5380 0.624595 0.139159 0.236246 
d_413 d5381 0.799655 0.177893 0.022453 
d_414 d5382 0.407775 0.010753 0.581472 
d_415 d5383 0.895582 0.052209 0.052209 
d_416 d5384 0.311331 0.509351 0.179318 
d_417 d5385 0.028322 0.224401 0.747277 
d_418 d5387 0.288757 0.556216 0.155027 
d_419 d5388 0.536776 0.442879 0.020344 
d_420 d5389 0.488774 0.385147 0.126079 
d_421 d5390 0.480826 0.038348 0.480826 
d_422 d5391 0.624772 0.023679 0.351548 
d_423 d5392 0.470320 0.059361 0.470320 
d_424 d5394 0.132969 0.078324 0.788707 
d_425 d5395 0.461129 0.333333 0.205538 
d_426 d5396 0.906810 0.046595 0.046595 
d_427 d5398 0.236246 0.430421 0.333333 
d_428 d5399 0.490701 0.018598 0.490701 
d_429 d5400 0.470320 0.333333 0.196347 
d_430 d5401 0.881279 0.059361 0.059361 
d_431 d5402 0.052209 0.052209 0.895582 
d_432 d5403 0.139159 0.430421 0.430421 
d_433 d5404 0.333333 0.229706 0.436960 
d_434 d5405 0.018598 0.361946 0.619456 
d_435 d5406 0.261391 0.251113 0.487496 
d_436 d5407 0.154122 0.046595 0.799283 
d_437 d5408 0.609386 0.008972 0.381643 
d_438 d5409 0.388203 0.182442 0.429355 
d_439 d5410 0.167661 0.445991 0.386349 
d_440 d5412 0.227326 0.156655 0.616019 
d_441 d5413 0.392330 0.215339 0.392330 
d_442 d5414 0.371869 0.371869 0.256262 
d_443 d5415 0.575358 0.278328 0.146315 
d_444 d5416 0.371245 0.248761 0.379994 
d_445 d5417 0.182442 0.100137 0.717421 
d_446 d5418 0.476703 0.154122 0.369176 
d_447 d5419 0.314066 0.140655 0.545279 
d_448 d5420 0.021346 0.316913 0.661741 
d_449 d5421 0.881279 0.059361 0.059361 
d_450 d5423 0.196347 0.470320 0.333333 
d_451 d5424 0.052209 0.654618 0.293173 
d_452 d5425 0.355120 0.093682 0.551198 
d_453 d5426 0.215339 0.746313 0.038348 
d_454 d5427 0.376137 0.408240 0.215623 
d_455 d5428 0.333333 0.281520 0.385147 
d_456 d5429 0.349475 0.155771 0.494754 
d_457 d5430 0.116531 0.035230 0.848238 
d_458 d5431 0.519814 0.379953 0.100233 
d_459 d5432 0.215339 0.215339 0.569322 
d_460 d5433 0.135705 0.610013 0.254282 
d_461 d5452 0.223010 0.435776 0.341214 
d_462 d5459 0.384791 0.264723 0.350486 
d_463 d5462 0.278123 0.485162 0.236715 
d_464 d5472 0.258892 0.382961 0.358147 
d_465 d5473 0.388203 0.058985 0.552812 
d_466 d5475 0.519932 0.163698 0.316370 
d_467 d5478 0.607306 0.333333 0.059361 
d_468 d5479 0.230417 0.333333 0.436249 
d_469 d5480 0.430421 0.333333 0.236246 
d_470 d5481 0.032581 0.784461 0.182957 
d_471 d5484 0.235515 0.303236 0.461249 
d_472 d5485 0.604336 0.116531 0.279133 
d_473 d5486 0.292054 0.477812 0.230134 
d_474 d5487 0.283706 0.358147 0.358147 
d_475 d5489 0.366174 0.070608 0.563218 
d_476 d5490 0.299170 0.518790 0.182040 
d_477 d5492 0.020344 0.067293 0.912363 
d_478 d5494 0.456033 0.210634 0.333333 
d_479 d5496 0.679754 0.264049 0.056197 
d_480 d5497 0.616558 0.355120 0.028322 
d_481 d5498 0.397612 0.480257 0.122130 
d_482 d5549 0.411234 0.300533 0.288233 
d_483 d5751 0.337944 0.213462 0.448594 
d_484 d5753 0.360434 0.035230 0.604336 
d_485 d5787 0.022453 0.851468 0.126079 
d_486 d5790 0.325809 0.438676 0.235515 
d_487 d5792 0.784461 0.182957 0.032581 
d_488 d5799 0.408876 0.097262 0.493862 
d_489 d5808 0.139159 0.042071 0.818770 
d_490 d5818 0.258145 0.483709 0.258145 
d_491 d5820 0.085194 0.209264 0.705542 
d_492 d5824 0.426110 0.326706 0.247184 
d_493 d5827 0.734062 0.023679 0.242259 
d_494 d5829 0.371869 0.198459 0.429672 
d_495 d5843 0.339472 0.321056 0.339472 
d_496 d5854 0.117179 0.151308 0.731513 
d_497 d5860 0.635117 0.347051 0.017833 
d_498 d5861 0.156655 0.085984 0.757362 
d_499 d5885 0.225915 0.407184 0.366902 
d_500 d5886 0.115753 0.716275 0.167972 
d_501 d5888 0.408521 0.032581 0.558897 
d_502 d5889 0.100233 0.799534 0.100233 
d_503 d5890 0.449883 0.100233 0.449883 
d_504 d5891 0.156655 0.297998 0.545347 
d_505 d5892 0.544974 0.068783 0.386243 
d_506 d5893 0.430421 0.527508 0.042071 
d_507 d5894 0.379953 0.310023 0.310023 
d_508 d5895 0.679417 0.187614 0.132969 
d_509 d5896 0.078324 0.624772 0.296903 
d_510 d5897 0.139159 0.527508 0.333333 
d_511 d5898 0.545279 0.256262 0.198459 
d_512 d5899 0.208138 0.442879 0.348983 
d_513 d5900 0.246301 0.690165 0.063534 
d_514 d5901 0.038348 0.569322 0.392330 
d_515 d5902 0.139159 0.042071 0.818770 
d_516 d5903 0.035230 0.523035 0.441734 
d_517 d5904 0.014790 0.287827 0.697383 
d_518 d5905 0.042071 0.139159 0.818770 
d_519 d5906 0.316370 0.494487 0.189143 
d_520 d5907 0.261649 0.261649 0.476703 
d_521 d5908 0.078324 0.078324 0.843352 
d_522 d5909 0.139159 0.527508 0.333333 
d_523 d5910 0.360434 0.116531 0.523035 
d_524 d5911 0.116531 0.604336 0.279133 
d_525 d5912 0.771518 0.114241 0.114241 
d_526 d5913 0.038348 0.746313 0.215339 
d_527 d5914 0.192142 0.321056 0.486802 
d_528 d5915 0.333333 0.283706 0.382961 
d_529 d5916 0.174603 0.485162 0.340235 
d_530 d5917 0.487476 0.314066 0.198459 
d_531 d5918 0.227513 0.544974 0.227513 
d_532 d5919 0.030303 0.449883 0.519814 
d_533 d5920 0.366174 0.513957 0.119869 
d_534 d5921 0.242259 0.242259 0.515483 
d_535 d5922 0.368669 0.015312 0.616019 
d_536 d5923 0.093682 0.028322 0.877996 
d_537 d5924 0.310023 0.100233 0.589744 
d_538 d5925 0.046595 0.261649 0.691756 
d_539 d5926 0.030303 0.519814 0.449883 
d_540 d5927 0.032581 0.483709 0.483709 
d_541 d5928 0.197832 0.604336 0.197832 
d_542 d5929 0.413655 0.052209 0.534137 
d_543 d5930 0.476703 0.154122 0.369176 
d_544 d5932 0.834808 0.038348 0.126844 
d_545 d5933 0.156655 0.085984 0.757362 
d_546 d5934 0.068783 0.703704 0.227513 
d_547 d5935 0.788707 0.187614 0.023679 
d_548 d5936 0.303835 0.392330 0.303835 
d_549 d5937 0.236246 0.236246 0.527508 
d_550 d5938 0.279133 0.441734 0.279133 
d_551 d5939 0.303835 0.303835 0.392330 
d_552 d5940 0.818466 0.020344 0.161189 
d_553 d5941 0.358147 0.308519 0.333333 
d_554 d5942 0.654618 0.293173 0.052209 
d_555 d5943 0.412385 0.293808 0.293808 
d_556 d5944 0.172691 0.293173 0.534137 
d_557 d5945 0.068783 0.862434 0.068783 
d_558 d5946 0.420479 0.551198 0.028322 
d_559 d5947 0.101000 0.555986 0.343014 
d_560 d5948 0.038348 0.392330 0.569322 
d_561 d5949 0.038348 0.126844 0.834808 
d_562 d5950 0.785104 0.162393 0.052503 
d_563 d5951 0.059361 0.196347 0.744292 
d_564 d5952 0.070608 0.267652 0.661741 
d_565 d5953 0.523035 0.279133 0.197832 
d_566 d5954 0.227513 0.703704 0.068783 
d_567 d5955 0.035230 0.685637 0.279133 
d_568 d5956 0.869464 0.100233 0.030303 
d_569 d5957 0.132969 0.296903 0.570128 
d_570 d5958 0.261649 0.476703 0.261649 
d_571 d5959 0.224401 0.355120 0.420479 
d_572 d5960 0.402346 0.050380 0.547274 
d_573 d5961 0.083132 0.131558 0.785311 
d_574 d5962 0.126844 0.126844 0.746313 
d_575 d5963 0.035230 0.197832 0.766938 
d_576 d5964 0.392330 0.038348 0.569322 
d_577 d5965 0.517292 0.384842 0.097866 
d_578 d5966 0.038348 0.215339 0.746313 
d_579 d5967 0.046595 0.046595 0.906810 
d_580 d5968 0.087935 0.578732 0.333333 
d_581 d5969 0.022453 0.488774 0.488774 
d_582 d5970 0.022453 0.074266 0.903282 
d_583 d5971 0.059361 0.744292 0.196347 
d_584 d5972 0.052209 0.293173 0.654618 
d_585 d5973 0.149284 0.271984 0.578732 
d_586 d5974 0.423019 0.019432 0.557549 
d_587 d5975 0.132969 0.788707 0.078324 
d_588 d5976 0.413655 0.052209 0.534137 
d_589 d5977 0.052209 0.172691 0.775100 
d_590 d5978 0.082852 0.892100 0.025048 
d_591 d5979 0.242259 0.296903 0.460838 
d_592 d5980 0.247184 0.247184 0.505633 
d_593 d5981 0.279133 0.685637 0.035230 
d_594 d5982 0.261649 0.261649 0.476703 
d_595 d5983 0.068783 0.227513 0.703704 
d_596 d5984 0.624595 0.042071 0.333333 
d_597 d5985 0.038348 0.215339 0.746313 
d_598 d5986 0.329471 0.619158 0.051371 
d_599 d5987 0.519814 0.170163 0.310023 
d_600 d5988 0.236246 0.139159 0.624595 
d_601 d5989 0.256262 0.025048 0.718690 
d_602 d5990 0.038348 0.038348 0.923304 
d_603 d5991 0.114241 0.020344 0.865415 
d_604 d5992 0.038348 0.569322 0.392330 
d_605 d5993 0.116531 0.685637 0.197832 
d_606 d5994 0.147353 0.576538 0.276109 
d_607 d5995 0.583584 0.193193 0.223223 
d_608 d5996 0.862434 0.068783 0.068783 
d_609 d5997 0.227513 0.703704 0.068783 
d_610 d5998 0.367260 0.316370 0.316370 
d_611 d5999 0.130545 0.282636 0.586819 
d_612 d6000 0.584229 0.154122 0.261649 
d_613 d6001 0.287827 0.253697 0.458476 
d_614 d6002 0.116531 0.035230 0.848238 
d_615 d6003 0.030303 0.519814 0.449883 
d_616 d6004 0.052209 0.052209 0.895582 
d_617 d6005 0.017833 0.264746 0.717421 
d_618 d6006 0.038348 0.480826 0.480826 
d_619 d6007 0.215339 0.392330 0.392330 
d_620 d6008 0.227513 0.068783 0.703704 
d_621 d6009 0.569322 0.038348 0.392330 
d_622 d6010 0.261094 0.106295 0.632611 
d_623 d6011 0.052209 0.052209 0.895582 
d_624 d6012 0.762781 0.149284 0.087935 
d_625 d6013 0.172691 0.052209 0.775100 
d_626 d6014 0.544974 0.068783 0.386243 
d_627 d6015 0.766938 0.116531 0.116531 
d_628 d6016 0.170163 0.659674 0.170163 
d_629 d6017 0.016477 0.358682 0.624842 
d_630 d6018 0.126844 0.657817 0.215339 
d_631 d6019 0.624595 0.333333 0.042071 
d_632 d6020 0.058985 0.676269 0.264746 
d_633 d6021 0.107769 0.784461 0.107769 
d_634 d6022 0.333333 0.059361 0.607306 
d_635 d6023 0.544974 0.068783 0.386243 
d_636 d6024 0.240093 0.030303 0.729604 
d_637 d6025 0.207230 0.232451 0.560319 
d_638 d6026 0.271359 0.271359 0.457282 
d_639 d6027 0.068783 0.068783 0.862434 
d_640 d6028 0.420479 0.028322 0.551198 
d_641 d6029 0.526735 0.219568 0.253697 
d_642 d6030 0.333333 0.640082 0.026585 
d_643 d6031 0.028322 0.159041 0.812636 
d_644 d6032 0.139159 0.042071 0.818770 
d_645 d6033 0.056653 0.096179 0.847167 
d_646 d6034 0.017833 0.100137 0.882030 
d_647 d6035 0.470320 0.059361 0.470320 
d_648 d6036 0.133133 0.313313 0.553554 
d_649 d6037 0.017833 0.223594 0.758573 
d_650 d6038 0.047305 0.443344 0.509351 
d_651 d6039 0.042071 0.236246 0.721683 
d_652 d6040 0.046595 0.154122 0.799283 
d_653 d6041 0.187614 0.351548 0.460838 
d_654 d6042 0.527508 0.333333 0.139159 
d_655 d6043 0.139159 0.236246 0.624595 
d_656 d6044 0.578732 0.333333 0.087935 
d_657 d6045 0.139159 0.042071 0.818770 
d_658 d6046 0.272283 0.565324 0.162393 
d_659 d6047 0.059361 0.744292 0.196347 
d_660 d6048 0.214463 0.318474 0.467063 
d_661 d6049 0.023770 0.206191 0.770039 
d_662 d6050 0.281520 0.126079 0.592401 
d_663 d6051 0.029676 0.091787 0.878537 
d_664 d6052 0.534137 0.293173 0.172691 
d_665 d6053 0.333333 0.333333 0.333333 
d_666 d6054 0.413655 0.413655 0.172691 
d_667 d6055 0.059361 0.196347 0.744292 
d_668 d6056 0.020344 0.348983 0.630673 
d_669 d6057 0.252623 0.567393 0.179984 
d_670 d6058 0.116531 0.197832 0.685637 
d_671 d6059 0.261649 0.046595 0.691756 
d_672 d6060 0.242259 0.187614 0.570128 
d_673 d6061 0.059361 0.333333 0.607306 
d_674 d6062 0.042071 0.139159 0.818770 
d_675 d6063 0.170163 0.100233 0.729604 
d_676 d6064 0.561442 0.009566 0.428992 
d_677 d6065 0.310023 0.030303 0.659674 
d_678 d6066 0.042071 0.527508 0.430421 
d_679 d6067 0.046595 0.369176 0.584229 
d_680 d6068 0.386243 0.544974 0.068783 
d_681 d6069 0.038348 0.215339 0.746313 
d_682 d6070 0.116531 0.197832 0.685637 
d_683 d6071 0.147353 0.018598 0.834049 
d_684 d6072 0.172691 0.654618 0.172691 
d_685 d6073 0.273513 0.582586 0.143902 
d_686 d6074 0.141862 0.141862 0.716275 
d_687 d6075 0.287144 0.333333 0.379523 
d_688 d6076 0.584229 0.261649 0.154122 
d_689 d6077 0.042071 0.818770 0.139159 
d_690 d6078 0.333333 0.634085 0.032581 
d_691 d6079 0.182957 0.483709 0.333333 
d_692 d6080 0.046595 0.154122 0.799283 
d_693 d6081 0.052503 0.418803 0.528694 
d_694 d6082 0.022453 0.177893 0.799655 
d_695 d6083 0.010008 0.194765 0.795227 
d_696 d6084 0.333333 0.333333 0.333333 
d_697 d6085 0.746313 0.038348 0.215339 
d_698 d6086 0.589744 0.100233 0.310023 
d_699 d6087 0.038348 0.746313 0.215339 
d_700 d6088 0.394683 0.333333 0.271984 
d_701 d6090 0.345175 0.469509 0.185317 
d_702 d6091 0.223223 0.313313 0.463463 
d_703 d6092 0.510773 0.358682 0.130545 
d_704 d6093 0.540587 0.022453 0.436960 
d_705 d6094 0.042071 0.430421 0.527508 
d_706 d6095 0.038348 0.657817 0.303835 
d_707 d6096 0.100137 0.635117 0.264746 
d_708 d6097 0.059361 0.059361 0.881279 
d_709 d6098 0.236246 0.042071 0.721683 
d_710 d6099 0.293808 0.017128 0.689065 
d_711 d6100 0.413655 0.413655 0.172691 
d_712 d6101 0.258145 0.634085 0.107769 
d_713 d6102 0.046595 0.046595 0.906810 
d_714 d6103 0.052209 0.895582 0.052209 
d_715 d6104 0.126844 0.038348 0.834808 
d_716 d6105 0.059361 0.333333 0.607306 
d_717 d6106 0.691756 0.046595 0.261649 
d_718 d6107 0.154122 0.046595 0.799283 
d_719 d6108 0.028322 0.943355 0.028322 
d_720 d6109 0.030303 0.519814 0.449883 
d_721 d6110 0.654618 0.052209 0.293173 
d_722 d6111 0.558897 0.408521 0.032581 
d_723 d6112 0.256851 0.237731 0.505417 
d_724 d6113 0.534137 0.293173 0.172691 
d_725 d6114 0.042071 0.042071 0.915858 
d_726 d6115 0.116531 0.441734 0.441734 
d_727 d6116 0.361443 0.234950 0.403607 
d_728 d6117 0.206591 0.472750 0.320659 
d_729 d6118 0.126844 0.746313 0.126844 
d_730 d6119 0.224401 0.289760 0.485839 
d_731 d6120 0.437375 0.161265 0.401361 
d_732 d6121 0.641836 0.258089 0.100075 
d_733 d6122 0.654618 0.052209 0.293173 
d_734 d6123 0.167795 0.212942 0.619263 
d_735 d6124 0.046595 0.691756 0.261649 
d_736 d6125 0.333333 0.059361 0.607306 
d_737 d6127 0.154122 0.369176 0.476703 
d_738 d6128 0.386243 0.386243 0.227513 
d_739 d6129 0.360434 0.604336 0.035230 
d_740 d6131 0.747277 0.093682 0.159041 
d_741 d6132 0.028322 0.420479 0.551198 
d_742 d6133 0.369176 0.476703 0.154122 
d_743 d6134 0.149679 0.259871 0.590450 
d_744 d6135 0.046595 0.584229 0.369176 
d_745 d6136 0.360434 0.279133 0.360434 
d_746 d6138 0.470320 0.196347 0.333333 
d_747 d6139 0.379953 0.030303 0.589744 
d_748 d6141 0.142129 0.180370 0.677502 
d_749 d6142 0.316913 0.316913 0.366174 
d_750 d6143 0.059361 0.333333 0.607306 
d_751 d6144 0.465534 0.295562 0.238905 
d_752 d6145 0.534137 0.293173 0.172691 
d_753 d6146 0.748212 0.061516 0.190272 
d_754 d6148 0.746313 0.126844 0.126844 
d_755 d6149 0.035230 0.197832 0.766938 
d_756 d6150 0.021346 0.415435 0.563218 
d_757 d6151 0.134822 0.159636 0.705542 
d_758 d6152 0.187561 0.275024 0.537415 
d_759 d6153 0.408521 0.558897 0.032581 
d_760 d6158 0.032581 0.934837 0.032581 
d_761 d6160 0.008130 0.214509 0.777361 
d_762 d6161 0.314066 0.314066 0.371869 
d_763 d6162 0.460838 0.242259 0.296903 
d_764 d6163 0.059361 0.607306 0.333333 
d_765 d6164 0.139159 0.721683 0.139159 
d_766 d6165 0.148576 0.356428 0.494996 
d_767 d6169 0.461249 0.258089 0.280662 
d_768 d6170 0.379523 0.471901 0.148576 
d_769 d6171 0.233190 0.404864 0.361946 
d_770 d6172 0.163163 0.583584 0.253253 
d_771 d6175 0.055349 0.181931 0.762720 
d_772 d6176 0.341815 0.011026 0.647159 
d_773 d6177 0.288490 0.019432 0.692078 
d_774 d6178 0.042071 0.915858 0.042071 
d_775 d6179 0.059361 0.196347 0.744292 
d_776 d6180 0.279133 0.035230 0.685637 
d_777 d6181 0.303835 0.657817 0.038348 
d_778 d6182 0.139159 0.721683 0.139159 
d_779 d6183 0.129252 0.129252 0.741497 
d_780 d6184 0.059361 0.333333 0.607306 
d_781 d6185 0.428831 0.306048 0.265121 
d_782 d6186 0.180930 0.497460 0.321610 
d_783 d6187 0.487476 0.487476 0.025048 
d_784 d6188 0.139159 0.042071 0.818770 
d_785 d6189 0.239649 0.439105 0.321245 
d_786 d6190 0.444087 0.401215 0.154698 
d_787 d6191 0.360434 0.523035 0.116531 
d_788 d6195 0.511660 0.141289 0.347051 
d_789 d6196 0.612799 0.078169 0.309032 
d_790 d6199 0.226095 0.199285 0.574620 
d_791 d6200 0.415893 0.261094 0.323013 
d_792 d6201 0.480826 0.392330 0.126844 
d_793 d6202 0.149679 0.314968 0.535354 
d_794 d6203 0.602658 0.350822 0.046520 
d_795 d6204 0.310072 0.589207 0.100721 
d_796 d6205 0.193843 0.280423 0.525734 
d_797 d6206 0.556976 0.173589 0.269436 
d_798 d6207 0.007697 0.629366 0.362937 
d_799 d6208 0.333333 0.106347 0.560319 
d_800 d6209 0.251891 0.286795 0.461315 
d_801 d6210 0.141640 0.620873 0.237487 
d_802 d6211 0.139159 0.527508 0.333333 
d_803 d6212 0.477173 0.252033 0.270794 
d_804 d6213 0.356086 0.253697 0.390216 
d_805 d6214 0.081645 0.670964 0.247391 
d_806 d6215 0.169130 0.513957 0.316913 
d_807 d6216 0.429672 0.082852 0.487476 
d_808 d6217 0.430421 0.430421 0.139159 
d_809 d6218 0.657817 0.126844 0.215339 
d_810 d6219 0.578732 0.394683 0.026585 
d_811 d6220 0.017128 0.530962 0.451910 
d_812 d6221 0.445991 0.008615 0.545394 
d_813 d6222 0.220191 0.429069 0.350740 
d_814 d6223 0.169886 0.363051 0.467063 
d_815 d6224 0.013845 0.812567 0.173589 
d_816 d6225 0.459916 0.423749 0.116335 
d_817 d6226 0.294708 0.514871 0.190421 
d_818 d6227 0.673095 0.011938 0.314968 
d_819 d6228 0.255506 0.310151 0.434343 
d_820 d6229 0.307204 0.116835 0.575961 
d_821 d6230 0.606286 0.234078 0.159636 
d_822 d6231 0.175729 0.766745 0.057526 
d_823 d6232 0.436960 0.385147 0.177893 
d_824 d6233 0.333333 0.512706 0.153961 
d_825 d6234 0.328658 0.286583 0.384759 
d_826 d6235 0.344576 0.226532 0.428893 
d_827 d6236 0.834049 0.018598 0.147353 
d_828 d6237 0.310281 0.490088 0.199631 
d_829 d6238 0.300608 0.202431 0.496961 
d_830 d6239 0.245325 0.443344 0.311331 
d_831 d6240 0.654618 0.172691 0.172691 
d_832 d6241 0.287420 0.700643 0.011938 
d_833 d6242 0.007980 0.799877 0.192142 
d_834 d6243 0.349475 0.325262 0.325262 
d_835 d6244 0.413655 0.413655 0.172691 
d_836 d6245 0.080421 0.344700 0.574879 
d_837 d6246 0.386953 0.279714 0.333333 
d_838 d6247 0.104435 0.233190 0.662375 
d_839 d6248 0.021346 0.316913 0.661741 
d_840 d6249 0.153919 0.182247 0.663834 
d_841 d6250 0.293173 0.413655 0.293173 
d_842 d6251 0.355120 0.289760 0.355120 
d_843 d6252 0.185438 0.458476 0.356086 
d_844 d6253 0.149284 0.394683 0.456033 
d_845 d6254 0.052209 0.654618 0.293173 
d_846 d6255 0.196347 0.744292 0.059361 
d_847 d6256 0.496961 0.006078 0.496961 
d_848 d6257 0.657817 0.303835 0.038348 
d_849 d6258 0.615715 0.173726 0.210559 
d_850 d6259 0.415435 0.563218 0.021346 
d_851 d6260 0.171214 0.361012 0.467774 
d_852 d6261 0.420479 0.289760 0.289760 
d_853 d6262 0.159636 0.730356 0.110008 
d_854 d6263 0.070608 0.366174 0.563218 
d_855 d6264 0.136741 0.254696 0.608563 
d_856 d6265 0.267233 0.125590 0.607177 
d_857 d6266 0.345543 0.089133 0.565324 
d_858 d6267 0.464458 0.443754 0.091787 
d_859 d6268 0.028322 0.877996 0.093682 
d_860 d6269 0.445583 0.006345 0.548072 
d_861 d6270 0.515483 0.460838 0.023679 
d_862 d6271 0.173589 0.269436 0.556976 
d_863 d6272 0.449883 0.519814 0.030303 
d_864 d6273 0.153961 0.198804 0.647235 
d_865 d6274 0.423050 0.298827 0.278123 
d_866 d6275 0.413762 0.172475 0.413762 
d_867 d6276 0.094582 0.452709 0.452709 
d_868 d6277 0.366174 0.415435 0.218391 
d_869 d6278 0.314066 0.429672 0.256262 
d_870 d6279 0.261649 0.046595 0.691756 
d_871 d6280 0.311331 0.509351 0.179318 
d_872 d6281 0.258892 0.655914 0.085194 
d_873 d6282 0.196347 0.059361 0.744292 
d_874 d6283 0.314968 0.452709 0.232323 
d_875 d6284 0.496873 0.164983 0.338143 
d_876 d6285 0.600792 0.229321 0.169886 
d_877 d6286 0.206751 0.387583 0.405666 
d_878 d6287 0.052209 0.052209 0.895582 
d_879 d6288 0.718690 0.025048 0.256262 
d_880 d6289 0.289760 0.355120 0.355120 
d_881 d6290 0.563218 0.316913 0.119869 
d_882 d6291 0.088138 0.326706 0.585156 
d_883 d6292 0.132969 0.351548 0.515483 
d_884 d6293 0.895582 0.052209 0.052209 
d_885 d6294 0.378176 0.602392 0.019432 
d_886 d6295 0.154122 0.799283 0.046595 
d_887 d6296 0.456994 0.358065 0.184941 
d_888 d6297 0.311735 0.570914 0.117351 
d_889 d6298 0.475321 0.252197 0.272481 
d_890 d6299 0.013416 0.230134 0.756450 
d_891 d6300 0.253725 0.376199 0.370076 
d_892 d6301 0.600648 0.078169 0.321183 
d_893 d6302 0.078324 0.460838 0.460838 
d_894 d6303 0.023679 0.242259 0.734062 
d_895 d6304 0.261649 0.046595 0.691756 
d_896 d6305 0.042071 0.333333 0.624595 
d_897 d6306 0.640020 0.097034 0.262946 
d_898 d6307 0.163163 0.673674 0.163163 
d_899 d6308 0.092046 0.628239 0.279714 
d_900 d6309 0.206591 0.510773 0.282636 
d_901 d6310 0.542354 0.245325 0.212321 
d_902 d6311 0.282636 0.092522 0.624842 
d_903 d6312 0.612479 0.119869 0.267652 
d_904 d6313 0.106689 0.355445 0.537866 
d_905 d6314 0.030303 0.729604 0.240093 
d_906 d6315 0.376137 0.295880 0.327983 
d_907 d6316 0.558897 0.333333 0.107769 
d_908 d6317 0.191991 0.297998 0.510012 
d_909 d6318 0.578732 0.333333 0.087935 
d_910 d6319 0.420479 0.551198 0.028322 
d_911 d6320 0.223594 0.717421 0.058985 
d_912 d6321 0.264338 0.134972 0.600690 
d_913 d6322 0.218391 0.267652 0.513957 
d_914 d6323 0.046595 0.584229 0.369176 
d_915 d6324 0.361315 0.245890 0.392795 
d_916 d6325 0.278328 0.146315 0.575358 
d_917 d6326 0.164392 0.476283 0.359324 
d_918 d6327 0.607306 0.333333 0.059361 
d_919 d6328 0.154122 0.584229 0.261649 
d_920 d6329 0.317573 0.483058 0.199370 
d_921 d6330 0.172691 0.052209 0.775100 
d_922 d6331 0.862434 0.068783 0.068783 
d_923 d6332 0.799806 0.158406 0.041788 
d_924 d6333 0.449184 0.338599 0.212217 
d_925 d6334 0.107345 0.397902 0.494754 
d_926 d6335 0.172691 0.172691 0.654618 
d_927 d6336 0.479106 0.187561 0.333333 
d_928 d6337 0.923304 0.038348 0.038348 
d_929 d6338 0.881279 0.059361 0.059361 
d_930 d6339 0.640082 0.271984 0.087935 
d_931 d6340 0.199490 0.448056 0.352454 
d_932 d6341 0.247726 0.456394 0.295880 
d_933 d6342 0.182442 0.635117 0.182442 
d_934 d6343 0.483709 0.107769 0.408521 
d_935 d6344 0.215339 0.480826 0.303835 
d_936 d6345 0.293173 0.172691 0.534137 
d_937 d6346 0.085984 0.792697 0.121319 
d_938 d6347 0.026585 0.456033 0.517382 
d_939 d6348 0.308913 0.418803 0.272283 
d_940 d6349 0.892100 0.082852 0.025048 
d_941 d6350 0.233190 0.447783 0.319027 
d_942 d6351 0.054499 0.891001 0.054499 
d_943 d6352 0.614693 0.028527 0.356780 
d_944 d6353 0.030303 0.240093 0.729604 
d_945 d6354 0.280423 0.655604 0.063973 
d_946 d6355 0.104435 0.404864 0.490701 
d_947 d6356 0.607306 0.333333 0.059361 
d_948 d6357 0.515483 0.296903 0.187614 
d_949 d6358 0.919886 0.061516 0.018598 
d_950 d6359 0.190272 0.576538 0.233190 
d_951 d6360 0.154122 0.584229 0.261649 
d_952 d6361 0.607306 0.333333 0.059361 
d_953 d6362 0.333333 0.624595 0.042071 
d_954 d6363 0.624772 0.023679 0.351548 
d_955 d6364 0.068783 0.386243 0.544974 
d_956 d6365 0.351548 0.132969 0.515483 
d_957 d6366 0.070608 0.415435 0.513957 
d_958 d6367 0.030303 0.519814 0.449883 
d_959 d6368 0.485839 0.420479 0.093682 
d_960 d6369 0.934837 0.032581 0.032581 
d_961 d6370 0.116531 0.441734 0.441734 
d_962 d6371 0.578732 0.210634 0.210634 
d_963 d6372 0.042071 0.915858 0.042071 
d_964 d6373 0.709273 0.032581 0.258145 
d_965 d6374 0.441734 0.523035 0.035230 
d_966 d6375 0.293173 0.534137 0.172691 
d_967 d6376 0.197832 0.116531 0.685637 
d_968 d6377 0.709273 0.107769 0.182957 
d_969 d6378 0.052209 0.895582 0.052209 
d_970 d6379 0.109118 0.423019 0.467862 
d_971 d6380 0.654618 0.293173 0.052209 
d_972 d6381 0.046595 0.046595 0.906810 
d_973 d6382 0.709273 0.032581 0.258145 
d_974 d6383 0.196347 0.744292 0.059361 
d_975 d6384 0.044376 0.384933 0.570691 
d_976 d6385 0.303236 0.483822 0.212942 
d_977 d6386 0.215339 0.215339 0.569322 
d_978 d6387 0.116531 0.035230 0.848238 
d_979 d6388 0.109118 0.333333 0.557549 
d_980 d6389 0.408521 0.558897 0.032581 
d_981 d6390 0.196347 0.196347 0.607306 
d_982 d6391 0.492063 0.162393 0.345543 
d_983 d6392 0.258145 0.558897 0.182957 
d_984 d6393 0.038348 0.392330 0.569322 
d_985 d6394 0.360434 0.604336 0.035230 
d_986 d6395 0.744292 0.059361 0.196347 
d_987 d6396 0.657817 0.038348 0.303835 
d_988 d6397 0.303835 0.038348 0.657817 
d_989 d6398 0.032581 0.784461 0.182957 
d_990 d6399 0.881279 0.059361 0.059361 
d_991 d6400 0.139159 0.333333 0.527508 
d_992 d6401 0.513957 0.070608 0.415435 
d_993 d6402 0.862434 0.068783 0.068783 
d_994 d6403 0.544974 0.227513 0.227513 
d_995 d6404 0.293808 0.135705 0.570487 
d_996 d6405 0.476703 0.154122 0.369176 
d_997 d6406 0.172691 0.052209 0.775100 
d_998 d6407 0.236246 0.721683 0.042071 
d_999 d6408 0.242259 0.624772 0.132969 
d_1000 d6409 0.396705 0.548796 0.054499 
d_1001 d6410 0.333333 0.634085 0.032581 
