d_0 d0 0.123967 0.421488 0.454545 
d_1 d1 0.052632 0.548872 0.398496 
d_2 d2 0.515152 0.090909 0.393939 
d_3 d3 0.658537 0.268293 0.073171 
d_4 d4 0.189189 0.243243 0.567568 
d_5 d5 0.034483 0.448276 0.517241 
d_6 d6 0.170732 0.463415 0.365854 
d_7 d7 0.488722 0.428571 0.082707 
d_8 d8 0.818182 0.151515 0.030303 
d_9 d9 0.017544 0.649123 0.333333 
d_10 d10 0.314286 0.257143 0.428571 
d_11 d11 0.200000 0.600000 0.200000 
d_12 d12 0.555556 0.259259 0.185185 
d_13 d13 0.333333 0.333333 0.333333 
d_14 d14 0.733333 0.066667 0.200000 
d_15 d15 0.428571 0.523810 0.047619 
d_16 d16 0.028571 0.447619 0.523810 
d_17 d17 0.326316 0.473684 0.200000 
d_18 d18 0.333333 0.407407 0.259259 
d_19 d19 0.456790 0.481481 0.061728 
d_20 d20 0.233645 0.345794 0.420561 
d_21 d21 0.448276 0.310345 0.241379 
d_22 d22 0.466667 0.200000 0.333333 
d_23 d23 0.043478 0.478261 0.478261 
d_24 d24 0.037037 0.407407 0.555556 
d_25 d25 0.052632 0.473684 0.473684 
d_26 d26 0.079755 0.423313 0.496933 
d_27 d27 0.058824 0.294118 0.647059 
d_28 d28 0.265306 0.673469 0.061224 
d_29 d29 0.263158 0.368421 0.368421 
d_30 d30 0.090909 0.818182 0.090909 
d_31 d31 0.151515 0.272727 0.575758 
d_32 d32 0.224490 0.632653 0.142857 
d_33 d33 0.224490 0.387755 0.387755 
d_34 d34 0.294118 0.647059 0.058824 
d_35 d35 0.028571 0.600000 0.371429 
d_36 d36 0.290323 0.483871 0.225806 
d_37 d37 0.212121 0.272727 0.515152 
d_38 d38 0.245902 0.409836 0.344262 
d_39 d39 0.407407 0.481481 0.111111 
d_40 d40 0.240506 0.189873 0.569620 
d_41 d41 0.319149 0.531915 0.148936 
d_42 d42 0.481481 0.481481 0.037037 
d_43 d43 0.478261 0.217391 0.304348 
d_44 d44 0.043478 0.391304 0.565217 
d_45 d45 0.703704 0.259259 0.037037 
d_46 d46 0.333333 0.407407 0.259259 
d_47 d47 0.481481 0.506173 0.012346 
d_48 d48 0.162791 0.720930 0.116279 
d_49 d49 0.052632 0.578947 0.368421 
d_50 d50 0.192982 0.473684 0.333333 
d_51 d51 0.384615 0.384615 0.230769 
d_52 d52 0.333333 0.435897 0.230769 
d_53 d53 0.517241 0.448276 0.034483 
d_54 d54 0.015873 0.555556 0.428571 
d_55 d55 0.025641 0.589744 0.384615 
d_56 d56 0.052632 0.894737 0.052632 
d_57 d57 0.094340 0.886792 0.018868 
d_58 d58 0.295775 0.464789 0.239437 
d_59 d59 0.517241 0.310345 0.172414 
d_60 d60 0.047619 0.809524 0.142857 
d_61 d61 0.698113 0.245283 0.056604 
d_62 d62 0.176471 0.764706 0.058824 
d_63 d63 0.016393 0.475410 0.508197 
d_64 d64 0.517241 0.379310 0.103448 
d_65 d65 0.215686 0.254902 0.529412 
d_66 d66 0.423729 0.457627 0.118644 
d_67 d67 0.369128 0.342282 0.288591 
d_68 d68 0.538462 0.384615 0.076923 
d_69 d69 0.018868 0.509434 0.471698 
d_70 d70 0.244444 0.466667 0.288889 
d_71 d71 0.276190 0.314286 0.409524 
d_72 d72 0.130435 0.478261 0.391304 
d_73 d73 0.194245 0.453237 0.352518 
d_74 d74 0.015385 0.384615 0.600000 
d_75 d75 0.130435 0.623188 0.246377 
d_76 d76 0.185185 0.432099 0.382716 
d_77 d77 0.422222 0.466667 0.111111 
d_78 d78 0.052632 0.263158 0.684211 
d_79 d79 0.433628 0.238938 0.327434 
d_80 d80 0.396825 0.492063 0.111111 
d_81 d81 0.428571 0.346939 0.224490 
d_82 d82 0.017544 0.649123 0.333333 
d_83 d83 0.113924 0.443038 0.443038 
d_84 d84 0.246377 0.652174 0.101449 
d_85 d85 0.744681 0.234043 0.021277 
d_86 d86 0.753086 0.234568 0.012346 
d_87 d87 0.022222 0.866667 0.111111 
d_88 d88 0.052632 0.452632 0.494737 
d_89 d89 0.492958 0.380282 0.126761 
d_90 d90 0.162791 0.674419 0.162791 
d_91 d91 0.448276 0.517241 0.034483 
d_92 d92 0.020408 0.306122 0.673469 
d_93 d93 0.440000 0.386667 0.173333 
d_94 d94 0.260274 0.479452 0.260274 
d_95 d95 0.333333 0.142857 0.523810 
d_96 d96 0.272727 0.236364 0.490909 
d_97 d97 0.043478 0.913043 0.043478 
d_98 d98 0.552941 0.411765 0.035294 
d_99 d99 0.241379 0.724138 0.034483 
d_100 d100 0.489362 0.319149 0.191489 
d_101 d101 0.371429 0.238095 0.390476 
d_102 d102 0.473684 0.263158 0.263158 
d_103 d103 0.259259 0.703704 0.037037 
d_104 d104 0.288889 0.466667 0.244444 
d_105 d105 0.066667 0.866667 0.066667 
d_106 d106 0.318681 0.318681 0.362637 
d_107 d107 0.212121 0.636364 0.151515 
d_108 d108 0.489051 0.416058 0.094891 
d_109 d109 0.052632 0.157895 0.789474 
d_110 d110 0.261538 0.600000 0.138462 
d_111 d111 0.103448 0.448276 0.448276 
d_112 d112 0.238095 0.142857 0.619048 
d_113 d113 0.280000 0.386667 0.333333 
d_114 d114 0.312977 0.450382 0.236641 
d_115 d115 0.235602 0.340314 0.424084 
d_116 d116 0.278689 0.344262 0.377049 
d_117 d117 0.365854 0.414634 0.219512 
d_118 d118 0.111111 0.111111 0.777778 
d_119 d119 0.658537 0.219512 0.121951 
d_120 d120 0.238095 0.497835 0.264069 
d_121 d121 0.529412 0.294118 0.176471 
d_122 d122 0.025641 0.692308 0.282051 
d_123 d123 0.111111 0.629630 0.259259 
d_124 d124 0.291139 0.493671 0.215190 
d_125 d125 0.396825 0.587302 0.015873 
d_126 d126 0.102804 0.457944 0.439252 
d_127 d127 0.422222 0.244444 0.333333 
d_128 d128 0.473684 0.087719 0.438596 
d_129 d129 0.538462 0.384615 0.076923 
d_130 d130 0.096774 0.677419 0.225806 
d_131 d131 0.488372 0.488372 0.023256 
d_132 d132 0.085714 0.771429 0.142857 
d_133 d133 0.095890 0.287671 0.616438 
d_134 d134 0.239437 0.436620 0.323944 
d_135 d135 0.333333 0.619048 0.047619 
d_136 d136 0.414634 0.365854 0.219512 
d_137 d137 0.358491 0.547170 0.094340 
d_138 d138 0.081081 0.891892 0.027027 
d_139 d139 0.190184 0.509202 0.300613 
d_140 d140 0.185185 0.777778 0.037037 
d_141 d141 0.052632 0.789474 0.157895 
d_142 d142 0.017544 0.754386 0.228070 
d_143 d143 0.230769 0.626374 0.142857 
d_144 d144 0.225806 0.698925 0.075269 
d_145 d145 0.440000 0.386667 0.173333 
d_146 d146 0.594203 0.217391 0.188406 
d_147 d147 0.483871 0.419355 0.096774 
d_148 d148 0.025641 0.794872 0.179487 
d_149 d149 0.297297 0.297297 0.405405 
d_150 d150 0.100775 0.519380 0.379845 
d_151 d151 0.340206 0.649485 0.010309 
d_152 d152 0.361702 0.404255 0.234043 
d_153 d153 0.219512 0.463415 0.317073 
d_154 d154 0.052632 0.263158 0.684211 
d_155 d155 0.207547 0.283019 0.509434 
d_156 d156 0.368421 0.578947 0.052632 
d_157 d157 0.591398 0.311828 0.096774 
d_158 d158 0.473684 0.508772 0.017544 
d_159 d159 0.333333 0.142857 0.523810 
d_160 d160 0.680000 0.200000 0.120000 
d_161 d161 0.191489 0.021277 0.787234 
d_162 d162 0.018182 0.418182 0.563636 
d_163 d163 0.492063 0.238095 0.269841 
d_164 d164 0.233533 0.437126 0.329341 
d_165 d165 0.454545 0.272727 0.272727 
d_166 d166 0.402985 0.253731 0.343284 
d_167 d167 0.348837 0.581395 0.069767 
d_168 d168 0.466667 0.466667 0.066667 
d_169 d169 0.323944 0.605634 0.070423 
d_170 d170 0.428571 0.142857 0.428571 
d_171 d171 0.073171 0.073171 0.853659 
d_172 d172 0.276596 0.574468 0.148936 
d_173 d173 0.320261 0.542484 0.137255 
d_174 d174 0.238095 0.047619 0.714286 
d_175 d175 0.587302 0.269841 0.142857 
d_176 d176 0.431953 0.337278 0.230769 
d_177 d177 0.098039 0.725490 0.176471 
d_178 d178 0.612903 0.354839 0.032258 
d_179 d179 0.020408 0.510204 0.469388 
d_180 d180 0.391304 0.275362 0.333333 
d_181 d181 0.283019 0.207547 0.509434 
d_182 d182 0.040000 0.280000 0.680000 
d_183 d183 0.379310 0.241379 0.379310 
d_184 d184 0.043478 0.130435 0.826087 
d_185 d185 0.043478 0.739130 0.217391 
d_186 d186 0.130435 0.391304 0.478261 
d_187 d187 0.086420 0.530864 0.382716 
d_188 d188 0.384615 0.589744 0.025641 
d_189 d189 0.023256 0.534884 0.441860 
d_190 d190 0.450980 0.490196 0.058824 
d_191 d191 0.259259 0.333333 0.407407 
d_192 d192 0.030303 0.696970 0.272727 
d_193 d193 0.043478 0.913043 0.043478 
d_194 d194 0.333333 0.396825 0.269841 
d_195 d195 0.298246 0.263158 0.438596 
d_196 d196 0.466667 0.466667 0.066667 
d_197 d197 0.304348 0.652174 0.043478 
d_198 d198 0.702128 0.148936 0.148936 
d_199 d199 0.333333 0.037037 0.629630 
d_200 d200 0.052632 0.894737 0.052632 
d_201 d201 0.703704 0.111111 0.185185 
d_202 d202 0.263158 0.684211 0.052632 
d_203 d203 0.034483 0.448276 0.517241 
d_204 d204 0.606557 0.344262 0.049180 
d_205 d205 0.132075 0.811321 0.056604 
d_206 d206 0.103448 0.448276 0.448276 
d_207 d207 0.113924 0.594937 0.291139 
d_208 d208 0.323944 0.295775 0.380282 
d_209 d209 0.365854 0.512195 0.121951 
d_210 d210 0.111111 0.555556 0.333333 
d_211 d211 0.157895 0.157895 0.684211 
d_212 d212 0.019608 0.529412 0.450980 
d_213 d213 0.052632 0.263158 0.684211 
d_214 d214 0.076923 0.076923 0.846154 
d_215 d215 0.284768 0.231788 0.483444 
d_216 d216 0.619048 0.333333 0.047619 
d_217 d217 0.410853 0.441860 0.147287 
d_218 d218 0.333333 0.393939 0.272727 
d_219 d219 0.384615 0.384615 0.230769 
d_220 d220 0.783784 0.189189 0.027027 
d_221 d221 0.428571 0.371429 0.200000 
d_222 d222 0.454545 0.454545 0.090909 
d_223 d223 0.030303 0.515152 0.454545 
d_224 d224 0.146067 0.393258 0.460674 
d_225 d225 0.422222 0.511111 0.066667 
d_226 d226 0.135135 0.675676 0.189189 
d_227 d227 0.047619 0.904762 0.047619 
d_228 d228 0.132075 0.660377 0.207547 
d_229 d229 0.405405 0.351351 0.243243 
d_230 d230 0.142857 0.296703 0.560440 
d_231 d231 0.548387 0.419355 0.032258 
d_232 d232 0.294118 0.411765 0.294118 
d_233 d233 0.066667 0.600000 0.333333 
d_234 d234 0.555556 0.244444 0.200000 
d_235 d235 0.387755 0.306122 0.306122 
d_236 d236 0.474453 0.313869 0.211679 
d_237 d237 0.773585 0.169811 0.056604 
d_238 d238 0.305263 0.410526 0.284211 
d_239 d239 0.230769 0.572650 0.196581 
d_240 d240 0.450980 0.411765 0.137255 
d_241 d241 0.377049 0.344262 0.278689 
d_242 d242 0.159420 0.536232 0.304348 
d_243 d243 0.333333 0.636364 0.030303 
d_244 d244 0.037037 0.308642 0.654321 
d_245 d245 0.478261 0.391304 0.130435 
d_246 d246 0.463415 0.463415 0.073171 
d_247 d247 0.304348 0.217391 0.478261 
d_248 d248 0.522388 0.402985 0.074627 
d_249 d249 0.040000 0.840000 0.120000 
d_250 d250 0.023256 0.627907 0.348837 
d_251 d251 0.381818 0.236364 0.381818 
d_252 d252 0.090909 0.636364 0.272727 
d_253 d253 0.368421 0.263158 0.368421 
d_254 d254 0.483871 0.483871 0.032258 
d_255 d255 0.414141 0.313131 0.272727 
d_256 d256 0.043478 0.913043 0.043478 
d_257 d257 0.616000 0.264000 0.120000 
d_258 d258 0.058824 0.882353 0.058824 
d_259 d259 0.058824 0.882353 0.058824 
d_260 d260 0.358491 0.320755 0.320755 
d_261 d261 0.277108 0.686747 0.036145 
d_262 d262 0.083969 0.572519 0.343511 
d_263 d263 0.340659 0.494505 0.164835 
d_264 d264 0.128205 0.641026 0.230769 
d_265 d265 0.027027 0.783784 0.189189 
d_266 d266 0.200000 0.440000 0.360000 
d_267 d267 0.267606 0.352113 0.380282 
d_268 d268 0.066667 0.600000 0.333333 
d_269 d269 0.305263 0.263158 0.431579 
d_270 d270 0.200000 0.680000 0.120000 
d_271 d271 0.040000 0.680000 0.280000 
d_272 d272 0.424658 0.260274 0.315068 
d_273 d273 0.200000 0.733333 0.066667 
d_274 d274 0.675676 0.297297 0.027027 
d_275 d275 0.473684 0.473684 0.052632 
d_276 d276 0.219512 0.073171 0.707317 
d_277 d277 0.101449 0.594203 0.304348 
d_278 d278 0.025641 0.384615 0.589744 
d_279 d279 0.393939 0.575758 0.030303 
d_280 d280 0.523810 0.238095 0.238095 
d_281 d281 0.066667 0.866667 0.066667 
d_282 d282 0.052632 0.578947 0.368421 
d_283 d283 0.011236 0.685393 0.303371 
d_284 d284 0.600000 0.257143 0.142857 
d_285 d285 0.224490 0.265306 0.510204 
d_286 d286 0.373134 0.552239 0.074627 
d_287 d287 0.381818 0.418182 0.200000 
d_288 d288 0.076923 0.261538 0.661538 
d_289 d289 0.252336 0.457944 0.289720 
d_290 d290 0.466667 0.466667 0.066667 
d_291 d291 0.462366 0.462366 0.075269 
d_292 d292 0.308642 0.407407 0.283951 
d_293 d293 0.298246 0.614035 0.087719 
d_294 d294 0.118644 0.864407 0.016949 
d_295 d295 0.448276 0.517241 0.034483 
d_296 d296 0.108911 0.643564 0.247525 
d_297 d297 0.037037 0.111111 0.851852 
d_298 d298 0.135135 0.621622 0.243243 
d_299 d299 0.056604 0.622642 0.320755 
d_300 d300 0.449664 0.489933 0.060403 
d_301 d301 0.253731 0.253731 0.492537 
d_302 d302 0.423313 0.325153 0.251534 
d_303 d303 0.319372 0.507853 0.172775 
d_304 d304 0.333333 0.555556 0.111111 
d_305 d305 0.351351 0.135135 0.513514 
d_306 d306 0.100775 0.550388 0.348837 
d_307 d307 0.432099 0.333333 0.234568 
d_308 d308 0.466667 0.360000 0.173333 
d_309 d309 0.370629 0.300699 0.328671 
d_310 d310 0.047619 0.619048 0.333333 
d_311 d311 0.523810 0.333333 0.142857 
d_312 d312 0.081081 0.243243 0.675676 
d_313 d313 0.076923 0.743590 0.179487 
d_314 d314 0.486726 0.256637 0.256637 
d_315 d315 0.030303 0.575758 0.393939 
d_316 d316 0.130435 0.391304 0.478261 
d_317 d317 0.294118 0.647059 0.058824 
d_318 d318 0.076923 0.384615 0.538462 
d_319 d319 0.411765 0.411765 0.176471 
d_320 d320 0.481481 0.037037 0.481481 
d_321 d321 0.454545 0.418182 0.127273 
d_322 d322 0.127273 0.527273 0.345455 
d_323 d323 0.219512 0.365854 0.414634 
d_324 d324 0.612903 0.354839 0.032258 
d_325 d325 0.070423 0.408451 0.521127 
d_326 d326 0.200000 0.600000 0.200000 
d_327 d327 0.655172 0.034483 0.310345 
d_328 d328 0.061224 0.673469 0.265306 
d_329 d329 0.475728 0.378641 0.145631 
d_330 d330 0.122807 0.403509 0.473684 
d_331 d331 0.155556 0.688889 0.155556 
d_332 d332 0.319149 0.531915 0.148936 
d_333 d333 0.148936 0.744681 0.106383 
d_334 d334 0.069767 0.534884 0.395349 
d_335 d335 0.046154 0.446154 0.507692 
d_336 d336 0.621622 0.135135 0.243243 
d_337 d337 0.245902 0.442623 0.311475 
d_338 d338 0.032258 0.354839 0.612903 
d_339 d339 0.230769 0.370629 0.398601 
d_340 d340 0.065089 0.656805 0.278107 
d_341 d341 0.225806 0.741935 0.032258 
d_342 d342 0.343590 0.189744 0.466667 
d_343 d343 0.379310 0.517241 0.103448 
d_344 d344 0.478261 0.391304 0.130435 
d_345 d345 0.619835 0.206612 0.173554 
d_346 d346 0.555556 0.407407 0.037037 
d_347 d347 0.066667 0.600000 0.333333 
d_348 d348 0.241379 0.379310 0.379310 
d_349 d349 0.041096 0.534247 0.424658 
d_350 d350 0.490446 0.426752 0.082803 
d_351 d351 0.054545 0.490909 0.454545 
d_352 d352 0.275362 0.362319 0.362319 
d_353 d353 0.389313 0.267176 0.343511 
d_354 d354 0.127273 0.672727 0.200000 
d_355 d355 0.058824 0.764706 0.176471 
d_356 d356 0.172414 0.517241 0.310345 
d_357 d357 0.212121 0.696970 0.090909 
d_358 d358 0.696970 0.272727 0.030303 
d_359 d359 0.024390 0.463415 0.512195 
d_360 d360 0.103448 0.793103 0.103448 
d_361 d361 0.150685 0.178082 0.671233 
d_362 d362 0.333333 0.619048 0.047619 
d_363 d363 0.459459 0.513514 0.027027 
d_364 d364 0.684211 0.052632 0.263158 
d_365 d365 0.428571 0.333333 0.238095 
d_366 d366 0.043478 0.217391 0.739130 
d_367 d367 0.294118 0.333333 0.372549 
d_368 d368 0.490196 0.294118 0.215686 
d_369 d369 0.058824 0.882353 0.058824 
d_370 d370 0.128205 0.162393 0.709402 
d_371 d371 0.894737 0.052632 0.052632 
d_372 d372 0.212121 0.696970 0.090909 
d_373 d373 0.267760 0.355191 0.377049 
d_374 d374 0.076923 0.384615 0.538462 
d_375 d375 0.200000 0.688889 0.111111 
d_376 d376 0.309091 0.236364 0.454545 
d_377 d377 0.135135 0.459459 0.405405 
d_378 d378 0.081081 0.621622 0.297297 
d_379 d379 0.165354 0.433071 0.401575 
d_380 d380 0.404255 0.361702 0.234043 
d_381 d381 0.241379 0.310345 0.448276 
d_382 d382 0.111111 0.623932 0.264957 
d_383 d383 0.225806 0.354839 0.419355 
d_384 d384 0.238095 0.142857 0.619048 
d_385 d385 0.365854 0.560976 0.073171 
d_386 d386 0.135135 0.729730 0.135135 
d_387 d387 0.034483 0.931034 0.034483 
d_388 d388 0.538462 0.076923 0.384615 
d_389 d389 0.262136 0.320388 0.417476 
d_390 d390 0.368421 0.368421 0.263158 
d_391 d391 0.015385 0.630769 0.353846 
d_392 d392 0.283019 0.320755 0.396226 
d_393 d393 0.052632 0.894737 0.052632 
d_394 d394 0.066667 0.333333 0.600000 
d_395 d395 0.142857 0.314286 0.542857 
d_396 d396 0.515152 0.030303 0.454545 
d_397 d397 0.512195 0.024390 0.463415 
d_398 d398 0.200000 0.515789 0.284211 
d_399 d399 0.218391 0.356322 0.425287 
d_400 d400 0.058824 0.647059 0.294118 
d_401 d401 0.733333 0.155556 0.111111 
d_402 d402 0.111111 0.407407 0.481481 
d_403 d403 0.523810 0.047619 0.428571 
d_404 d404 0.090909 0.090909 0.818182 
d_405 d405 0.192982 0.473684 0.333333 
d_406 d406 0.106383 0.191489 0.702128 
d_407 d407 0.126761 0.633803 0.239437 
d_408 d408 0.365854 0.463415 0.170732 
d_409 d409 0.323077 0.476923 0.200000 
d_410 d410 0.120000 0.600000 0.280000 
d_411 d411 0.034483 0.655172 0.310345 
d_412 d412 0.047619 0.333333 0.619048 
d_413 d413 0.866667 0.066667 0.066667 
d_414 d414 0.538462 0.076923 0.384615 
d_415 d415 0.311475 0.606557 0.081967 
d_416 d416 0.043478 0.826087 0.130435 
d_417 d417 0.422222 0.555556 0.022222 
d_418 d418 0.028571 0.657143 0.314286 
d_419 d419 0.030303 0.939394 0.030303 
d_420 d420 0.760000 0.200000 0.040000 
d_421 d421 0.238710 0.135484 0.625806 
d_422 d422 0.280000 0.120000 0.600000 
d_423 d423 0.378641 0.281553 0.339806 
d_424 d424 0.576471 0.247059 0.176471 
d_425 d425 0.346939 0.346939 0.306122 
d_426 d426 0.263158 0.452632 0.284211 
d_427 d427 0.438202 0.460674 0.101124 
d_428 d428 0.040000 0.600000 0.360000 
d_429 d429 0.300813 0.577236 0.121951 
d_430 d430 0.333333 0.230769 0.435897 
d_431 d431 0.012346 0.555556 0.432099 
d_432 d432 0.112782 0.458647 0.428571 
d_433 d433 0.017544 0.543860 0.438596 
d_434 d434 0.454545 0.030303 0.515152 
d_435 d435 0.212121 0.757576 0.030303 
d_436 d436 0.027027 0.891892 0.081081 
d_437 d437 0.164835 0.340659 0.494505 
d_438 d438 0.313433 0.522388 0.164179 
d_439 d439 0.217391 0.275362 0.507246 
d_440 d440 0.538462 0.230769 0.230769 
d_441 d441 0.040000 0.680000 0.280000 
d_442 d442 0.333333 0.600000 0.066667 
d_443 d443 0.333333 0.238095 0.428571 
d_444 d444 0.647059 0.294118 0.058824 
d_445 d445 0.096774 0.806452 0.096774 
d_446 d446 0.058824 0.764706 0.176471 
d_447 d447 0.183099 0.718310 0.098592 
d_448 d448 0.063291 0.139241 0.797468 
d_449 d449 0.169231 0.507692 0.323077 
d_450 d450 0.246377 0.420290 0.333333 
d_451 d451 0.600000 0.142857 0.257143 
d_452 d452 0.147541 0.639344 0.213115 
d_453 d453 0.238095 0.523810 0.238095 
d_454 d454 0.176471 0.411765 0.411765 
d_455 d455 0.200000 0.466667 0.333333 
d_456 d456 0.066667 0.866667 0.066667 
d_457 d457 0.161290 0.741935 0.096774 
d_458 d458 0.157895 0.649123 0.192982 
d_459 d459 0.574468 0.361702 0.063830 
d_460 d460 0.058824 0.764706 0.176471 
d_461 d461 0.034483 0.448276 0.517241 
d_462 d462 0.402299 0.586207 0.011494 
d_463 d463 0.586207 0.379310 0.034483 
d_464 d464 0.069767 0.302326 0.627907 
d_465 d465 0.185185 0.703704 0.111111 
d_466 d466 0.348837 0.581395 0.069767 
d_467 d467 0.396825 0.587302 0.015873 
d_468 d468 0.483871 0.483871 0.032258 
d_469 d469 0.150685 0.424658 0.424658 
d_470 d470 0.333333 0.515152 0.151515 
d_471 d471 0.040000 0.840000 0.120000 
d_472 d472 0.028571 0.428571 0.542857 
d_473 d473 0.261538 0.446154 0.292308 
d_474 d474 0.619048 0.333333 0.047619 
d_475 d475 0.068493 0.753425 0.178082 
d_476 d476 0.253731 0.432836 0.313433 
d_477 d477 0.391304 0.366460 0.242236 
d_478 d478 0.015873 0.619048 0.365079 
d_479 d479 0.428571 0.428571 0.142857 
d_480 d480 0.200000 0.333333 0.466667 
d_481 d481 0.213115 0.540984 0.245902 
d_482 d482 0.179487 0.282051 0.538462 
d_483 d483 0.428571 0.523810 0.047619 
d_484 d484 0.165049 0.475728 0.359223 
d_485 d485 0.310345 0.517241 0.172414 
d_486 d486 0.239437 0.605634 0.154930 
d_487 d487 0.049180 0.278689 0.672131 
d_488 d488 0.219048 0.523810 0.257143 
d_489 d489 0.176471 0.529412 0.294118 
d_490 d490 0.508197 0.344262 0.147541 
d_491 d491 0.230769 0.384615 0.384615 
d_492 d492 0.238095 0.333333 0.428571 
d_493 d493 0.358491 0.471698 0.169811 
d_494 d494 0.040000 0.760000 0.200000 
d_495 d495 0.238095 0.238095 0.523810 
d_496 d496 0.076923 0.641026 0.282051 
d_497 d497 0.407407 0.555556 0.037037 
d_498 d498 0.052632 0.789474 0.157895 
d_499 d499 0.037037 0.777778 0.185185 
d_500 d500 0.294118 0.490196 0.215686 
d_501 d501 0.221053 0.452632 0.326316 
d_502 d502 0.196850 0.338583 0.464567 
d_503 d503 0.365854 0.365854 0.268293 
d_504 d504 0.333333 0.629630 0.037037 
d_505 d505 0.037037 0.333333 0.629630 
d_506 d506 0.157895 0.473684 0.368421 
d_507 d507 0.368421 0.473684 0.157895 
d_508 d508 0.197452 0.452229 0.350318 
d_509 d509 0.263158 0.473684 0.263158 
d_510 d510 0.652174 0.043478 0.304348 
d_511 d511 0.894737 0.052632 0.052632 
d_512 d512 0.172414 0.241379 0.586207 
d_513 d513 0.209302 0.441860 0.348837 
d_514 d514 0.200000 0.527273 0.272727 
d_515 d515 0.466667 0.333333 0.200000 
d_516 d516 0.302326 0.023256 0.674419 
d_517 d517 0.333333 0.155556 0.511111 
d_518 d518 0.037037 0.555556 0.407407 
d_519 d519 0.034483 0.517241 0.448276 
d_520 d520 0.185185 0.555556 0.259259 
d_521 d521 0.018868 0.396226 0.584906 
d_522 d522 0.423729 0.525424 0.050847 
d_523 d523 0.230769 0.384615 0.384615 
d_524 d524 0.286957 0.617391 0.095652 
d_525 d525 0.379310 0.034483 0.586207 
d_526 d526 0.084746 0.457627 0.457627 
d_527 d527 0.538462 0.353846 0.107692 
d_528 d528 0.523810 0.460317 0.015873 
d_529 d529 0.010309 0.546392 0.443299 
d_530 d530 0.551020 0.224490 0.224490 
d_531 d531 0.567568 0.405405 0.027027 
d_532 d532 0.238095 0.238095 0.523810 
d_533 d533 0.636364 0.272727 0.090909 
d_534 d534 0.170732 0.463415 0.365854 
d_535 d535 0.200000 0.280000 0.520000 
d_536 d536 0.294118 0.294118 0.411765 
d_537 d537 0.034483 0.586207 0.379310 
d_538 d538 0.384615 0.128205 0.487179 
d_539 d539 0.021277 0.617021 0.361702 
d_540 d540 0.268293 0.365854 0.365854 
d_541 d541 0.158879 0.289720 0.551402 
d_542 d542 0.096774 0.096774 0.806452 
d_543 d543 0.301587 0.269841 0.428571 
d_544 d544 0.207547 0.660377 0.132075 
d_545 d545 0.377778 0.555556 0.066667 
d_546 d546 0.680000 0.120000 0.200000 
d_547 d547 0.066667 0.333333 0.600000 
d_548 d548 0.756098 0.170732 0.073171 
d_549 d549 0.030303 0.878788 0.090909 
d_550 d550 0.172414 0.448276 0.379310 
d_551 d551 0.306122 0.306122 0.387755 
d_552 d552 0.288889 0.333333 0.377778 
d_553 d553 0.315068 0.452055 0.232877 
d_554 d554 0.435897 0.538462 0.025641 
d_555 d555 0.684211 0.263158 0.052632 
d_556 d556 0.282051 0.282051 0.435897 
d_557 d557 0.037037 0.629630 0.333333 
d_558 d558 0.200000 0.520000 0.280000 
d_559 d559 0.032258 0.612903 0.354839 
d_560 d560 0.159420 0.188406 0.652174 
d_561 d561 0.647059 0.294118 0.058824 
d_562 d562 0.066667 0.733333 0.200000 
d_563 d563 0.016949 0.661017 0.322034 
d_564 d564 0.021277 0.787234 0.191489 
d_565 d565 0.684211 0.157895 0.157895 
d_566 d566 0.534884 0.348837 0.116279 
d_567 d567 0.523810 0.428571 0.047619 
d_568 d568 0.200000 0.466667 0.333333 
d_569 d569 0.028571 0.714286 0.257143 
d_570 d570 0.510204 0.142857 0.346939 
d_571 d571 0.230769 0.384615 0.384615 
d_572 d572 0.063830 0.446809 0.489362 
d_573 d573 0.130435 0.739130 0.130435 
d_574 d574 0.058824 0.764706 0.176471 
d_575 d575 0.466667 0.466667 0.066667 
d_576 d576 0.523810 0.428571 0.047619 
d_577 d577 0.333333 0.600000 0.066667 
d_578 d578 0.172414 0.793103 0.034483 
d_579 d579 0.121951 0.560976 0.317073 
d_580 d580 0.314286 0.371429 0.314286 
d_581 d581 0.058824 0.294118 0.647059 
d_582 d582 0.155556 0.333333 0.511111 
d_583 d583 0.200000 0.520000 0.280000 
d_584 d584 0.073171 0.560976 0.365854 
d_585 d585 0.016393 0.475410 0.508197 
d_586 d586 0.142857 0.428571 0.428571 
d_587 d587 0.012987 0.480519 0.506494 
d_588 d588 0.263158 0.684211 0.052632 
d_589 d589 0.341176 0.247059 0.411765 
d_590 d590 0.027027 0.783784 0.189189 
d_591 d591 0.520000 0.360000 0.120000 
d_592 d592 0.389831 0.288136 0.322034 
d_593 d593 0.462069 0.255172 0.282759 
d_594 d594 0.675676 0.297297 0.027027 
d_595 d595 0.047619 0.333333 0.619048 
d_596 d596 0.120000 0.840000 0.040000 
d_597 d597 0.319149 0.361702 0.319149 
d_598 d598 0.272727 0.696970 0.030303 
d_599 d599 0.377778 0.511111 0.111111 
d_600 d600 0.142857 0.809524 0.047619 
d_601 d601 0.130435 0.043478 0.826087 
d_602 d602 0.538462 0.076923 0.384615 
d_603 d603 0.448276 0.517241 0.034483 
d_604 d604 0.391304 0.391304 0.217391 
d_605 d605 0.333333 0.037037 0.629630 
d_606 d606 0.527273 0.418182 0.054545 
d_607 d607 0.471264 0.264368 0.264368 
d_608 d608 0.085714 0.485714 0.428571 
d_609 d609 0.211268 0.352113 0.436620 
d_610 d610 0.066667 0.866667 0.066667 
d_611 d611 0.157895 0.368421 0.473684 
d_612 d612 0.317073 0.658537 0.024390 
d_613 d613 0.523810 0.333333 0.142857 
d_614 d614 0.459459 0.513514 0.027027 
d_615 d615 0.333333 0.466667 0.200000 
d_616 d616 0.523810 0.365079 0.111111 
d_617 d617 0.739130 0.217391 0.043478 
d_618 d618 0.517241 0.310345 0.172414 
d_619 d619 0.515152 0.272727 0.212121 
d_620 d620 0.111111 0.407407 0.481481 
d_621 d621 0.283019 0.509434 0.207547 
d_622 d622 0.647059 0.176471 0.176471 
d_623 d623 0.449275 0.246377 0.304348 
d_624 d624 0.037037 0.703704 0.259259 
d_625 d625 0.314286 0.485714 0.200000 
d_626 d626 0.210884 0.442177 0.346939 
d_627 d627 0.302326 0.302326 0.395349 
d_628 d628 0.510204 0.469388 0.020408 
d_629 d629 0.037037 0.703704 0.259259 
d_630 d630 0.614035 0.263158 0.122807 
d_631 d631 0.166078 0.491166 0.342756 
d_632 d632 0.314286 0.428571 0.257143 
d_633 d633 0.085714 0.371429 0.542857 
d_634 d634 0.103448 0.724138 0.172414 
d_635 d635 0.333333 0.454545 0.212121 
d_636 d636 0.304348 0.565217 0.130435 
d_637 d637 0.243243 0.657658 0.099099 
d_638 d638 0.043478 0.449275 0.507246 
d_639 d639 0.111111 0.407407 0.481481 
d_640 d640 0.422222 0.422222 0.155556 
d_641 d641 0.096774 0.677419 0.225806 
d_642 d642 0.016949 0.796610 0.186441 
d_643 d643 0.111111 0.703704 0.185185 
d_644 d644 0.448276 0.241379 0.310345 
d_645 d645 0.534247 0.178082 0.287671 
d_646 d646 0.490196 0.450980 0.058824 
d_647 d647 0.448819 0.385827 0.165354 
d_648 d648 0.018868 0.584906 0.396226 
d_649 d649 0.066667 0.333333 0.600000 
d_650 d650 0.282051 0.282051 0.435897 
d_651 d651 0.030303 0.818182 0.151515 
d_652 d652 0.247059 0.482353 0.270588 
d_653 d653 0.089109 0.584158 0.326733 
d_654 d654 0.469388 0.510204 0.020408 
d_655 d655 0.152838 0.493450 0.353712 
d_656 d656 0.376623 0.532468 0.090909 
d_657 d657 0.120000 0.680000 0.200000 
d_658 d658 0.520000 0.440000 0.040000 
d_659 d659 0.148936 0.404255 0.446809 
d_660 d660 0.411765 0.529412 0.058824 
d_661 d661 0.023256 0.627907 0.348837 
d_662 d662 0.076923 0.846154 0.076923 
d_663 d663 0.176471 0.411765 0.411765 
d_664 d664 0.016393 0.737705 0.245902 
d_665 d665 0.283582 0.492537 0.223881 
d_666 d666 0.040000 0.520000 0.440000 
d_667 d667 0.333333 0.428571 0.238095 
d_668 d668 0.481481 0.481481 0.037037 
d_669 d669 0.192982 0.789474 0.017544 
d_670 d670 0.514019 0.327103 0.158879 
d_671 d671 0.040000 0.280000 0.680000 
d_672 d672 0.600000 0.280000 0.120000 
d_673 d673 0.302326 0.581395 0.116279 
d_674 d674 0.481481 0.407407 0.111111 
d_675 d675 0.294118 0.411765 0.294118 
d_676 d676 0.076923 0.384615 0.538462 
d_677 d677 0.466667 0.466667 0.066667 
d_678 d678 0.098592 0.605634 0.295775 
d_679 d679 0.081081 0.513514 0.405405 
d_680 d680 0.729730 0.243243 0.027027 
d_681 d681 0.090909 0.818182 0.090909 
d_682 d682 0.593220 0.322034 0.084746 
d_683 d683 0.419355 0.548387 0.032258 
d_684 d684 0.575758 0.272727 0.151515 
d_685 d685 0.116279 0.209302 0.674419 
d_686 d686 0.024390 0.756098 0.219512 
d_687 d687 0.457944 0.327103 0.214953 
d_688 d688 0.111111 0.777778 0.111111 
d_689 d689 0.619048 0.238095 0.142857 
d_690 d690 0.304348 0.652174 0.043478 
d_691 d691 0.208633 0.410072 0.381295 
d_692 d692 0.600000 0.200000 0.200000 
d_693 d693 0.047619 0.561905 0.390476 
d_694 d694 0.117117 0.675676 0.207207 
d_695 d695 0.684211 0.263158 0.052632 
d_696 d696 0.709091 0.090909 0.200000 
d_697 d697 0.408451 0.492958 0.098592 
d_698 d698 0.018868 0.735849 0.245283 
d_699 d699 0.295775 0.690141 0.014085 
d_700 d700 0.018182 0.745455 0.236364 
d_701 d701 0.354839 0.397849 0.247312 
d_702 d702 0.030303 0.272727 0.696970 
d_703 d703 0.255814 0.395349 0.348837 
d_704 d704 0.438596 0.438596 0.122807 
d_705 d705 0.538462 0.435897 0.025641 
d_706 d706 0.372549 0.411765 0.215686 
d_707 d707 0.494949 0.474747 0.030303 
d_708 d708 0.123596 0.640449 0.235955 
d_709 d709 0.050847 0.627119 0.322034 
d_710 d710 0.246377 0.565217 0.188406 
d_711 d711 0.478261 0.333333 0.188406 
d_712 d712 0.581395 0.348837 0.069767 
d_713 d713 0.333333 0.111111 0.555556 
d_714 d714 0.075269 0.311828 0.612903 
d_715 d715 0.034483 0.379310 0.586207 
d_716 d716 0.356322 0.494253 0.149425 
d_717 d717 0.228916 0.542169 0.228916 
d_718 d718 0.290323 0.483871 0.225806 
d_719 d719 0.040000 0.840000 0.120000 
d_720 d720 0.030303 0.939394 0.030303 
d_721 d721 0.047619 0.904762 0.047619 
d_722 d722 0.043478 0.739130 0.217391 
d_723 d723 0.090909 0.527273 0.381818 
d_724 d724 0.393939 0.212121 0.393939 
d_725 d725 0.230769 0.230769 0.538462 
d_726 d726 0.040000 0.360000 0.600000 
d_727 d727 0.384615 0.384615 0.230769 
d_728 d728 0.428571 0.142857 0.428571 
d_729 d729 0.030303 0.333333 0.636364 
d_730 d730 0.121951 0.707317 0.170732 
d_731 d731 0.232877 0.150685 0.616438 
d_732 d732 0.172414 0.310345 0.517241 
d_733 d733 0.391304 0.565217 0.043478 
d_734 d734 0.200000 0.422222 0.377778 
d_735 d735 0.241379 0.724138 0.034483 
d_736 d736 0.130435 0.130435 0.739130 
d_737 d737 0.030303 0.696970 0.272727 
d_738 d738 0.034483 0.793103 0.172414 
d_739 d739 0.238095 0.206349 0.555556 
d_740 d740 0.179487 0.641026 0.179487 
d_741 d741 0.154930 0.267606 0.577465 
d_742 d742 0.209302 0.581395 0.209302 
d_743 d743 0.422222 0.555556 0.022222 
d_744 d744 0.225225 0.279279 0.495495 
d_745 d745 0.297297 0.567568 0.135135 
d_746 d746 0.167883 0.532847 0.299270 
d_747 d747 0.171717 0.191919 0.636364 
d_748 d748 0.076923 0.846154 0.076923 
d_749 d749 0.263158 0.298246 0.438596 
d_750 d750 0.589744 0.333333 0.076923 
d_751 d751 0.633803 0.239437 0.126761 
d_752 d752 0.034483 0.586207 0.379310 
d_753 d753 0.058824 0.882353 0.058824 
d_754 d754 0.487179 0.435897 0.076923 
d_755 d755 0.027027 0.513514 0.459459 
d_756 d756 0.066667 0.066667 0.866667 
d_757 d757 0.450980 0.411765 0.137255 
d_758 d758 0.111111 0.111111 0.777778 
d_759 d759 0.014085 0.830986 0.154930 
d_760 d760 0.240506 0.544304 0.215190 
d_761 d761 0.037037 0.925926 0.037037 
d_762 d762 0.365079 0.333333 0.301587 
d_763 d763 0.021277 0.617021 0.361702 
d_764 d764 0.384615 0.538462 0.076923 
d_765 d765 0.265823 0.468354 0.265823 
d_766 d766 0.040000 0.600000 0.360000 
d_767 d767 0.076923 0.589744 0.333333 
d_768 d768 0.225806 0.741935 0.032258 
d_769 d769 0.085714 0.314286 0.600000 
d_770 d770 0.064748 0.496403 0.438849 
d_771 d771 0.278689 0.180328 0.540984 
d_772 d772 0.103448 0.655172 0.241379 
d_773 d773 0.217391 0.739130 0.043478 
d_774 d774 0.288136 0.525424 0.186441 
d_775 d775 0.211009 0.431193 0.357798 
d_776 d776 0.263158 0.368421 0.368421 
d_777 d777 0.304348 0.565217 0.130435 
d_778 d778 0.200000 0.296000 0.504000 
d_779 d779 0.219512 0.414634 0.365854 
d_780 d780 0.408451 0.211268 0.380282 
d_781 d781 0.265306 0.142857 0.591837 
d_782 d782 0.353846 0.600000 0.046154 
d_783 d783 0.344538 0.310924 0.344538 
d_784 d784 0.707317 0.268293 0.024390 
d_785 d785 0.216374 0.274854 0.508772 
d_786 d786 0.397849 0.397849 0.204301 
d_787 d787 0.180723 0.493976 0.325301 
d_788 d788 0.333333 0.529412 0.137255 
d_789 d789 0.448276 0.379310 0.172414 
d_790 d790 0.245283 0.660377 0.094340 
d_791 d791 0.047619 0.619048 0.333333 
d_792 d792 0.130435 0.565217 0.304348 
d_793 d793 0.030928 0.752577 0.216495 
d_794 d794 0.024390 0.902439 0.073171 
d_795 d795 0.076923 0.846154 0.076923 
d_796 d796 0.006803 0.564626 0.428571 
d_797 d797 0.228070 0.473684 0.298246 
d_798 d798 0.104762 0.371429 0.523810 
d_799 d799 0.200000 0.714286 0.085714 
d_800 d800 0.043478 0.507246 0.449275 
d_801 d801 0.015873 0.079365 0.904762 
d_802 d802 0.345455 0.490909 0.163636 
d_803 d803 0.025641 0.692308 0.282051 
d_804 d804 0.466667 0.466667 0.066667 
d_805 d805 0.569231 0.384615 0.046154 
d_806 d806 0.037037 0.925926 0.037037 
d_807 d807 0.127273 0.527273 0.345455 
d_808 d808 0.297297 0.513514 0.189189 
d_809 d809 0.265306 0.102041 0.632653 
d_810 d810 0.162791 0.767442 0.069767 
d_811 d811 0.268293 0.658537 0.073171 
d_812 d812 0.297297 0.405405 0.297297 
d_813 d813 0.116279 0.767442 0.116279 
d_814 d814 0.066667 0.333333 0.600000 
d_815 d815 0.179487 0.384615 0.435897 
d_816 d816 0.414634 0.317073 0.268293 
d_817 d817 0.047619 0.619048 0.333333 
d_818 d818 0.058824 0.411765 0.529412 
d_819 d819 0.507246 0.362319 0.130435 
d_820 d820 0.032258 0.483871 0.483871 
d_821 d821 0.600000 0.280000 0.120000 
d_822 d822 0.354037 0.416149 0.229814 
d_823 d823 0.333333 0.428571 0.238095 
d_824 d824 0.230769 0.692308 0.076923 
d_825 d825 0.333333 0.428571 0.238095 
d_826 d826 0.649123 0.192982 0.157895 
d_827 d827 0.052632 0.578947 0.368421 
d_828 d828 0.161290 0.483871 0.354839 
d_829 d829 0.058824 0.294118 0.647059 
d_830 d830 0.272727 0.600000 0.127273 
d_831 d831 0.183099 0.380282 0.436620 
d_832 d832 0.317073 0.609756 0.073171 
d_833 d833 0.261538 0.446154 0.292308 
d_834 d834 0.263158 0.368421 0.368421 
d_835 d835 0.586207 0.310345 0.103448 
d_836 d836 0.224490 0.306122 0.469388 
d_837 d837 0.251908 0.450382 0.297710 
d_838 d838 0.377778 0.066667 0.555556 
d_839 d839 0.127273 0.600000 0.272727 
d_840 d840 0.157895 0.578947 0.263158 
d_841 d841 0.220339 0.491525 0.288136 
d_842 d842 0.254237 0.593220 0.152542 
d_843 d843 0.441860 0.534884 0.023256 
d_844 d844 0.517241 0.034483 0.448276 
d_845 d845 0.490909 0.272727 0.236364 
d_846 d846 0.333333 0.641026 0.025641 
d_847 d847 0.841270 0.142857 0.015873 
d_848 d848 0.446809 0.148936 0.404255 
d_849 d849 0.217391 0.739130 0.043478 
d_850 d850 0.384615 0.538462 0.076923 
d_851 d851 0.297297 0.351351 0.351351 
d_852 d852 0.408451 0.577465 0.014085 
d_853 d853 0.230769 0.435897 0.333333 
d_854 d854 0.299270 0.416058 0.284672 
d_855 d855 0.280000 0.680000 0.040000 
d_856 d856 0.245902 0.737705 0.016393 
d_857 d857 0.161290 0.548387 0.290323 
d_858 d858 0.529412 0.411765 0.058824 
d_859 d859 0.368421 0.052632 0.578947 
d_860 d860 0.230769 0.641026 0.128205 
d_861 d861 0.407407 0.185185 0.407407 
d_862 d862 0.130435 0.536232 0.333333 
d_863 d863 0.040000 0.360000 0.600000 
d_864 d864 0.142857 0.632653 0.224490 
d_865 d865 0.445545 0.346535 0.207921 
d_866 d866 0.152542 0.559322 0.288136 
d_867 d867 0.220339 0.288136 0.491525 
d_868 d868 0.264368 0.655172 0.080460 
d_869 d869 0.346939 0.346939 0.306122 
d_870 d870 0.194030 0.482587 0.323383 
d_871 d871 0.407407 0.555556 0.037037 
d_872 d872 0.096774 0.367742 0.535484 
d_873 d873 0.032258 0.612903 0.354839 
d_874 d874 0.013699 0.671233 0.315068 
d_875 d875 0.098039 0.764706 0.137255 
d_876 d876 0.161290 0.419355 0.419355 
d_877 d877 0.304348 0.478261 0.217391 
d_878 d878 0.022222 0.911111 0.066667 
d_879 d879 0.123810 0.523810 0.352381 
d_880 d880 0.263158 0.684211 0.052632 
d_881 d881 0.126214 0.650485 0.223301 
d_882 d882 0.268293 0.170732 0.560976 
d_883 d883 0.151515 0.212121 0.636364 
d_884 d884 0.157895 0.789474 0.052632 
d_885 d885 0.395349 0.581395 0.023256 
d_886 d886 0.215686 0.647059 0.137255 
d_887 d887 0.111111 0.777778 0.111111 
d_888 d888 0.760000 0.120000 0.120000 
d_889 d889 0.511111 0.155556 0.333333 
d_890 d890 0.066667 0.466667 0.466667 
d_891 d891 0.085714 0.885714 0.028571 
d_892 d892 0.111111 0.682540 0.206349 
d_893 d893 0.142857 0.428571 0.428571 
d_894 d894 0.082353 0.529412 0.388235 
d_895 d895 0.013699 0.424658 0.561644 
d_896 d896 0.230769 0.692308 0.076923 
d_897 d897 0.052632 0.789474 0.157895 
d_898 d898 0.122302 0.482014 0.395683 
d_899 d899 0.096774 0.741935 0.161290 
d_900 d900 0.069767 0.674419 0.255814 
d_901 d901 0.241379 0.724138 0.034483 
d_902 d902 0.054545 0.745455 0.200000 
d_903 d903 0.243243 0.081081 0.675676 
d_904 d904 0.200000 0.600000 0.200000 
d_905 d905 0.058824 0.764706 0.176471 
d_906 d906 0.517241 0.448276 0.034483 
d_907 d907 0.547170 0.132075 0.320755 
d_908 d908 0.215686 0.333333 0.450980 
d_909 d909 0.022222 0.155556 0.822222 
d_910 d910 0.207547 0.471698 0.320755 
d_911 d911 0.408696 0.408696 0.182609 
d_912 d912 0.377778 0.244444 0.377778 
d_913 d913 0.278107 0.644970 0.076923 
d_914 d914 0.058824 0.490196 0.450980 
d_915 d915 0.066667 0.600000 0.333333 
d_916 d916 0.194030 0.582090 0.223881 
d_917 d917 0.720930 0.116279 0.162791 
d_918 d918 0.085714 0.885714 0.028571 
d_919 d919 0.188406 0.768116 0.043478 
d_920 d920 0.200000 0.485714 0.314286 
d_921 d921 0.132075 0.534591 0.333333 
d_922 d922 0.550802 0.358289 0.090909 
d_923 d923 0.348837 0.395349 0.255814 
d_924 d924 0.548387 0.290323 0.161290 
d_925 d925 0.586207 0.379310 0.034483 
d_926 d926 0.146853 0.664336 0.188811 
d_927 d927 0.076923 0.384615 0.538462 
d_928 d928 0.407407 0.481481 0.111111 
d_929 d929 0.298246 0.403509 0.298246 
d_930 d930 0.076923 0.846154 0.076923 
d_931 d931 0.692308 0.076923 0.230769 
d_932 d932 0.534884 0.209302 0.255814 
d_933 d933 0.142857 0.523810 0.333333 
d_934 d934 0.388235 0.435294 0.176471 
d_935 d935 0.614458 0.325301 0.060241 
d_936 d936 0.345133 0.415929 0.238938 
d_937 d937 0.176471 0.529412 0.294118 
d_938 d938 0.058824 0.607843 0.333333 
d_939 d939 0.259259 0.629630 0.111111 
d_940 d940 0.333333 0.407407 0.259259 
d_941 d941 0.333333 0.555556 0.111111 
d_942 d942 0.644444 0.244444 0.111111 
d_943 d943 0.404255 0.446809 0.148936 
d_944 d944 0.169231 0.569231 0.261538 
d_945 d945 0.233645 0.607477 0.158879 
d_946 d946 0.241379 0.655172 0.103448 
d_947 d947 0.209302 0.581395 0.209302 
d_948 d948 0.480519 0.506494 0.012987 
d_949 d949 0.314286 0.485714 0.200000 
d_950 d950 0.487179 0.128205 0.384615 
d_951 d951 0.200000 0.555556 0.244444 
d_952 d952 0.206349 0.428571 0.365079 
d_953 d953 0.707865 0.235955 0.056180 
d_954 d954 0.142857 0.714286 0.142857 
d_955 d955 0.297297 0.189189 0.513514 
d_956 d956 0.384615 0.230769 0.384615 
d_957 d957 0.636364 0.333333 0.030303 
d_958 d958 0.040000 0.760000 0.200000 
d_959 d959 0.292308 0.507692 0.200000 
d_960 d960 0.096774 0.483871 0.419355 
d_961 d961 0.483871 0.096774 0.419355 
d_962 d962 0.275362 0.420290 0.304348 
d_963 d963 0.096774 0.806452 0.096774 
d_964 d964 0.028571 0.657143 0.314286 
d_965 d965 0.354839 0.333333 0.311828 
d_966 d966 0.630252 0.361345 0.008403 
d_967 d967 0.171717 0.414141 0.414141 
d_968 d968 0.042254 0.408451 0.549296 
d_969 d969 0.224490 0.755102 0.020408 
d_970 d970 0.058824 0.686275 0.254902 
d_971 d971 0.377778 0.600000 0.022222 
d_972 d972 0.263158 0.684211 0.052632 
d_973 d973 0.297297 0.657658 0.045045 
d_974 d974 0.296443 0.359684 0.343874 
d_975 d975 0.322034 0.559322 0.118644 
d_976 d976 0.102804 0.252336 0.644860 
d_977 d977 0.032258 0.225806 0.741935 
d_978 d978 0.361345 0.428571 0.210084 
d_979 d979 0.254902 0.411765 0.333333 
d_980 d980 0.114754 0.344262 0.540984 
d_981 d981 0.142857 0.809524 0.047619 
d_982 d982 0.028571 0.714286 0.257143 
d_983 d983 0.019608 0.725490 0.254902 
d_984 d984 0.809524 0.142857 0.047619 
d_985 d985 0.369863 0.561644 0.068493 
d_986 d986 0.302326 0.581395 0.116279 
d_987 d987 0.024390 0.902439 0.073171 
d_988 d988 0.172414 0.517241 0.310345 
d_989 d989 0.481481 0.481481 0.037037 
d_990 d990 0.268293 0.414634 0.317073 
d_991 d991 0.263158 0.578947 0.157895 
d_992 d992 0.314286 0.428571 0.257143 
d_993 d993 0.257143 0.542857 0.200000 
d_994 d994 0.257143 0.428571 0.314286 
d_995 d995 0.186441 0.593220 0.220339 
d_996 d996 0.050847 0.559322 0.389831 
d_997 d997 0.027027 0.675676 0.297297 
d_998 d998 0.622642 0.245283 0.132075 
d_999 d999 0.846154 0.076923 0.076923 
d_1000 d1000 0.714286 0.028571 0.257143 
d_1001 d1001 0.354839 0.483871 0.161290 
d_1002 d1002 0.157895 0.473684 0.368421 
d_1003 d1003 0.058824 0.333333 0.607843 
d_1004 d1004 0.259259 0.636364 0.104377 
d_1005 d1005 0.043478 0.652174 0.304348 
d_1006 d1006 0.272727 0.381818 0.345455 
d_1007 d1007 0.211679 0.226277 0.562044 
d_1008 d1008 0.538462 0.340659 0.120879 
d_1009 d1009 0.111111 0.688889 0.200000 
d_1010 d1010 0.313433 0.432836 0.253731 
d_1011 d1011 0.226519 0.381215 0.392265 
d_1012 d1012 0.167630 0.410405 0.421965 
d_1013 d1013 0.562044 0.416058 0.021898 
d_1014 d1014 0.023256 0.953488 0.023256 
d_1015 d1015 0.290323 0.483871 0.225806 
d_1016 d1016 0.096774 0.161290 0.741935 
d_1017 d1017 0.243243 0.297297 0.459459 
d_1018 d1018 0.033708 0.550562 0.415730 
d_1019 d1019 0.404255 0.489362 0.106383 
d_1020 d1020 0.037037 0.555556 0.407407 
d_1021 d1021 0.058824 0.176471 0.764706 
d_1022 d1022 0.254902 0.254902 0.490196 
d_1023 d1023 0.294118 0.058824 0.647059 
d_1024 d1024 0.377049 0.409836 0.213115 
d_1025 d1025 0.714286 0.142857 0.142857 
d_1026 d1026 0.181102 0.433071 0.385827 
d_1027 d1027 0.043478 0.449275 0.507246 
d_1028 d1028 0.238095 0.587302 0.174603 
