Document 0
0.002915 0.002915 0.615160 0.002915 0.002915 0.002915 0.002915 0.002915 0.002915 0.090379 0.265306 0.002915 0.002915 
0.006135 0.006135 0.006135 0.006135 0.006135 0.190184 0.374233 0.006135 0.006135 0.374233 0.006135 0.006135 0.006135 
0.006135 0.374233 0.006135 0.006135 0.006135 0.006135 0.558282 0.006135 0.006135 0.006135 0.006135 0.006135 0.006135 
Document 1
0.076923 0.076923 0.076923 0.076923 0.076923 0.076923 0.076923 0.076923 0.076923 0.076923 0.076923 0.076923 0.076923 
0.076923 0.076923 0.076923 0.076923 0.076923 0.076923 0.076923 0.076923 0.076923 0.076923 0.076923 0.076923 0.076923 
0.005181 0.005181 0.005181 0.005181 0.005181 0.005181 0.316062 0.160622 0.160622 0.005181 0.316062 0.005181 0.005181 
Document 2
0.003534 0.003534 0.003534 0.003534 0.003534 0.003534 0.533569 0.109541 0.003534 0.003534 0.003534 0.003534 0.321555 
0.009709 0.592233 0.009709 0.009709 0.009709 0.009709 0.009709 0.009709 0.009709 0.009709 0.009709 0.009709 0.300971 
0.926380 0.006135 0.006135 0.006135 0.006135 0.006135 0.006135 0.006135 0.006135 0.006135 0.006135 0.006135 0.006135 
Document 3
0.324397 0.002681 0.565684 0.002681 0.002681 0.002681 0.002681 0.083110 0.002681 0.002681 0.002681 0.002681 0.002681 
0.002915 0.002915 0.002915 0.002915 0.002915 0.002915 0.002915 0.002915 0.965015 0.002915 0.002915 0.002915 0.002915 
0.076923 0.076923 0.076923 0.076923 0.076923 0.076923 0.076923 0.076923 0.076923 0.076923 0.076923 0.076923 0.076923 
Document 4
0.926380 0.006135 0.006135 0.006135 0.006135 0.006135 0.006135 0.006135 0.006135 0.006135 0.006135 0.006135 0.006135 
0.076923 0.076923 0.076923 0.076923 0.076923 0.076923 0.076923 0.076923 0.076923 0.076923 0.076923 0.076923 0.076923 
0.003534 0.003534 0.003534 0.003534 0.003534 0.003534 0.321555 0.003534 0.003534 0.215548 0.003534 0.003534 0.427562 
Document 5
0.013699 0.013699 0.013699 0.013699 0.013699 0.013699 0.013699 0.013699 0.013699 0.013699 0.013699 0.424658 0.424658 
0.002028 0.002028 0.184584 0.002028 0.002028 0.002028 0.245436 0.002028 0.002028 0.245436 0.002028 0.002028 0.306288 
0.001631 0.001631 0.001631 0.001631 0.001631 0.246330 0.393148 0.344209 0.001631 0.001631 0.001631 0.001631 0.001631 
Document 6
0.001364 0.001364 0.001364 0.001364 0.001364 0.042292 0.001364 0.001364 0.001364 0.001364 0.001364 0.001364 0.942701 
0.003534 0.003534 0.957597 0.003534 0.003534 0.003534 0.003534 0.003534 0.003534 0.003534 0.003534 0.003534 0.003534 
0.001095 0.198248 0.001095 0.263965 0.001095 0.001095 0.001095 0.001095 0.132530 0.066813 0.001095 0.001095 0.329682 
Document 7
0.006135 0.006135 0.190184 0.006135 0.006135 0.006135 0.006135 0.006135 0.006135 0.190184 0.006135 0.006135 0.558282 
0.007519 0.007519 0.007519 0.233083 0.007519 0.007519 0.684211 0.007519 0.007519 0.007519 0.007519 0.007519 0.007519 
0.023256 0.023256 0.023256 0.023256 0.023256 0.023256 0.023256 0.023256 0.023256 0.720930 0.023256 0.023256 0.023256 
Document 8
0.003534 0.003534 0.003534 0.003534 0.003534 0.003534 0.003534 0.957597 0.003534 0.003534 0.003534 0.003534 0.003534 
0.002915 0.265306 0.440233 0.002915 0.002915 0.002915 0.002915 0.002915 0.002915 0.002915 0.002915 0.265306 0.002915 
0.324397 0.083110 0.002681 0.002681 0.083110 0.002681 0.002681 0.002681 0.002681 0.485255 0.002681 0.002681 0.002681 
Document 9
0.002681 0.002681 0.002681 0.646113 0.002681 0.002681 0.163539 0.002681 0.002681 0.002681 0.002681 0.002681 0.163539 
0.023256 0.023256 0.023256 0.023256 0.023256 0.023256 0.023256 0.720930 0.023256 0.023256 0.023256 0.023256 0.023256 
0.165389 0.001095 0.263965 0.099671 0.001095 0.198248 0.263965 0.001095 0.001095 0.001095 0.001095 0.001095 0.001095 
Document 10
0.023256 0.720930 0.023256 0.023256 0.023256 0.023256 0.023256 0.023256 0.023256 0.023256 0.023256 0.023256 0.023256 
0.023256 0.023256 0.720930 0.023256 0.023256 0.023256 0.023256 0.023256 0.023256 0.023256 0.023256 0.023256 0.023256 
0.005181 0.005181 0.005181 0.005181 0.005181 0.005181 0.005181 0.160622 0.005181 0.005181 0.005181 0.005181 0.782383 
Document 11
0.023256 0.720930 0.023256 0.023256 0.023256 0.023256 0.023256 0.023256 0.023256 0.023256 0.023256 0.023256 0.023256 
0.076923 0.076923 0.076923 0.076923 0.076923 0.076923 0.076923 0.076923 0.076923 0.076923 0.076923 0.076923 0.076923 
0.002309 0.002309 0.002309 0.002309 0.140878 0.002309 0.210162 0.002309 0.002309 0.002309 0.002309 0.002309 0.625866 
Document 12
0.003953 0.003953 0.003953 0.003953 0.003953 0.241107 0.003953 0.003953 0.003953 0.241107 0.003953 0.003953 0.478261 
0.076923 0.076923 0.076923 0.076923 0.076923 0.076923 0.076923 0.076923 0.076923 0.076923 0.076923 0.076923 0.076923 
0.009709 0.009709 0.009709 0.009709 0.009709 0.009709 0.009709 0.300971 0.009709 0.009709 0.009709 0.592233 0.009709 
Document 13
0.265306 0.002915 0.002915 0.002915 0.002915 0.002915 0.352770 0.002915 0.265306 0.002915 0.002915 0.002915 0.090379 
0.005181 0.005181 0.005181 0.005181 0.005181 0.005181 0.937824 0.005181 0.005181 0.005181 0.005181 0.005181 0.005181 
0.002681 0.002681 0.002681 0.002681 0.404826 0.002681 0.002681 0.002681 0.002681 0.002681 0.002681 0.163539 0.404826 
Document 14
0.002915 0.002915 0.002915 0.002915 0.090379 0.002915 0.002915 0.177843 0.702624 0.002915 0.002915 0.002915 0.002915 
0.013699 0.013699 0.013699 0.013699 0.013699 0.013699 0.013699 0.835616 0.013699 0.013699 0.013699 0.013699 0.013699 
0.076923 0.076923 0.076923 0.076923 0.076923 0.076923 0.076923 0.076923 0.076923 0.076923 0.076923 0.076923 0.076923 
Document 15
0.003195 0.003195 0.003195 0.003195 0.003195 0.003195 0.003195 0.003195 0.290735 0.003195 0.003195 0.386581 0.290735 
0.076923 0.076923 0.076923 0.076923 0.076923 0.076923 0.076923 0.076923 0.076923 0.076923 0.076923 0.076923 0.076923 
0.013699 0.013699 0.013699 0.013699 0.835616 0.013699 0.013699 0.013699 0.013699 0.013699 0.013699 0.013699 0.013699 
Document 16
0.076923 0.076923 0.076923 0.076923 0.076923 0.076923 0.076923 0.076923 0.076923 0.076923 0.076923 0.076923 0.076923 
0.116635 0.059273 0.001912 0.288719 0.001912 0.001912 0.001912 0.518164 0.001912 0.001912 0.001912 0.001912 0.001912 
0.006135 0.006135 0.926380 0.006135 0.006135 0.006135 0.006135 0.006135 0.006135 0.006135 0.006135 0.006135 0.006135 
Document 17
0.023256 0.023256 0.023256 0.023256 0.023256 0.023256 0.023256 0.720930 0.023256 0.023256 0.023256 0.023256 0.023256 
0.076923 0.076923 0.076923 0.076923 0.076923 0.076923 0.076923 0.076923 0.076923 0.076923 0.076923 0.076923 0.076923 
0.003534 0.003534 0.851590 0.003534 0.109541 0.003534 0.003534 0.003534 0.003534 0.003534 0.003534 0.003534 0.003534 
Document 18
0.003195 0.003195 0.003195 0.003195 0.003195 0.194888 0.003195 0.674121 0.099042 0.003195 0.003195 0.003195 0.003195 
0.005181 0.005181 0.005181 0.005181 0.005181 0.005181 0.005181 0.937824 0.005181 0.005181 0.005181 0.005181 0.005181 
0.006135 0.006135 0.190184 0.006135 0.006135 0.006135 0.374233 0.006135 0.006135 0.006135 0.190184 0.190184 0.006135 
Document 19
0.005181 0.005181 0.005181 0.005181 0.160622 0.005181 0.005181 0.005181 0.005181 0.005181 0.160622 0.005181 0.626943 
0.023256 0.720930 0.023256 0.023256 0.023256 0.023256 0.023256 0.023256 0.023256 0.023256 0.023256 0.023256 0.023256 
0.004484 0.004484 0.811659 0.004484 0.139013 0.004484 0.004484 0.004484 0.004484 0.004484 0.004484 0.004484 0.004484 
Document 20
0.005181 0.005181 0.005181 0.005181 0.005181 0.005181 0.005181 0.626943 0.005181 0.316062 0.005181 0.005181 0.005181 
0.039092 0.001261 0.001261 0.001261 0.152585 0.001261 0.001261 0.455233 0.303909 0.001261 0.001261 0.001261 0.039092 
0.001364 0.001364 0.328786 0.001364 0.001364 0.001364 0.001364 0.246930 0.001364 0.001364 0.001364 0.410641 0.001364 
Document 21
0.003953 0.715415 0.003953 0.003953 0.122530 0.003953 0.003953 0.122530 0.003953 0.003953 0.003953 0.003953 0.003953 
0.076923 0.076923 0.076923 0.076923 0.076923 0.076923 0.076923 0.076923 0.076923 0.076923 0.076923 0.076923 0.076923 
0.076923 0.076923 0.076923 0.076923 0.076923 0.076923 0.076923 0.076923 0.076923 0.076923 0.076923 0.076923 0.076923 
Document 22
0.001715 0.001715 0.361921 0.001715 0.001715 0.001715 0.310463 0.001715 0.001715 0.001715 0.001715 0.001715 0.310463 
0.316062 0.005181 0.005181 0.005181 0.005181 0.005181 0.005181 0.471503 0.005181 0.005181 0.005181 0.005181 0.160622 
0.196544 0.326134 0.002160 0.002160 0.002160 0.002160 0.002160 0.002160 0.002160 0.002160 0.002160 0.002160 0.455724 
Document 23
0.003195 0.003195 0.386581 0.003195 0.003195 0.003195 0.003195 0.003195 0.003195 0.290735 0.003195 0.003195 0.290735 
0.009709 0.009709 0.009709 0.009709 0.009709 0.009709 0.009709 0.009709 0.009709 0.883495 0.009709 0.009709 0.009709 
0.056058 0.001808 0.001808 0.164557 0.001808 0.001808 0.001808 0.001808 0.001808 0.001808 0.001808 0.273056 0.490054 
Document 24
0.002028 0.002028 0.184584 0.002028 0.002028 0.002028 0.002028 0.002028 0.002028 0.488844 0.062880 0.245436 0.002028 
0.202967 0.000674 0.243425 0.162508 0.061362 0.000674 0.000674 0.000674 0.304113 0.000674 0.020904 0.000674 0.000674 
0.006135 0.006135 0.926380 0.006135 0.006135 0.006135 0.006135 0.006135 0.006135 0.006135 0.006135 0.006135 0.006135 
Document 25
0.076923 0.076923 0.076923 0.076923 0.076923 0.076923 0.076923 0.076923 0.076923 0.076923 0.076923 0.076923 0.076923 
0.471503 0.005181 0.316062 0.005181 0.160622 0.005181 0.005181 0.005181 0.005181 0.005181 0.005181 0.005181 0.005181 
0.909774 0.007519 0.007519 0.007519 0.007519 0.007519 0.007519 0.007519 0.007519 0.007519 0.007519 0.007519 0.007519 
Document 26
0.007519 0.007519 0.007519 0.007519 0.007519 0.233083 0.007519 0.007519 0.684211 0.007519 0.007519 0.007519 0.007519 
0.007519 0.007519 0.007519 0.007519 0.007519 0.007519 0.007519 0.007519 0.909774 0.007519 0.007519 0.007519 0.007519 
0.003195 0.003195 0.099042 0.290735 0.003195 0.003195 0.003195 0.003195 0.003195 0.482428 0.003195 0.003195 0.099042 
Document 27
0.883495 0.009709 0.009709 0.009709 0.009709 0.009709 0.009709 0.009709 0.009709 0.009709 0.009709 0.009709 0.009709 
0.002309 0.071594 0.279446 0.210162 0.002309 0.002309 0.002309 0.002309 0.002309 0.002309 0.002309 0.279446 0.140878 
0.076923 0.076923 0.076923 0.076923 0.076923 0.076923 0.076923 0.076923 0.076923 0.076923 0.076923 0.076923 0.076923 
Document 28
0.007519 0.007519 0.007519 0.007519 0.007519 0.458647 0.007519 0.007519 0.007519 0.007519 0.007519 0.007519 0.458647 
0.007519 0.007519 0.007519 0.007519 0.007519 0.007519 0.007519 0.007519 0.007519 0.007519 0.684211 0.233083 0.007519 
0.003534 0.003534 0.003534 0.321555 0.321555 0.003534 0.003534 0.003534 0.003534 0.003534 0.003534 0.215548 0.109541 
Document 29
0.003534 0.003534 0.003534 0.003534 0.003534 0.109541 0.003534 0.003534 0.003534 0.851590 0.003534 0.003534 0.003534 
0.578275 0.003195 0.003195 0.003195 0.003195 0.003195 0.099042 0.003195 0.290735 0.003195 0.003195 0.003195 0.003195 
0.006135 0.006135 0.006135 0.006135 0.742331 0.006135 0.006135 0.190184 0.006135 0.006135 0.006135 0.006135 0.006135 
Document 30
0.007519 0.007519 0.233083 0.007519 0.007519 0.684211 0.007519 0.007519 0.007519 0.007519 0.007519 0.007519 0.007519 
0.001555 0.048212 0.001555 0.001555 0.001555 0.281493 0.001555 0.001555 0.468118 0.001555 0.001555 0.001555 0.188180 
0.002681 0.002681 0.002681 0.485255 0.002681 0.243968 0.002681 0.002681 0.002681 0.002681 0.002681 0.002681 0.243968 
Document 31
0.002915 0.002915 0.002915 0.002915 0.090379 0.002915 0.002915 0.440233 0.002915 0.440233 0.002915 0.002915 0.002915 
0.013699 0.013699 0.013699 0.013699 0.013699 0.013699 0.013699 0.013699 0.013699 0.013699 0.835616 0.013699 0.013699 
0.002915 0.265306 0.002915 0.090379 0.002915 0.002915 0.002915 0.615160 0.002915 0.002915 0.002915 0.002915 0.002915 
Document 32
0.009709 0.009709 0.009709 0.300971 0.009709 0.009709 0.009709 0.009709 0.009709 0.009709 0.009709 0.009709 0.592233 
0.007519 0.007519 0.007519 0.007519 0.007519 0.007519 0.007519 0.233083 0.233083 0.007519 0.007519 0.007519 0.458647 
0.076923 0.076923 0.076923 0.076923 0.076923 0.076923 0.076923 0.076923 0.076923 0.076923 0.076923 0.076923 0.076923 
Document 33
0.002160 0.002160 0.002160 0.002160 0.002160 0.196544 0.002160 0.002160 0.002160 0.002160 0.002160 0.002160 0.779698 
0.001364 0.083220 0.287858 0.001364 0.001364 0.001364 0.001364 0.001364 0.615280 0.001364 0.001364 0.001364 0.001364 
0.003195 0.003195 0.003195 0.290735 0.290735 0.003195 0.003195 0.003195 0.003195 0.003195 0.003195 0.386581 0.003195 
Document 34
0.004484 0.004484 0.004484 0.139013 0.004484 0.004484 0.004484 0.542601 0.273543 0.004484 0.004484 0.004484 0.004484 
0.214794 0.001422 0.001422 0.001422 0.001422 0.001422 0.001422 0.001422 0.342817 0.001422 0.001422 0.001422 0.428165 
0.002481 0.002481 0.002481 0.002481 0.002481 0.002481 0.672457 0.002481 0.002481 0.002481 0.002481 0.300248 0.002481 
Document 35
0.000997 0.000997 0.150548 0.000997 0.000997 0.060818 0.150548 0.000997 0.000997 0.120638 0.150548 0.000997 0.359920 
0.076923 0.076923 0.076923 0.076923 0.076923 0.076923 0.076923 0.076923 0.076923 0.076923 0.076923 0.076923 0.076923 
0.006135 0.006135 0.006135 0.006135 0.190184 0.006135 0.006135 0.006135 0.006135 0.006135 0.006135 0.558282 0.190184 
Document 36
0.002915 0.002915 0.702624 0.002915 0.002915 0.002915 0.002915 0.002915 0.002915 0.002915 0.265306 0.002915 0.002915 
0.190184 0.006135 0.006135 0.006135 0.006135 0.006135 0.006135 0.742331 0.006135 0.006135 0.006135 0.006135 0.006135 
0.007519 0.007519 0.007519 0.007519 0.007519 0.007519 0.007519 0.007519 0.007519 0.909774 0.007519 0.007519 0.007519 
Document 37
0.001215 0.001215 0.547995 0.001215 0.001215 0.147023 0.001215 0.219927 0.001215 0.001215 0.001215 0.074119 0.001215 
0.002481 0.002481 0.523573 0.002481 0.002481 0.002481 0.002481 0.374690 0.002481 0.002481 0.076923 0.002481 0.002481 
0.109541 0.003534 0.003534 0.003534 0.427562 0.003534 0.003534 0.215548 0.003534 0.003534 0.003534 0.003534 0.215548 
Document 38
0.025556 0.000824 0.000824 0.075021 0.000824 0.000824 0.000824 0.025556 0.371805 0.000824 0.000824 0.173949 0.322341 
0.000636 0.000636 0.000636 0.076923 0.038779 0.172282 0.038779 0.115067 0.248570 0.000636 0.076923 0.000636 0.229498 
0.009709 0.009709 0.009709 0.009709 0.009709 0.009709 0.009709 0.883495 0.009709 0.009709 0.009709 0.009709 0.009709 
Document 39
0.006135 0.006135 0.006135 0.006135 0.006135 0.742331 0.006135 0.006135 0.190184 0.006135 0.006135 0.006135 0.006135 
0.003534 0.003534 0.003534 0.003534 0.003534 0.003534 0.003534 0.745583 0.003534 0.003534 0.215548 0.003534 0.003534 
0.076923 0.076923 0.076923 0.076923 0.076923 0.076923 0.076923 0.076923 0.076923 0.076923 0.076923 0.076923 0.076923 
Document 40
0.001261 0.001261 0.001261 0.001261 0.001261 0.001261 0.266078 0.001261 0.001261 0.493064 0.001261 0.228247 0.001261 
0.001912 0.001912 0.001912 0.288719 0.116635 0.059273 0.001912 0.001912 0.116635 0.001912 0.001912 0.403442 0.001912 
0.004484 0.004484 0.139013 0.004484 0.811659 0.004484 0.004484 0.004484 0.004484 0.004484 0.004484 0.004484 0.004484 
Document 41
0.002681 0.002681 0.002681 0.002681 0.002681 0.002681 0.002681 0.002681 0.002681 0.806971 0.163539 0.002681 0.002681 
0.005181 0.005181 0.005181 0.471503 0.005181 0.005181 0.005181 0.005181 0.005181 0.005181 0.471503 0.005181 0.005181 
0.937824 0.005181 0.005181 0.005181 0.005181 0.005181 0.005181 0.005181 0.005181 0.005181 0.005181 0.005181 0.005181 
Document 42
0.002915 0.002915 0.002915 0.002915 0.002915 0.002915 0.002915 0.002915 0.002915 0.527697 0.002915 0.002915 0.440233 
0.076923 0.076923 0.076923 0.076923 0.076923 0.076923 0.076923 0.076923 0.076923 0.076923 0.076923 0.076923 0.076923 
0.013699 0.013699 0.013699 0.013699 0.013699 0.013699 0.013699 0.835616 0.013699 0.013699 0.013699 0.013699 0.013699 
Document 43
0.003195 0.003195 0.003195 0.003195 0.003195 0.194888 0.003195 0.003195 0.003195 0.482428 0.003195 0.003195 0.290735 
0.009709 0.592233 0.009709 0.009709 0.300971 0.009709 0.009709 0.009709 0.009709 0.009709 0.009709 0.009709 0.009709 
0.076923 0.076923 0.076923 0.076923 0.076923 0.076923 0.076923 0.076923 0.076923 0.076923 0.076923 0.076923 0.076923 
Document 44
0.013699 0.013699 0.013699 0.013699 0.013699 0.013699 0.835616 0.013699 0.013699 0.013699 0.013699 0.013699 0.013699 
0.009709 0.009709 0.009709 0.009709 0.883495 0.009709 0.009709 0.009709 0.009709 0.009709 0.009709 0.009709 0.009709 
0.023256 0.023256 0.023256 0.023256 0.720930 0.023256 0.023256 0.023256 0.023256 0.023256 0.023256 0.023256 0.023256 
Document 45
0.007519 0.007519 0.007519 0.909774 0.007519 0.007519 0.007519 0.007519 0.007519 0.007519 0.007519 0.007519 0.007519 
0.099042 0.003195 0.003195 0.003195 0.003195 0.003195 0.003195 0.290735 0.003195 0.003195 0.003195 0.578275 0.003195 
0.076923 0.076923 0.076923 0.076923 0.076923 0.076923 0.076923 0.076923 0.076923 0.076923 0.076923 0.076923 0.076923 
Document 46
0.009709 0.009709 0.009709 0.009709 0.009709 0.009709 0.009709 0.009709 0.009709 0.009709 0.009709 0.009709 0.883495 
0.007519 0.007519 0.007519 0.007519 0.007519 0.007519 0.233083 0.007519 0.007519 0.007519 0.007519 0.684211 0.007519 
0.013699 0.013699 0.013699 0.013699 0.013699 0.013699 0.013699 0.013699 0.013699 0.013699 0.835616 0.013699 0.013699 
Document 47
0.009709 0.009709 0.009709 0.009709 0.009709 0.009709 0.009709 0.009709 0.009709 0.009709 0.883495 0.009709 0.009709 
0.002309 0.002309 0.002309 0.002309 0.002309 0.002309 0.002309 0.002309 0.002309 0.002309 0.002309 0.833718 0.140878 
0.190184 0.190184 0.006135 0.006135 0.006135 0.006135 0.006135 0.006135 0.006135 0.374233 0.006135 0.006135 0.190184 
Document 48
0.005181 0.005181 0.005181 0.005181 0.005181 0.005181 0.005181 0.316062 0.005181 0.005181 0.005181 0.005181 0.626943 
0.076923 0.076923 0.076923 0.076923 0.076923 0.076923 0.076923 0.076923 0.076923 0.076923 0.076923 0.076923 0.076923 
0.243968 0.002681 0.726542 0.002681 0.002681 0.002681 0.002681 0.002681 0.002681 0.002681 0.002681 0.002681 0.002681 
Document 49
0.001715 0.001715 0.001715 0.001715 0.001715 0.001715 0.001715 0.001715 0.413379 0.001715 0.001715 0.001715 0.567753 
0.004484 0.004484 0.273543 0.004484 0.004484 0.004484 0.004484 0.004484 0.004484 0.004484 0.004484 0.677130 0.004484 
0.009709 0.009709 0.009709 0.009709 0.883495 0.009709 0.009709 0.009709 0.009709 0.009709 0.009709 0.009709 0.009709 
Document 50
0.009709 0.009709 0.009709 0.009709 0.009709 0.009709 0.009709 0.009709 0.883495 0.009709 0.009709 0.009709 0.009709 
0.588907 0.001631 0.099511 0.050571 0.001631 0.001631 0.001631 0.001631 0.001631 0.001631 0.001631 0.001631 0.246330 
0.007519 0.233083 0.007519 0.007519 0.007519 0.007519 0.007519 0.007519 0.233083 0.007519 0.458647 0.007519 0.007519 
Document 51
0.013699 0.013699 0.013699 0.013699 0.013699 0.424658 0.013699 0.013699 0.013699 0.013699 0.013699 0.424658 0.013699 
0.316062 0.005181 0.005181 0.005181 0.005181 0.005181 0.005181 0.005181 0.005181 0.005181 0.005181 0.005181 0.626943 
0.007519 0.007519 0.007519 0.007519 0.007519 0.909774 0.007519 0.007519 0.007519 0.007519 0.007519 0.007519 0.007519 
Document 52
0.000997 0.000997 0.359920 0.000997 0.030907 0.000997 0.030907 0.150548 0.000997 0.000997 0.030907 0.000997 0.389831 
0.001631 0.001631 0.001631 0.001631 0.491028 0.001631 0.197390 0.001631 0.197390 0.001631 0.050571 0.001631 0.050571 
0.001631 0.001631 0.001631 0.001631 0.197390 0.295269 0.001631 0.197390 0.001631 0.001631 0.001631 0.001631 0.295269 
Document 53
0.076923 0.076923 0.076923 0.076923 0.076923 0.076923 0.076923 0.076923 0.076923 0.076923 0.076923 0.076923 0.076923 
0.009709 0.009709 0.009709 0.009709 0.009709 0.883495 0.009709 0.009709 0.009709 0.009709 0.009709 0.009709 0.009709 
0.076923 0.076923 0.076923 0.076923 0.076923 0.076923 0.076923 0.076923 0.076923 0.076923 0.076923 0.076923 0.076923 
Document 54
0.003953 0.003953 0.003953 0.003953 0.003953 0.003953 0.003953 0.003953 0.952569 0.003953 0.003953 0.003953 0.003953 
0.000941 0.000941 0.508937 0.000941 0.000941 0.000941 0.000941 0.000941 0.000941 0.000941 0.198495 0.000941 0.283161 
0.002681 0.002681 0.002681 0.002681 0.002681 0.002681 0.404826 0.083110 0.163539 0.002681 0.002681 0.324397 0.002681 
Document 55
0.076923 0.076923 0.076923 0.076923 0.076923 0.076923 0.076923 0.076923 0.076923 0.076923 0.076923 0.076923 0.076923 
0.013699 0.013699 0.013699 0.013699 0.013699 0.013699 0.835616 0.013699 0.013699 0.013699 0.013699 0.013699 0.013699 
0.002481 0.002481 0.746898 0.002481 0.002481 0.002481 0.002481 0.002481 0.002481 0.225806 0.002481 0.002481 0.002481 
Document 56
0.005181 0.005181 0.005181 0.005181 0.005181 0.005181 0.005181 0.005181 0.005181 0.005181 0.005181 0.005181 0.937824 
0.076923 0.076923 0.076923 0.076923 0.076923 0.076923 0.076923 0.076923 0.076923 0.076923 0.076923 0.076923 0.076923 
0.002915 0.002915 0.002915 0.265306 0.002915 0.002915 0.002915 0.002915 0.265306 0.002915 0.002915 0.440233 0.002915 
Document 57
0.009709 0.009709 0.009709 0.009709 0.009709 0.009709 0.883495 0.009709 0.009709 0.009709 0.009709 0.009709 0.009709 
0.006135 0.006135 0.006135 0.006135 0.006135 0.006135 0.006135 0.374233 0.006135 0.558282 0.006135 0.006135 0.006135 
0.007519 0.233083 0.007519 0.007519 0.007519 0.007519 0.007519 0.007519 0.007519 0.458647 0.007519 0.233083 0.007519 
Document 58
0.076923 0.076923 0.076923 0.076923 0.076923 0.076923 0.076923 0.076923 0.076923 0.076923 0.076923 0.076923 0.076923 
0.001261 0.001261 0.190416 0.001261 0.152585 0.001261 0.266078 0.001261 0.001261 0.001261 0.190416 0.190416 0.001261 
0.076923 0.076923 0.076923 0.076923 0.076923 0.076923 0.076923 0.076923 0.076923 0.076923 0.076923 0.076923 0.076923 
Document 59
0.076923 0.076923 0.076923 0.076923 0.076923 0.076923 0.076923 0.076923 0.076923 0.076923 0.076923 0.076923 0.076923 
0.002481 0.002481 0.746898 0.002481 0.002481 0.002481 0.002481 0.002481 0.002481 0.002481 0.225806 0.002481 0.002481 
0.002915 0.527697 0.002915 0.090379 0.002915 0.002915 0.002915 0.002915 0.002915 0.002915 0.002915 0.352770 0.002915 
Document 60
0.006135 0.006135 0.006135 0.006135 0.006135 0.558282 0.006135 0.006135 0.006135 0.006135 0.190184 0.190184 0.006135 
0.009709 0.009709 0.009709 0.009709 0.009709 0.009709 0.009709 0.009709 0.009709 0.009709 0.009709 0.009709 0.883495 
0.210162 0.002309 0.002309 0.002309 0.002309 0.002309 0.071594 0.002309 0.695150 0.002309 0.002309 0.002309 0.002309 
Document 61
0.007519 0.007519 0.007519 0.007519 0.007519 0.007519 0.233083 0.007519 0.007519 0.007519 0.007519 0.684211 0.007519 
0.009709 0.009709 0.009709 0.009709 0.009709 0.009709 0.009709 0.883495 0.009709 0.009709 0.009709 0.009709 0.009709 
0.007519 0.007519 0.007519 0.007519 0.007519 0.007519 0.007519 0.007519 0.007519 0.909774 0.007519 0.007519 0.007519 
Document 62
0.002028 0.002028 0.002028 0.002028 0.002028 0.002028 0.002028 0.367140 0.002028 0.002028 0.002028 0.610548 0.002028 
0.190184 0.006135 0.006135 0.374233 0.006135 0.006135 0.006135 0.006135 0.374233 0.006135 0.006135 0.006135 0.006135 
0.013699 0.013699 0.013699 0.013699 0.013699 0.013699 0.013699 0.013699 0.013699 0.013699 0.013699 0.013699 0.835616 
Document 63
0.013699 0.013699 0.013699 0.013699 0.013699 0.013699 0.013699 0.835616 0.013699 0.013699 0.013699 0.013699 0.013699 
0.131749 0.002160 0.002160 0.002160 0.002160 0.002160 0.002160 0.455724 0.066955 0.002160 0.002160 0.326134 0.002160 
0.003953 0.003953 0.003953 0.003953 0.003953 0.003953 0.003953 0.952569 0.003953 0.003953 0.003953 0.003953 0.003953 
Document 64
0.596838 0.003953 0.003953 0.003953 0.003953 0.003953 0.003953 0.003953 0.003953 0.359684 0.003953 0.003953 0.003953 
0.002028 0.002028 0.002028 0.002028 0.002028 0.123732 0.002028 0.002028 0.245436 0.062880 0.002028 0.549696 0.002028 
0.003195 0.003195 0.865815 0.003195 0.003195 0.003195 0.003195 0.099042 0.003195 0.003195 0.003195 0.003195 0.003195 
Document 65
0.006135 0.006135 0.006135 0.006135 0.006135 0.006135 0.006135 0.006135 0.190184 0.006135 0.006135 0.006135 0.742331 
0.013699 0.013699 0.013699 0.013699 0.013699 0.013699 0.013699 0.424658 0.013699 0.013699 0.013699 0.013699 0.424658 
0.006135 0.006135 0.006135 0.006135 0.006135 0.006135 0.006135 0.006135 0.006135 0.006135 0.006135 0.374233 0.558282 
Document 66
0.002309 0.002309 0.348730 0.002309 0.002309 0.487298 0.002309 0.002309 0.002309 0.002309 0.002309 0.140878 0.002309 
0.005181 0.005181 0.005181 0.005181 0.005181 0.005181 0.005181 0.782383 0.005181 0.005181 0.005181 0.160622 0.005181 
0.009709 0.009709 0.009709 0.009709 0.300971 0.009709 0.009709 0.009709 0.300971 0.009709 0.300971 0.009709 0.009709 
Document 67
0.007519 0.007519 0.909774 0.007519 0.007519 0.007519 0.007519 0.007519 0.007519 0.007519 0.007519 0.007519 0.007519 
0.386581 0.003195 0.003195 0.003195 0.003195 0.003195 0.003195 0.003195 0.003195 0.003195 0.003195 0.003195 0.578275 
0.003534 0.003534 0.109541 0.003534 0.639576 0.003534 0.003534 0.003534 0.003534 0.003534 0.215548 0.003534 0.003534 
Document 68
0.006135 0.006135 0.006135 0.742331 0.006135 0.006135 0.006135 0.190184 0.006135 0.006135 0.006135 0.006135 0.006135 
0.007519 0.007519 0.007519 0.007519 0.007519 0.233083 0.007519 0.007519 0.007519 0.007519 0.684211 0.007519 0.007519 
0.001715 0.156089 0.619211 0.156089 0.001715 0.053173 0.001715 0.001715 0.001715 0.001715 0.001715 0.001715 0.001715 
Document 69
0.003534 0.003534 0.003534 0.003534 0.109541 0.003534 0.003534 0.003534 0.639576 0.215548 0.003534 0.003534 0.003534 
0.592233 0.300971 0.009709 0.009709 0.009709 0.009709 0.009709 0.009709 0.009709 0.009709 0.009709 0.009709 0.009709 
0.005181 0.005181 0.005181 0.005181 0.005181 0.626943 0.005181 0.005181 0.316062 0.005181 0.005181 0.005181 0.005181 
Document 70
0.076923 0.076923 0.076923 0.076923 0.076923 0.076923 0.076923 0.076923 0.076923 0.076923 0.076923 0.076923 0.076923 
0.001715 0.001715 0.001715 0.053173 0.001715 0.156089 0.053173 0.001715 0.001715 0.001715 0.259005 0.207547 0.259005 
0.001261 0.001261 0.001261 0.001261 0.228247 0.001261 0.001261 0.266078 0.001261 0.076923 0.001261 0.001261 0.417402 
Document 71
0.001486 0.001486 0.491828 0.001486 0.001486 0.001486 0.001486 0.313522 0.001486 0.001486 0.001486 0.001486 0.179792 
0.009709 0.009709 0.009709 0.009709 0.009709 0.009709 0.009709 0.009709 0.009709 0.009709 0.883495 0.009709 0.009709 
0.009709 0.300971 0.009709 0.009709 0.009709 0.009709 0.009709 0.009709 0.009709 0.009709 0.009709 0.592233 0.009709 
Document 72
0.001715 0.001715 0.001715 0.001715 0.001715 0.001715 0.001715 0.310463 0.001715 0.001715 0.310463 0.361921 0.001715 
0.076923 0.076923 0.076923 0.076923 0.076923 0.076923 0.076923 0.076923 0.076923 0.076923 0.076923 0.076923 0.076923 
0.013699 0.013699 0.013699 0.013699 0.013699 0.013699 0.424658 0.424658 0.013699 0.013699 0.013699 0.013699 0.013699 
Document 73
0.005181 0.005181 0.316062 0.005181 0.005181 0.005181 0.005181 0.005181 0.005181 0.005181 0.626943 0.005181 0.005181 
0.013699 0.013699 0.013699 0.013699 0.013699 0.013699 0.013699 0.013699 0.013699 0.013699 0.013699 0.835616 0.013699 
0.013699 0.013699 0.013699 0.013699 0.013699 0.835616 0.013699 0.013699 0.013699 0.013699 0.013699 0.013699 0.013699 
Document 74
0.023256 0.023256 0.023256 0.023256 0.720930 0.023256 0.023256 0.023256 0.023256 0.023256 0.023256 0.023256 0.023256 
0.002681 0.002681 0.726542 0.002681 0.002681 0.002681 0.243968 0.002681 0.002681 0.002681 0.002681 0.002681 0.002681 
0.006135 0.006135 0.006135 0.006135 0.006135 0.006135 0.006135 0.374233 0.006135 0.558282 0.006135 0.006135 0.006135 
Document 75
0.002028 0.002028 0.002028 0.123732 0.002028 0.002028 0.002028 0.002028 0.002028 0.062880 0.245436 0.488844 0.062880 
0.001172 0.001172 0.317702 0.001172 0.493552 0.001172 0.001172 0.001172 0.001172 0.001172 0.071512 0.001172 0.106682 
0.003953 0.003953 0.003953 0.003953 0.003953 0.003953 0.003953 0.003953 0.003953 0.122530 0.003953 0.833992 0.003953 
Document 76
0.639576 0.003534 0.003534 0.003534 0.003534 0.003534 0.109541 0.003534 0.003534 0.215548 0.003534 0.003534 0.003534 
0.006135 0.006135 0.190184 0.006135 0.006135 0.006135 0.006135 0.558282 0.006135 0.006135 0.006135 0.190184 0.006135 
0.013699 0.013699 0.013699 0.013699 0.013699 0.835616 0.013699 0.013699 0.013699 0.013699 0.013699 0.013699 0.013699 
Document 77
0.013699 0.835616 0.013699 0.013699 0.013699 0.013699 0.013699 0.013699 0.013699 0.013699 0.013699 0.013699 0.013699 
0.005181 0.316062 0.005181 0.005181 0.626943 0.005181 0.005181 0.005181 0.005181 0.005181 0.005181 0.005181 0.005181 
0.076923 0.076923 0.076923 0.076923 0.076923 0.076923 0.076923 0.076923 0.076923 0.076923 0.076923 0.076923 0.076923 
Document 78
0.009709 0.009709 0.009709 0.009709 0.009709 0.009709 0.009709 0.009709 0.009709 0.009709 0.009709 0.009709 0.883495 
0.009709 0.009709 0.009709 0.009709 0.009709 0.009709 0.009709 0.009709 0.009709 0.883495 0.009709 0.009709 0.009709 
0.592233 0.009709 0.009709 0.300971 0.009709 0.009709 0.009709 0.009709 0.009709 0.009709 0.009709 0.009709 0.009709 
Document 79
0.002481 0.002481 0.002481 0.002481 0.002481 0.300248 0.002481 0.002481 0.002481 0.002481 0.598015 0.076923 0.002481 
0.146176 0.000968 0.059051 0.000968 0.030010 0.000968 0.204259 0.233301 0.000968 0.000968 0.320426 0.000968 0.000968 
0.003534 0.003534 0.003534 0.003534 0.003534 0.003534 0.003534 0.003534 0.003534 0.003534 0.109541 0.851590 0.003534 
Document 80
0.076923 0.076923 0.076923 0.076923 0.076923 0.076923 0.076923 0.076923 0.076923 0.076923 0.076923 0.076923 0.076923 
0.004484 0.004484 0.273543 0.004484 0.004484 0.004484 0.004484 0.004484 0.004484 0.677130 0.004484 0.004484 0.004484 
0.013699 0.013699 0.013699 0.013699 0.013699 0.013699 0.013699 0.013699 0.013699 0.013699 0.835616 0.013699 0.013699 
Document 81
0.076923 0.076923 0.076923 0.076923 0.076923 0.076923 0.076923 0.076923 0.076923 0.076923 0.076923 0.076923 0.076923 
0.005181 0.005181 0.005181 0.005181 0.005181 0.005181 0.005181 0.160622 0.005181 0.005181 0.005181 0.005181 0.782383 
0.076923 0.076923 0.076923 0.076923 0.076923 0.076923 0.076923 0.076923 0.076923 0.076923 0.076923 0.076923 0.076923 
Document 82
0.003195 0.003195 0.194888 0.003195 0.003195 0.003195 0.194888 0.003195 0.194888 0.003195 0.003195 0.003195 0.386581 
0.004484 0.004484 0.004484 0.004484 0.273543 0.004484 0.139013 0.004484 0.004484 0.004484 0.004484 0.542601 0.004484 
0.009709 0.009709 0.009709 0.009709 0.009709 0.009709 0.592233 0.009709 0.300971 0.009709 0.009709 0.009709 0.009709 
Document 83
0.002309 0.210162 0.625866 0.002309 0.002309 0.002309 0.140878 0.002309 0.002309 0.002309 0.002309 0.002309 0.002309 
0.076923 0.076923 0.076923 0.076923 0.076923 0.076923 0.076923 0.076923 0.076923 0.076923 0.076923 0.076923 0.076923 
0.002681 0.002681 0.002681 0.002681 0.163539 0.002681 0.404826 0.002681 0.404826 0.002681 0.002681 0.002681 0.002681 
Document 84
0.003534 0.003534 0.003534 0.003534 0.003534 0.109541 0.321555 0.003534 0.533569 0.003534 0.003534 0.003534 0.003534 
0.013699 0.013699 0.013699 0.424658 0.013699 0.013699 0.013699 0.013699 0.013699 0.424658 0.013699 0.013699 0.013699 
0.004484 0.004484 0.004484 0.004484 0.004484 0.408072 0.004484 0.542601 0.004484 0.004484 0.004484 0.004484 0.004484 
Document 85
0.565684 0.002681 0.002681 0.324397 0.002681 0.002681 0.002681 0.002681 0.083110 0.002681 0.002681 0.002681 0.002681 
0.002309 0.002309 0.279446 0.002309 0.002309 0.210162 0.002309 0.002309 0.002309 0.002309 0.002309 0.487298 0.002309 
0.006135 0.006135 0.006135 0.926380 0.006135 0.006135 0.006135 0.006135 0.006135 0.006135 0.006135 0.006135 0.006135 
Document 86
0.003195 0.003195 0.099042 0.003195 0.194888 0.099042 0.003195 0.003195 0.003195 0.003195 0.003195 0.099042 0.482428 
0.002915 0.002915 0.702624 0.002915 0.002915 0.002915 0.002915 0.002915 0.002915 0.002915 0.002915 0.002915 0.265306 
0.023256 0.023256 0.023256 0.023256 0.023256 0.023256 0.023256 0.023256 0.023256 0.023256 0.720930 0.023256 0.023256 
Document 87
0.002915 0.002915 0.177843 0.002915 0.002915 0.002915 0.002915 0.002915 0.177843 0.002915 0.002915 0.002915 0.615160 
0.007519 0.007519 0.007519 0.007519 0.007519 0.007519 0.007519 0.007519 0.007519 0.007519 0.909774 0.007519 0.007519 
0.004484 0.004484 0.004484 0.004484 0.004484 0.004484 0.677130 0.273543 0.004484 0.004484 0.004484 0.004484 0.004484 
Document 88
0.122530 0.003953 0.003953 0.003953 0.003953 0.003953 0.003953 0.003953 0.003953 0.003953 0.833992 0.003953 0.003953 
0.013699 0.013699 0.424658 0.013699 0.013699 0.013699 0.013699 0.013699 0.013699 0.013699 0.013699 0.424658 0.013699 
0.003953 0.003953 0.952569 0.003953 0.003953 0.003953 0.003953 0.003953 0.003953 0.003953 0.003953 0.003953 0.003953 
Document 89
0.005181 0.005181 0.005181 0.005181 0.005181 0.005181 0.005181 0.005181 0.160622 0.005181 0.005181 0.005181 0.782383 
0.023256 0.720930 0.023256 0.023256 0.023256 0.023256 0.023256 0.023256 0.023256 0.023256 0.023256 0.023256 0.023256 
0.023256 0.023256 0.023256 0.023256 0.023256 0.023256 0.023256 0.720930 0.023256 0.023256 0.023256 0.023256 0.023256 
Document 90
0.002160 0.002160 0.131749 0.002160 0.131749 0.261339 0.002160 0.002160 0.002160 0.002160 0.002160 0.002160 0.455724 
0.003195 0.003195 0.769968 0.003195 0.003195 0.003195 0.003195 0.194888 0.003195 0.003195 0.003195 0.003195 0.003195 
0.003534 0.215548 0.003534 0.003534 0.427562 0.003534 0.003534 0.003534 0.003534 0.003534 0.003534 0.321555 0.003534 
Document 91
0.076923 0.076923 0.076923 0.076923 0.076923 0.076923 0.076923 0.076923 0.076923 0.076923 0.076923 0.076923 0.076923 
0.007519 0.007519 0.007519 0.007519 0.007519 0.909774 0.007519 0.007519 0.007519 0.007519 0.007519 0.007519 0.007519 
0.076923 0.076923 0.076923 0.076923 0.076923 0.076923 0.076923 0.076923 0.076923 0.076923 0.076923 0.076923 0.076923 
Document 92
0.004484 0.004484 0.004484 0.004484 0.004484 0.139013 0.004484 0.004484 0.004484 0.004484 0.004484 0.004484 0.811659 
0.002915 0.002915 0.352770 0.002915 0.002915 0.002915 0.002915 0.090379 0.527697 0.002915 0.002915 0.002915 0.002915 
0.076923 0.076923 0.076923 0.076923 0.076923 0.076923 0.076923 0.076923 0.076923 0.076923 0.076923 0.076923 0.076923 
Document 93
0.013699 0.013699 0.013699 0.013699 0.013699 0.013699 0.013699 0.013699 0.013699 0.013699 0.835616 0.013699 0.013699 
0.007519 0.007519 0.007519 0.007519 0.007519 0.007519 0.007519 0.007519 0.007519 0.007519 0.007519 0.007519 0.909774 
0.359684 0.003953 0.003953 0.003953 0.003953 0.359684 0.003953 0.003953 0.003953 0.241107 0.003953 0.003953 0.003953 
Document 94
0.003195 0.099042 0.003195 0.003195 0.482428 0.003195 0.003195 0.386581 0.003195 0.003195 0.003195 0.003195 0.003195 
0.076923 0.076923 0.076923 0.076923 0.076923 0.076923 0.076923 0.076923 0.076923 0.076923 0.076923 0.076923 0.076923 
0.233083 0.007519 0.007519 0.007519 0.007519 0.007519 0.007519 0.684211 0.007519 0.007519 0.007519 0.007519 0.007519 
Document 95
0.005181 0.005181 0.005181 0.005181 0.005181 0.005181 0.005181 0.005181 0.005181 0.005181 0.005181 0.005181 0.937824 
0.003953 0.003953 0.952569 0.003953 0.003953 0.003953 0.003953 0.003953 0.003953 0.003953 0.003953 0.003953 0.003953 
0.076923 0.076923 0.076923 0.076923 0.076923 0.076923 0.076923 0.076923 0.076923 0.076923 0.076923 0.076923 0.076923 
Document 96
0.003534 0.003534 0.003534 0.427562 0.003534 0.003534 0.003534 0.003534 0.003534 0.003534 0.003534 0.003534 0.533569 
0.218807 0.001808 0.001808 0.001808 0.001808 0.381555 0.381555 0.001808 0.001808 0.001808 0.001808 0.001808 0.001808 
0.002481 0.002481 0.002481 0.002481 0.672457 0.002481 0.002481 0.002481 0.076923 0.002481 0.002481 0.225806 0.002481 
Document 97
0.004484 0.004484 0.004484 0.004484 0.004484 0.004484 0.004484 0.004484 0.542601 0.004484 0.004484 0.004484 0.408072 
0.001631 0.001631 0.001631 0.197390 0.001631 0.295269 0.295269 0.050571 0.001631 0.001631 0.001631 0.148450 0.001631 
0.009709 0.009709 0.009709 0.009709 0.009709 0.009709 0.009709 0.009709 0.009709 0.009709 0.009709 0.883495 0.009709 
Document 98
0.003195 0.003195 0.003195 0.003195 0.003195 0.003195 0.003195 0.194888 0.003195 0.099042 0.003195 0.099042 0.578275 
0.013699 0.013699 0.013699 0.013699 0.013699 0.013699 0.013699 0.013699 0.013699 0.013699 0.835616 0.013699 0.013699 
0.116635 0.001912 0.346080 0.001912 0.059273 0.001912 0.001912 0.001912 0.460803 0.001912 0.001912 0.001912 0.001912 
Document 99
0.076923 0.076923 0.076923 0.076923 0.076923 0.076923 0.076923 0.076923 0.076923 0.076923 0.076923 0.076923 0.076923 
0.009709 0.009709 0.009709 0.009709 0.009709 0.009709 0.009709 0.009709 0.009709 0.009709 0.009709 0.883495 0.009709 
0.596838 0.359684 0.003953 0.003953 0.003953 0.003953 0.003953 0.003953 0.003953 0.003953 0.003953 0.003953 0.003953 
Document 100
0.007519 0.007519 0.007519 0.007519 0.007519 0.007519 0.458647 0.007519 0.007519 0.458647 0.007519 0.007519 0.007519 
0.023256 0.023256 0.023256 0.023256 0.023256 0.720930 0.023256 0.023256 0.023256 0.023256 0.023256 0.023256 0.023256 
0.720930 0.023256 0.023256 0.023256 0.023256 0.023256 0.023256 0.023256 0.023256 0.023256 0.023256 0.023256 0.023256 
Document 101
0.006135 0.006135 0.190184 0.190184 0.006135 0.558282 0.006135 0.006135 0.006135 0.006135 0.006135 0.006135 0.006135 
0.005181 0.005181 0.316062 0.160622 0.005181 0.005181 0.005181 0.005181 0.471503 0.005181 0.005181 0.005181 0.005181 
0.556582 0.140878 0.002309 0.002309 0.210162 0.002309 0.002309 0.002309 0.002309 0.002309 0.002309 0.002309 0.071594 
Document 102
0.004484 0.004484 0.004484 0.004484 0.004484 0.004484 0.004484 0.004484 0.139013 0.677130 0.004484 0.139013 0.004484 
0.003534 0.003534 0.003534 0.003534 0.639576 0.109541 0.003534 0.003534 0.003534 0.003534 0.003534 0.215548 0.003534 
0.747610 0.001912 0.001912 0.001912 0.001912 0.001912 0.001912 0.001912 0.231358 0.001912 0.001912 0.001912 0.001912 
Document 103
0.050571 0.001631 0.001631 0.001631 0.001631 0.001631 0.001631 0.001631 0.539967 0.001631 0.001631 0.001631 0.393148 
0.465634 0.000968 0.000968 0.000968 0.000968 0.000968 0.378509 0.000968 0.000968 0.000968 0.117135 0.000968 0.030010 
0.005181 0.316062 0.005181 0.005181 0.005181 0.005181 0.005181 0.005181 0.160622 0.471503 0.005181 0.005181 0.005181 
Document 104
0.006135 0.006135 0.006135 0.006135 0.006135 0.006135 0.006135 0.006135 0.742331 0.190184 0.006135 0.006135 0.006135 
0.001715 0.001715 0.361921 0.001715 0.053173 0.259005 0.001715 0.259005 0.001715 0.001715 0.001715 0.001715 0.053173 
0.006135 0.006135 0.006135 0.374233 0.006135 0.006135 0.006135 0.006135 0.006135 0.374233 0.190184 0.006135 0.006135 
Document 105
0.076923 0.076923 0.076923 0.076923 0.076923 0.076923 0.076923 0.076923 0.076923 0.076923 0.076923 0.076923 0.076923 
0.009709 0.009709 0.009709 0.009709 0.009709 0.009709 0.009709 0.009709 0.883495 0.009709 0.009709 0.009709 0.009709 
0.646113 0.163539 0.002681 0.002681 0.002681 0.002681 0.002681 0.002681 0.002681 0.002681 0.002681 0.002681 0.163539 
Document 106
0.023256 0.023256 0.023256 0.023256 0.023256 0.023256 0.023256 0.023256 0.023256 0.023256 0.023256 0.720930 0.023256 
0.002915 0.002915 0.002915 0.002915 0.002915 0.002915 0.002915 0.002915 0.002915 0.002915 0.002915 0.790087 0.177843 
0.009709 0.009709 0.009709 0.883495 0.009709 0.009709 0.009709 0.009709 0.009709 0.009709 0.009709 0.009709 0.009709 
Document 107
0.007519 0.909774 0.007519 0.007519 0.007519 0.007519 0.007519 0.007519 0.007519 0.007519 0.007519 0.007519 0.007519 
0.006135 0.006135 0.006135 0.006135 0.006135 0.006135 0.006135 0.006135 0.006135 0.006135 0.374233 0.558282 0.006135 
0.002481 0.002481 0.374690 0.002481 0.225806 0.002481 0.300248 0.002481 0.076923 0.002481 0.002481 0.002481 0.002481 
Document 108
0.005181 0.005181 0.005181 0.005181 0.005181 0.005181 0.005181 0.316062 0.005181 0.626943 0.005181 0.005181 0.005181 
0.937824 0.005181 0.005181 0.005181 0.005181 0.005181 0.005181 0.005181 0.005181 0.005181 0.005181 0.005181 0.005181 
0.002681 0.002681 0.887399 0.002681 0.002681 0.002681 0.002681 0.002681 0.002681 0.002681 0.083110 0.002681 0.002681 
Document 109
