Document 0
0.009878 0.010133 0.012039 0.011865 0.008204 0.009591 0.008952 0.008906 0.013317 0.009212 0.009042 0.008657 0.009903 0.011084 0.859214 
0.004103 0.003731 0.002978 0.003224 0.003376 0.003243 0.003281 0.002947 0.193351 0.764312 0.004234 0.002765 0.002428 0.002979 0.003047 
0.249316 0.003690 0.003568 0.003265 0.003344 0.003979 0.003901 0.354874 0.002691 0.003771 0.214238 0.073293 0.003129 0.073635 0.003306 
Document 1
0.019186 0.019681 0.023384 0.023046 0.015934 0.018629 0.017388 0.017299 0.025867 0.489057 0.017562 0.016815 0.019236 0.021530 0.255385 
0.002893 0.002631 0.002100 0.350803 0.002381 0.002287 0.002313 0.002078 0.002280 0.002709 0.002985 0.430910 0.189382 0.002100 0.002149 
0.622181 0.040204 0.003698 0.003384 0.003465 0.004124 0.004043 0.003989 0.148308 0.003908 0.003755 0.003200 0.148761 0.003555 0.003426 
Document 2
0.008809 0.009037 0.010737 0.010582 0.007316 0.116723 0.007984 0.007943 0.011877 0.116385 0.008064 0.007721 0.657845 0.009886 0.009093 
0.046923 0.042670 0.034061 0.036877 0.038616 0.037094 0.472399 0.033702 0.036981 0.043935 0.048425 0.031628 0.027772 0.034065 0.034853 
0.013688 0.014040 0.013574 0.012421 0.012722 0.549328 0.014841 0.281738 0.010240 0.014345 0.013784 0.011748 0.011904 0.013051 0.012576 
Document 3
0.005717 0.005865 0.006968 0.287671 0.636557 0.005551 0.005182 0.005155 0.007708 0.005332 0.005233 0.005011 0.005732 0.006416 0.005901 
0.017128 0.015576 0.012433 0.330946 0.014096 0.013540 0.013698 0.012302 0.489726 0.016038 0.017676 0.011545 0.010137 0.012435 0.012722 
0.041197 0.042255 0.040853 0.439315 0.038288 0.045563 0.044668 0.044072 0.030818 0.043173 0.041486 0.035359 0.035826 0.039278 0.037850 
Document 4
0.019186 0.019681 0.023384 0.023046 0.015934 0.018629 0.017388 0.017299 0.025867 0.017893 0.724307 0.016815 0.019236 0.021530 0.019803 
0.020360 0.018515 0.014779 0.016001 0.016756 0.016095 0.016282 0.014624 0.016047 0.019064 0.209708 0.579813 0.012050 0.014781 0.015123 
0.008922 0.009151 0.008848 0.008096 0.008292 0.009868 0.009674 0.009545 0.006674 0.009350 0.008985 0.007658 0.442996 0.443744 0.008197 
Document 5
0.065425 0.067114 0.079740 0.078586 0.054336 0.063526 0.059294 0.058991 0.088206 0.061016 0.059886 0.057340 0.065594 0.073416 0.067529 
0.014782 0.013442 0.010730 0.011617 0.012165 0.011685 0.011821 0.010617 0.011650 0.698817 0.015255 0.009963 0.008749 0.147727 0.010979 
0.012076 0.365827 0.011975 0.128771 0.011223 0.013355 0.013093 0.012918 0.009033 0.366096 0.012160 0.010364 0.010501 0.011513 0.011095 
Document 6
0.019186 0.726427 0.023384 0.023046 0.015934 0.018629 0.017388 0.017299 0.025867 0.017893 0.017562 0.016815 0.019236 0.021530 0.019803 
0.010476 0.009527 0.687248 0.202417 0.008622 0.008282 0.008378 0.007524 0.008257 0.009809 0.010811 0.007061 0.006200 0.007606 0.007781 
0.012076 0.012386 0.011975 0.010958 0.011223 0.013355 0.013093 0.012918 0.009033 0.012655 0.601228 0.010364 0.010501 0.247140 0.011095 
Document 7
0.002450 0.002513 0.002986 0.002943 0.663792 0.002379 0.002220 0.002209 0.003303 0.002285 0.303041 0.002147 0.002456 0.002749 0.002529 
0.174334 0.003349 0.002673 0.002894 0.276073 0.002911 0.037075 0.002645 0.002902 0.003448 0.003801 0.207264 0.275222 0.002674 0.002735 
0.015798 0.016204 0.015666 0.014335 0.014682 0.017472 0.017129 0.171031 0.011818 0.016556 0.015909 0.013559 0.013739 0.631586 0.014515 
Document 8
0.005717 0.005865 0.006968 0.077068 0.847160 0.005551 0.005182 0.005155 0.007708 0.005332 0.005233 0.005011 0.005732 0.006416 0.005901 
0.032702 0.029738 0.326813 0.025701 0.026913 0.328926 0.026152 0.023488 0.025773 0.030619 0.033748 0.022042 0.019355 0.023741 0.024290 
0.068884 0.070653 0.068308 0.062506 0.064019 0.076184 0.074686 0.073690 0.051529 0.072188 0.069366 0.059121 0.059904 0.065675 0.063287 
Document 9
0.065425 0.067114 0.079740 0.078586 0.054336 0.063526 0.059294 0.058991 0.088206 0.061016 0.059886 0.057340 0.065594 0.073416 0.067529 
0.005591 0.005084 0.004058 0.418912 0.004601 0.004420 0.004471 0.004016 0.004406 0.005235 0.005770 0.521916 0.003309 0.004059 0.004153 
0.009773 0.010024 0.009691 0.008868 0.867208 0.010809 0.010596 0.010455 0.007311 0.010242 0.009841 0.008388 0.008499 0.009318 0.008979 
Document 10
0.013042 0.013378 0.015895 0.015665 0.651363 0.012663 0.011819 0.011759 0.177715 0.012163 0.011937 0.011430 0.013075 0.014634 0.013461 
0.209057 0.018515 0.014779 0.016001 0.016756 0.016095 0.393675 0.203320 0.016047 0.019064 0.021012 0.013724 0.012050 0.014781 0.015123 
0.012076 0.601454 0.011975 0.010958 0.011223 0.248983 0.013093 0.012918 0.009033 0.012655 0.012160 0.010364 0.010501 0.011513 0.011095 
Document 11
0.036280 0.037216 0.044218 0.043578 0.030131 0.035227 0.032880 0.032712 0.048913 0.479307 0.033209 0.031797 0.036374 0.040711 0.037446 
0.020360 0.018515 0.014779 0.393394 0.016756 0.016095 0.016282 0.014624 0.016047 0.019064 0.021012 0.391117 0.012050 0.014781 0.015123 
0.041197 0.042255 0.040853 0.439315 0.038288 0.045563 0.044668 0.044072 0.030818 0.043173 0.041486 0.035359 0.035826 0.039278 0.037850 
Document 12
0.495032 0.010133 0.012039 0.011865 0.008204 0.130880 0.008952 0.008906 0.013317 0.130501 0.009042 0.129946 0.009903 0.011084 0.010196 
0.025096 0.022821 0.018217 0.019723 0.020653 0.019839 0.020070 0.018025 0.019779 0.023498 0.723652 0.016916 0.014853 0.018219 0.018640 
0.029386 0.030141 0.029140 0.026665 0.027311 0.032500 0.031861 0.031436 0.021982 0.030796 0.029592 0.025221 0.598952 0.028017 0.026998 
Document 13
0.025099 0.025747 0.030591 0.030148 0.637214 0.024371 0.022747 0.022631 0.033838 0.023408 0.022974 0.021998 0.025164 0.028165 0.025906 
0.032702 0.029738 0.023738 0.025701 0.026913 0.025852 0.026152 0.023488 0.025773 0.636769 0.033748 0.022042 0.019355 0.023741 0.024290 
0.029386 0.030141 0.029140 0.026665 0.027311 0.032500 0.031861 0.031436 0.595380 0.030796 0.029592 0.025221 0.025555 0.028017 0.026998 
Document 14
0.173174 0.013378 0.015895 0.015665 0.651363 0.012663 0.011819 0.011759 0.017582 0.012163 0.011937 0.011430 0.013075 0.014634 0.013461 
0.083030 0.075506 0.060271 0.065255 0.068332 0.065638 0.066401 0.059636 0.065439 0.077743 0.085688 0.055966 0.049142 0.060279 0.061672 
0.041197 0.042255 0.040853 0.037383 0.038288 0.045563 0.446600 0.044072 0.030818 0.043173 0.041486 0.035359 0.035826 0.039278 0.037850 
Document 15
0.015528 0.015929 0.018926 0.018652 0.394225 0.396407 0.014073 0.014001 0.020935 0.014482 0.014214 0.013609 0.015568 0.017425 0.016027 
0.017128 0.015576 0.012433 0.013461 0.649066 0.013540 0.013698 0.012302 0.013499 0.174780 0.017676 0.011545 0.010137 0.012435 0.012722 
0.068884 0.070653 0.068308 0.062506 0.064019 0.076184 0.074686 0.073690 0.051529 0.072188 0.069366 0.059121 0.059904 0.065675 0.063287 
Document 16
0.036280 0.037216 0.044218 0.043578 0.030131 0.035227 0.032880 0.032712 0.494384 0.033835 0.033209 0.031797 0.036374 0.040711 0.037446 
0.004440 0.004038 0.003223 0.003490 0.003654 0.003510 0.168163 0.003189 0.003500 0.786066 0.004583 0.002993 0.002628 0.003224 0.003298 
0.003598 0.003690 0.003568 0.003265 0.003344 0.003979 0.003901 0.003849 0.283512 0.003771 0.003623 0.003088 0.389257 0.284250 0.003306 
Document 17
0.005013 0.005143 0.313901 0.006022 0.004164 0.004868 0.004544 0.004520 0.622340 0.004676 0.004589 0.004394 0.005026 0.005626 0.005175 
0.004631 0.004211 0.003362 0.003640 0.003811 0.003661 0.003703 0.089165 0.003650 0.862723 0.004779 0.003121 0.002741 0.003362 0.003440 
0.009773 0.010024 0.009691 0.008868 0.009083 0.010809 0.010596 0.105802 0.007311 0.105589 0.009841 0.008388 0.675929 0.009318 0.008979 
Document 18
0.005717 0.005865 0.498375 0.006867 0.004748 0.005551 0.005182 0.005155 0.007708 0.426538 0.005233 0.005011 0.005732 0.006416 0.005901 
0.064042 0.005672 0.062333 0.004902 0.062938 0.004931 0.120598 0.004480 0.004916 0.005840 0.006437 0.640060 0.003691 0.004528 0.004633 
0.183017 0.009151 0.008848 0.008096 0.008292 0.009868 0.009674 0.009545 0.006674 0.009350 0.008985 0.007658 0.268901 0.269649 0.182292 
Document 19
0.004232 0.004341 0.005158 0.005083 0.782946 0.004109 0.003835 0.003816 0.005705 0.003947 0.003874 0.003709 0.004243 0.004749 0.160254 
0.005315 0.004834 0.003858 0.004177 0.004374 0.053464 0.053513 0.003818 0.004189 0.004977 0.202535 0.003583 0.003146 0.545744 0.102473 
0.029386 0.030141 0.029140 0.026665 0.027311 0.032500 0.031861 0.031436 0.595380 0.030796 0.029592 0.025221 0.025555 0.028017 0.026998 
Document 20
0.006149 0.006308 0.007494 0.007386 0.307112 0.005971 0.005573 0.005544 0.159293 0.458742 0.005628 0.005389 0.006165 0.006900 0.006347 
0.005591 0.005084 0.004058 0.004394 0.004601 0.004420 0.004471 0.004016 0.004406 0.005235 0.005770 0.936434 0.003309 0.004059 0.004153 
0.004364 0.004476 0.004327 0.301985 0.004056 0.004826 0.004731 0.004668 0.003264 0.004573 0.004394 0.301770 0.131520 0.217035 0.004009 
Document 21
0.011241 0.149561 0.013701 0.151533 0.009336 0.010915 0.010188 0.010136 0.429245 0.010484 0.010290 0.009852 0.011270 0.012614 0.149633 
0.020360 0.018515 0.014779 0.016001 0.016756 0.016095 0.016282 0.014624 0.016047 0.773850 0.021012 0.013724 0.012050 0.014781 0.015123 
0.022838 0.023425 0.022647 0.020724 0.244043 0.025259 0.024762 0.024432 0.017084 0.023934 0.022998 0.242419 0.242678 0.021774 0.020983 
Document 22
0.019186 0.019681 0.023384 0.023046 0.487098 0.018629 0.017388 0.017299 0.025867 0.017893 0.017562 0.252397 0.019236 0.021530 0.019803 
0.046923 0.042670 0.034061 0.036877 0.038616 0.037094 0.037525 0.033702 0.036981 0.478809 0.048425 0.031628 0.027772 0.034065 0.034853 
0.029386 0.030141 0.029140 0.026665 0.027311 0.032500 0.031861 0.031436 0.021982 0.030796 0.602989 0.025221 0.025555 0.028017 0.026998 
Document 23
0.065425 0.067114 0.079740 0.078586 0.054336 0.063526 0.059294 0.058991 0.088206 0.061016 0.059886 0.057340 0.065594 0.073416 0.067529 
0.017128 0.015576 0.329918 0.013461 0.014096 0.013540 0.013698 0.012302 0.489726 0.016038 0.017676 0.011545 0.010137 0.012435 0.012722 
0.015798 0.016204 0.015666 0.014335 0.631207 0.017472 0.017129 0.016900 0.011818 0.016556 0.015909 0.013559 0.013739 0.015062 0.168646 
Document 24
0.065425 0.067114 0.079740 0.078586 0.054336 0.063526 0.059294 0.058991 0.088206 0.061016 0.059886 0.057340 0.065594 0.073416 0.067529 
0.175871 0.015576 0.012433 0.013461 0.014096 0.172283 0.331182 0.012302 0.013499 0.016038 0.176419 0.011545 0.010137 0.012435 0.012722 
0.601144 0.012386 0.011975 0.010958 0.011223 0.013355 0.013093 0.012918 0.009033 0.012655 0.012160 0.245991 0.010501 0.011513 0.011095 
Document 25
0.065425 0.067114 0.079740 0.078586 0.054336 0.063526 0.059294 0.058991 0.088206 0.061016 0.059886 0.057340 0.065594 0.073416 0.067529 
0.209057 0.395908 0.014779 0.016001 0.016756 0.016095 0.016282 0.203320 0.016047 0.019064 0.021012 0.013724 0.012050 0.014781 0.015123 
0.018677 0.019157 0.018521 0.016948 0.017358 0.020656 0.020250 0.019980 0.378404 0.019573 0.018808 0.016030 0.016242 0.382239 0.017159 
Document 26
0.011241 0.011532 0.013701 0.565622 0.009336 0.010915 0.010188 0.010136 0.153185 0.010484 0.148320 0.009852 0.011270 0.012614 0.011603 
0.314676 0.002780 0.002219 0.002402 0.002516 0.002416 0.370721 0.002195 0.002409 0.002862 0.088142 0.002060 0.001809 0.002219 0.200573 
0.002471 0.002534 0.002450 0.002242 0.002296 0.002732 0.002679 0.002643 0.074158 0.195416 0.002488 0.219051 0.002148 0.388009 0.098683 
Document 27
0.065425 0.067114 0.079740 0.078586 0.054336 0.063526 0.059294 0.058991 0.088206 0.061016 0.059886 0.057340 0.065594 0.073416 0.067529 
0.032702 0.029738 0.023738 0.025701 0.026913 0.025852 0.026152 0.326563 0.025773 0.030619 0.336823 0.022042 0.019355 0.023741 0.024290 
0.478191 0.016204 0.015666 0.014335 0.322945 0.017472 0.017129 0.016900 0.011818 0.016556 0.015909 0.013559 0.013739 0.015062 0.014515 
Document 28
0.011241 0.011532 0.841880 0.013503 0.009336 0.010915 0.010188 0.010136 0.015156 0.010484 0.010290 0.009852 0.011270 0.012614 0.011603 
0.064042 0.121282 0.351358 0.004902 0.005133 0.004931 0.004988 0.004480 0.004916 0.294865 0.122047 0.004204 0.003691 0.004528 0.004633 
0.041197 0.042255 0.040853 0.037383 0.038288 0.045563 0.044668 0.044072 0.030818 0.043173 0.443418 0.035359 0.035826 0.039278 0.037850 
Document 29
0.009878 0.131421 0.012039 0.011865 0.008204 0.009591 0.008952 0.008906 0.013317 0.009212 0.009042 0.008657 0.009903 0.738815 0.010196 
0.009549 0.185682 0.006932 0.007505 0.007859 0.007549 0.361634 0.360856 0.007526 0.008941 0.009855 0.006436 0.005652 0.006932 0.007093 
0.008922 0.009151 0.008848 0.008096 0.008292 0.009868 0.009674 0.009545 0.006674 0.009350 0.008985 0.007658 0.007759 0.878981 0.008197 
Document 30
0.036280 0.037216 0.044218 0.043578 0.475603 0.035227 0.032880 0.032712 0.048913 0.033835 0.033209 0.031797 0.036374 0.040711 0.037446 
0.007546 0.006862 0.285207 0.005930 0.006210 0.005965 0.495561 0.005420 0.005947 0.007065 0.007787 0.005086 0.004466 0.005478 0.145470 
0.041197 0.042255 0.040853 0.439315 0.038288 0.045563 0.044668 0.044072 0.030818 0.043173 0.041486 0.035359 0.035826 0.039278 0.037850 
Document 31
0.025099 0.025747 0.030591 0.030148 0.020845 0.024371 0.022747 0.022631 0.033838 0.023408 0.022974 0.638366 0.025164 0.028165 0.025906 
0.020360 0.018515 0.580869 0.016001 0.205452 0.016095 0.016282 0.014624 0.016047 0.019064 0.021012 0.013724 0.012050 0.014781 0.015123 
0.009773 0.010024 0.295733 0.008868 0.009083 0.010809 0.010596 0.010455 0.007311 0.391631 0.009841 0.008388 0.008499 0.009318 0.199673 
Document 32
0.013042 0.013378 0.656427 0.015665 0.010831 0.012663 0.011819 0.011759 0.017582 0.012163 0.011937 0.011430 0.013075 0.174767 0.013461 
0.006620 0.006020 0.434266 0.005203 0.005448 0.005233 0.005294 0.004755 0.005217 0.312956 0.190886 0.004462 0.003918 0.004806 0.004917 
0.022838 0.023425 0.022647 0.020724 0.021225 0.025259 0.247579 0.024432 0.017084 0.023934 0.022998 0.019602 0.019861 0.021774 0.466617 
Document 33
0.013042 0.013378 0.015895 0.015665 0.010831 0.172796 0.652351 0.011759 0.017582 0.012163 0.011937 0.011430 0.013075 0.014634 0.013461 
0.010476 0.009527 0.298880 0.008233 0.008622 0.008282 0.008378 0.492984 0.008257 0.009809 0.010811 0.104153 0.006200 0.007606 0.007781 
0.009773 0.010024 0.009691 0.008868 0.009083 0.010809 0.010596 0.010455 0.007311 0.200936 0.677272 0.008388 0.008499 0.009318 0.008979 
Document 34
0.025099 0.025747 0.030591 0.030148 0.020845 0.024371 0.330931 0.022631 0.033838 0.023408 0.022974 0.021998 0.333348 0.028165 0.025906 
0.017128 0.015576 0.012433 0.013461 0.014096 0.013540 0.013698 0.012302 0.013499 0.016038 0.017676 0.011545 0.010137 0.012435 0.806434 
0.068884 0.070653 0.068308 0.062506 0.064019 0.076184 0.074686 0.073690 0.051529 0.072188 0.069366 0.059121 0.059904 0.065675 0.063287 
Document 35
0.065425 0.067114 0.079740 0.078586 0.054336 0.063526 0.059294 0.058991 0.088206 0.061016 0.059886 0.057340 0.065594 0.073416 0.067529 
0.009549 0.008684 0.006932 0.007505 0.007859 0.007549 0.007637 0.006859 0.007526 0.008941 0.009855 0.891430 0.005652 0.006932 0.007093 
0.013688 0.014040 0.013574 0.012421 0.012722 0.015139 0.014841 0.014643 0.010240 0.014345 0.815068 0.011748 0.011904 0.013051 0.012576 
Document 36
0.015528 0.015929 0.018926 0.018652 0.012896 0.015077 0.014073 0.014001 0.020935 0.014482 0.014214 0.013609 0.206233 0.589419 0.016027 
0.013001 0.011823 0.009437 0.371684 0.010699 0.130766 0.010397 0.009338 0.010246 0.012173 0.013417 0.370230 0.007695 0.009438 0.009656 
0.022838 0.023425 0.022647 0.020724 0.021225 0.025259 0.024762 0.024432 0.017084 0.023934 0.691450 0.019602 0.019861 0.021774 0.020983 
Document 37
0.019186 0.255263 0.023384 0.023046 0.015934 0.018629 0.017388 0.017299 0.261449 0.017893 0.253144 0.016815 0.019236 0.021530 0.019803 
0.020360 0.018515 0.014779 0.582091 0.205452 0.016095 0.016282 0.014624 0.016047 0.019064 0.021012 0.013724 0.012050 0.014781 0.015123 
0.010803 0.011080 0.010713 0.009803 0.010040 0.011948 0.011713 0.011557 0.008081 0.222114 0.010879 0.009272 0.641773 0.010300 0.009925 
Document 38
0.009878 0.010133 0.012039 0.011865 0.008204 0.009591 0.008952 0.008906 0.013317 0.858231 0.009042 0.008657 0.009903 0.011084 0.010196 
0.008113 0.082569 0.005889 0.457520 0.006677 0.231986 0.006488 0.005827 0.006394 0.007596 0.083563 0.005469 0.079992 0.005890 0.006026 
0.008922 0.009151 0.008848 0.008096 0.008292 0.009868 0.619006 0.009545 0.006674 0.096398 0.008985 0.181753 0.007759 0.008507 0.008197 
Document 39
0.013042 0.013378 0.015895 0.496064 0.010831 0.012663 0.011819 0.011759 0.017582 0.012163 0.332203 0.011430 0.013075 0.014634 0.013461 
0.014782 0.013442 0.010730 0.833590 0.012165 0.011685 0.011821 0.010617 0.011650 0.013840 0.015255 0.009963 0.008749 0.010731 0.010979 
0.041197 0.042255 0.040853 0.037383 0.038288 0.045563 0.446600 0.044072 0.030818 0.043173 0.041486 0.035359 0.035826 0.039278 0.037850 
Document 40
0.398391 0.008155 0.107299 0.009549 0.006602 0.007719 0.007205 0.007168 0.010718 0.007414 0.007277 0.006967 0.398412 0.008921 0.008205 
0.013001 0.011823 0.009437 0.853640 0.010699 0.010277 0.010397 0.009338 0.010246 0.012173 0.013417 0.008763 0.007695 0.009438 0.009656 
0.004364 0.004476 0.004327 0.003960 0.004056 0.004826 0.004731 0.260118 0.003264 0.004573 0.387569 0.003745 0.301820 0.004161 0.004009 
Document 41
0.009878 0.010133 0.012039 0.739596 0.008204 0.009591 0.008952 0.008906 0.013317 0.009212 0.009042 0.008657 0.009903 0.011084 0.131484 
0.008113 0.232950 0.081080 0.006376 0.006677 0.006414 0.081679 0.532162 0.006394 0.007596 0.008373 0.005469 0.004802 0.005890 0.006026 
0.022838 0.023425 0.022647 0.020724 0.021225 0.025259 0.247579 0.024432 0.017084 0.023934 0.022998 0.019602 0.019861 0.021774 0.466617 
Document 42
0.011241 0.011532 0.013701 0.013503 0.009336 0.010915 0.010188 0.010136 0.015156 0.010484 0.010290 0.009852 0.011270 0.840794 0.011603 
0.014782 0.013442 0.421716 0.011617 0.012165 0.011685 0.422807 0.010617 0.011650 0.013840 0.015255 0.009963 0.008749 0.010731 0.010979 
0.068884 0.070653 0.068308 0.062506 0.064019 0.076184 0.074686 0.073690 0.051529 0.072188 0.069366 0.059121 0.059904 0.065675 0.063287 
Document 43
0.013042 0.013378 0.015895 0.015665 0.010831 0.493062 0.011819 0.011759 0.017582 0.332429 0.011937 0.011430 0.013075 0.014634 0.013461 
0.032702 0.029738 0.326813 0.025701 0.026913 0.025852 0.026152 0.023488 0.328848 0.030619 0.033748 0.022042 0.019355 0.023741 0.024290 
0.022838 0.023425 0.022647 0.020724 0.021225 0.025259 0.024762 0.024432 0.017084 0.692385 0.022998 0.019602 0.019861 0.021774 0.020983 
Document 44
0.065425 0.067114 0.079740 0.078586 0.054336 0.063526 0.059294 0.058991 0.088206 0.061016 0.059886 0.057340 0.065594 0.073416 0.067529 
0.020360 0.018515 0.014779 0.016001 0.016756 0.582185 0.016282 0.014624 0.016047 0.207760 0.021012 0.013724 0.012050 0.014781 0.015123 
0.013688 0.014040 0.013574 0.012421 0.012722 0.549328 0.148389 0.014643 0.010240 0.014345 0.013784 0.145296 0.011904 0.013051 0.012576 
Document 45
0.007950 0.203376 0.009689 0.302380 0.006602 0.105329 0.007205 0.007168 0.010718 0.007414 0.007277 0.006967 0.007970 0.008921 0.301036 
0.025096 0.022821 0.018217 0.019723 0.020653 0.019839 0.020070 0.018025 0.019779 0.721251 0.025899 0.016916 0.014853 0.018219 0.018640 
0.068884 0.070653 0.068308 0.062506 0.064019 0.076184 0.074686 0.073690 0.051529 0.072188 0.069366 0.059121 0.059904 0.065675 0.063287 
Document 46
0.015528 0.015929 0.018926 0.018652 0.012896 0.205742 0.014073 0.585995 0.020935 0.014482 0.014214 0.013609 0.015568 0.017425 0.016027 
0.017128 0.015576 0.012433 0.013461 0.014096 0.013540 0.013698 0.012302 0.013499 0.016038 0.017676 0.011545 0.010137 0.012435 0.806434 
0.022838 0.023425 0.245465 0.020724 0.021225 0.025259 0.024762 0.024432 0.017084 0.469568 0.022998 0.019602 0.019861 0.021774 0.020983 
Document 47
0.004023 0.004127 0.004903 0.350600 0.003341 0.152092 0.003646 0.003627 0.005424 0.053147 0.003682 0.102316 0.300405 0.004514 0.004152 
0.005066 0.004607 0.003677 0.003981 0.004169 0.004005 0.004051 0.003639 0.003993 0.004743 0.005228 0.942403 0.002998 0.003678 0.003763 
0.068884 0.070653 0.068308 0.062506 0.064019 0.076184 0.074686 0.073690 0.051529 0.072188 0.069366 0.059121 0.059904 0.065675 0.063287 
Document 48
0.019186 0.019681 0.023384 0.023046 0.015934 0.018629 0.017388 0.017299 0.025867 0.017893 0.017562 0.723561 0.019236 0.021530 0.019803 
0.190674 0.006020 0.004805 0.005203 0.005448 0.434694 0.005294 0.004755 0.005217 0.128901 0.190886 0.004462 0.003918 0.004806 0.004917 
0.029386 0.030141 0.029140 0.026665 0.027311 0.032500 0.031861 0.031436 0.021982 0.030796 0.029592 0.025221 0.025555 0.601414 0.026998 
Document 49
0.065425 0.067114 0.079740 0.078586 0.054336 0.063526 0.059294 0.058991 0.088206 0.061016 0.059886 0.057340 0.065594 0.073416 0.067529 
0.017128 0.015576 0.012433 0.013461 0.014096 0.013540 0.172440 0.012302 0.013499 0.016038 0.493904 0.011545 0.168880 0.012435 0.012722 
0.022838 0.023425 0.022647 0.020724 0.244043 0.025259 0.024762 0.024432 0.017084 0.469568 0.022998 0.019602 0.019861 0.021774 0.020983 
Document 50
0.493440 0.013378 0.015895 0.015665 0.170964 0.172796 0.011819 0.011759 0.017582 0.012163 0.011937 0.011430 0.013075 0.014634 0.013461 
0.007546 0.006862 0.285207 0.005930 0.006210 0.005965 0.006034 0.005420 0.215744 0.426660 0.007787 0.005086 0.004466 0.005478 0.005605 
0.009773 0.296066 0.009691 0.008868 0.009083 0.010809 0.010596 0.010455 0.007311 0.200936 0.009841 0.008388 0.389888 0.009318 0.008979 
Document 51
0.009878 0.010133 0.012039 0.011865 0.008204 0.009591 0.008952 0.008906 0.013317 0.130501 0.009042 0.008657 0.616346 0.011084 0.131484 
0.013001 0.011823 0.009437 0.733151 0.010699 0.010277 0.010397 0.009338 0.010246 0.132662 0.013417 0.008763 0.007695 0.009438 0.009656 
0.200893 0.019157 0.018521 0.199164 0.017358 0.020656 0.020250 0.019980 0.378404 0.019573 0.018808 0.016030 0.016242 0.017807 0.017159 
Document 52
0.011241 0.011532 0.013701 0.013503 0.009336 0.010915 0.010188 0.010136 0.567275 0.010484 0.286349 0.009852 0.011270 0.012614 0.011603 
0.011603 0.010551 0.008422 0.009119 0.009549 0.009172 0.009279 0.008334 0.009144 0.871124 0.011974 0.007821 0.006867 0.008423 0.008618 
0.018677 0.201373 0.382953 0.016948 0.017358 0.020656 0.020250 0.019980 0.013971 0.019573 0.018808 0.016030 0.198458 0.017807 0.017159 
Document 53
0.009878 0.010133 0.012039 0.011865 0.008204 0.494745 0.130241 0.008906 0.013317 0.009212 0.009042 0.008657 0.252480 0.011084 0.010196 
0.288772 0.013442 0.010730 0.011617 0.012165 0.011685 0.011821 0.010617 0.011650 0.013840 0.015255 0.009963 0.556730 0.010731 0.010979 
0.068884 0.070653 0.068308 0.062506 0.064019 0.076184 0.074686 0.073690 0.051529 0.072188 0.069366 0.059121 0.059904 0.065675 0.063287 
Document 54
0.065425 0.067114 0.079740 0.078586 0.054336 0.063526 0.059294 0.058991 0.088206 0.061016 0.059886 0.057340 0.065594 0.073416 0.067529 
0.333774 0.005362 0.004280 0.004634 0.004853 0.004661 0.004715 0.004235 0.004647 0.606630 0.006085 0.003974 0.003490 0.004281 0.004380 
0.007075 0.007256 0.007016 0.006420 0.282666 0.007824 0.145716 0.007568 0.074315 0.076437 0.145170 0.006072 0.006152 0.006745 0.213568 
Document 55
0.065425 0.067114 0.079740 0.078586 0.054336 0.063526 0.059294 0.058991 0.088206 0.061016 0.059886 0.057340 0.065594 0.073416 0.067529 
0.008773 0.007978 0.006368 0.006895 0.007220 0.006935 0.332232 0.006301 0.006914 0.008214 0.009053 0.575041 0.005192 0.006369 0.006516 
0.012076 0.012386 0.011975 0.835653 0.011223 0.013355 0.013093 0.012918 0.009033 0.012655 0.012160 0.010364 0.010501 0.011513 0.011095 
Document 56
0.065425 0.067114 0.079740 0.078586 0.054336 0.063526 0.059294 0.058991 0.088206 0.061016 0.059886 0.057340 0.065594 0.073416 0.067529 
0.011603 0.010551 0.008422 0.009119 0.009549 0.009172 0.009279 0.008334 0.331742 0.548526 0.011974 0.007821 0.006867 0.008423 0.008618 
0.068884 0.070653 0.068308 0.062506 0.064019 0.076184 0.074686 0.073690 0.051529 0.072188 0.069366 0.059121 0.059904 0.065675 0.063287 
Document 57
0.025099 0.025747 0.030591 0.030148 0.020845 0.024371 0.022747 0.330815 0.033838 0.023408 0.022974 0.330182 0.025164 0.028165 0.025906 
0.004440 0.004038 0.003223 0.250408 0.044807 0.003510 0.373929 0.250108 0.003500 0.004158 0.004583 0.002993 0.002628 0.003224 0.044451 
0.068884 0.070653 0.068308 0.062506 0.064019 0.076184 0.074686 0.073690 0.051529 0.072188 0.069366 0.059121 0.059904 0.065675 0.063287 
Document 58
0.007243 0.007430 0.008827 0.008700 0.272805 0.007032 0.006564 0.006530 0.009764 0.629264 0.006629 0.006348 0.007261 0.008127 0.007475 
0.064042 0.294697 0.004527 0.004902 0.005133 0.467371 0.004988 0.004480 0.062721 0.005840 0.006437 0.004204 0.061497 0.004528 0.004633 
0.010803 0.011080 0.010713 0.009803 0.010040 0.117344 0.011713 0.011557 0.008081 0.011321 0.010879 0.009272 0.009395 0.748075 0.009925 
Document 59
0.009878 0.010133 0.012039 0.011865 0.008204 0.737322 0.008952 0.008906 0.013317 0.009212 0.009042 0.008657 0.009903 0.011084 0.131484 
0.020360 0.018515 0.014779 0.016001 0.016756 0.770881 0.016282 0.014624 0.016047 0.019064 0.021012 0.013724 0.012050 0.014781 0.015123 
0.029386 0.030141 0.029140 0.026665 0.027311 0.032500 0.031861 0.031436 0.021982 0.030796 0.029592 0.025221 0.598952 0.028017 0.026998 
Document 60
0.065425 0.067114 0.079740 0.078586 0.054336 0.063526 0.059294 0.058991 0.088206 0.061016 0.059886 0.057340 0.065594 0.073416 0.067529 
0.011603 0.010551 0.868682 0.009119 0.009549 0.009172 0.009279 0.008334 0.009144 0.010864 0.011974 0.007821 0.006867 0.008423 0.008618 
0.041197 0.042255 0.040853 0.037383 0.038288 0.045563 0.044668 0.044072 0.030818 0.043173 0.041486 0.035359 0.437758 0.039278 0.037850 
Document 61
0.056194 0.004341 0.057120 0.005083 0.003515 0.004109 0.003835 0.055778 0.005705 0.003947 0.003874 0.003709 0.264053 0.472407 0.056330 
0.014782 0.013442 0.010730 0.011617 0.012165 0.011685 0.011821 0.010617 0.422636 0.013840 0.152250 0.283954 0.008749 0.010731 0.010979 
0.041197 0.042255 0.040853 0.037383 0.038288 0.045563 0.446600 0.044072 0.030818 0.043173 0.041486 0.035359 0.035826 0.039278 0.037850 
Document 62
0.036280 0.037216 0.044218 0.043578 0.030131 0.035227 0.032880 0.032712 0.048913 0.033835 0.478681 0.031797 0.036374 0.040711 0.037446 
0.014782 0.013442 0.010730 0.011617 0.012165 0.011685 0.011821 0.010617 0.011650 0.013840 0.837227 0.009963 0.008749 0.010731 0.010979 
0.068884 0.070653 0.068308 0.062506 0.064019 0.076184 0.074686 0.073690 0.051529 0.072188 0.069366 0.059121 0.059904 0.065675 0.063287 
Document 63
0.065425 0.067114 0.079740 0.078586 0.054336 0.063526 0.059294 0.058991 0.088206 0.061016 0.059886 0.057340 0.065594 0.073416 0.067529 
0.007052 0.006413 0.005119 0.005543 0.005804 0.005575 0.005640 0.005065 0.005558 0.921665 0.007278 0.004754 0.004174 0.005120 0.005238 
0.006217 0.248977 0.006165 0.005641 0.127078 0.006875 0.128041 0.370552 0.004650 0.006515 0.006260 0.005336 0.066056 0.005927 0.005711 
Document 64
0.009878 0.131421 0.012039 0.011865 0.008204 0.373457 0.008952 0.008906 0.013317 0.009212 0.009042 0.008657 0.009903 0.374950 0.010196 
0.017128 0.015576 0.806145 0.013461 0.014096 0.013540 0.013698 0.012302 0.013499 0.016038 0.017676 0.011545 0.010137 0.012435 0.012722 
0.041197 0.042255 0.040853 0.037383 0.038288 0.045563 0.044668 0.044072 0.030818 0.043173 0.041486 0.035359 0.035826 0.039278 0.439782 
Document 65
0.013042 0.173511 0.015895 0.175798 0.010831 0.012663 0.011819 0.011759 0.017582 0.012163 0.011937 0.011430 0.333341 0.014634 0.173594 
0.151777 0.013442 0.010730 0.011617 0.012165 0.011685 0.011821 0.010617 0.011650 0.424827 0.289246 0.009963 0.008749 0.010731 0.010979 
0.007075 0.352370 0.007016 0.006420 0.006575 0.283915 0.007671 0.007568 0.005292 0.007414 0.007124 0.006072 0.282243 0.006745 0.006500 
Document 66
0.006149 0.006308 0.385001 0.007386 0.533616 0.005971 0.005573 0.005544 0.008290 0.005735 0.005628 0.005389 0.006165 0.006900 0.006347 
0.007546 0.076794 0.005477 0.005930 0.006210 0.285695 0.006034 0.005420 0.005947 0.356727 0.007787 0.214883 0.004466 0.005478 0.005605 
0.022838 0.023425 0.245465 0.020724 0.021225 0.025259 0.024762 0.024432 0.017084 0.023934 0.022998 0.242419 0.019861 0.021774 0.243800 
Document 67
0.002883 0.002958 0.003514 0.003463 0.108609 0.002800 0.002613 0.002600 0.003887 0.356736 0.002639 0.002527 0.109105 0.392688 0.002976 
0.004103 0.003731 0.002978 0.041248 0.003376 0.231384 0.003281 0.002947 0.003233 0.003841 0.004234 0.687189 0.002428 0.002979 0.003047 
0.004558 0.004675 0.004520 0.404350 0.537854 0.005041 0.004942 0.004876 0.003410 0.004777 0.004590 0.003912 0.003964 0.004346 0.004188 
Document 68
0.019186 0.019681 0.023384 0.023046 0.015934 0.018629 0.017388 0.017299 0.025867 0.017893 0.017562 0.016815 0.725981 0.021530 0.019803 
0.032702 0.029738 0.023738 0.025701 0.026913 0.025852 0.026152 0.023488 0.025773 0.030619 0.033748 0.022042 0.019355 0.023741 0.630439 
0.068884 0.070653 0.068308 0.062506 0.064019 0.076184 0.074686 0.073690 0.051529 0.072188 0.069366 0.059121 0.059904 0.065675 0.063287 
Document 69
0.065425 0.067114 0.079740 0.078586 0.054336 0.063526 0.059294 0.058991 0.088206 0.061016 0.059886 0.057340 0.065594 0.073416 0.067529 
0.007546 0.006862 0.005477 0.005930 0.006210 0.005965 0.075967 0.005420 0.075879 0.007065 0.077720 0.704410 0.004466 0.005478 0.005605 
0.007599 0.304355 0.155816 0.303456 0.007063 0.008405 0.008239 0.008129 0.005685 0.007964 0.081792 0.080662 0.006609 0.007245 0.006982 
Document 70
0.013042 0.013378 0.496294 0.175798 0.010831 0.012663 0.011819 0.011759 0.177715 0.012163 0.011937 0.011430 0.013075 0.014634 0.013461 
0.009549 0.008684 0.006932 0.007505 0.007859 0.007549 0.007637 0.006859 0.007526 0.008941 0.009855 0.891430 0.005652 0.006932 0.007093 
0.013688 0.014040 0.013574 0.012421 0.012722 0.015139 0.148389 0.014643 0.010240 0.682081 0.013784 0.011748 0.011904 0.013051 0.012576 
Document 71
0.005342 0.005480 0.006511 0.006417 0.594802 0.005187 0.004842 0.267201 0.007202 0.004982 0.004890 0.070278 0.005356 0.005995 0.005514 
0.006237 0.236892 0.524773 0.062707 0.005133 0.004931 0.004988 0.004480 0.120526 0.005840 0.006437 0.004204 0.003691 0.004528 0.004633 
0.004558 0.004675 0.004520 0.004136 0.004236 0.005041 0.227283 0.004876 0.270219 0.182649 0.004590 0.270721 0.003964 0.004346 0.004188 
Document 72
0.036280 0.037216 0.489690 0.043578 0.030131 0.035227 0.032880 0.032712 0.048913 0.033835 0.033209 0.031797 0.036374 0.040711 0.037446 
0.017128 0.015576 0.012433 0.013461 0.014096 0.013540 0.013698 0.012302 0.013499 0.809749 0.017676 0.011545 0.010137 0.012435 0.012722 
0.018677 0.019157 0.018521 0.016948 0.017358 0.020656 0.566899 0.019980 0.013971 0.019573 0.018808 0.016030 0.016242 0.017807 0.199376 
Document 73
0.567325 0.005865 0.006968 0.077068 0.004748 0.005551 0.075383 0.005155 0.007708 0.215935 0.005233 0.005011 0.005732 0.006416 0.005901 
0.003341 0.064958 0.002425 0.002625 0.002749 0.033601 0.467075 0.002399 0.405116 0.003128 0.003448 0.002252 0.001977 0.002425 0.002481 
0.082490 0.004125 0.003988 0.003649 0.003737 0.004448 0.318234 0.004302 0.120711 0.082683 0.043284 0.003451 0.003497 0.317707 0.003695 
Document 74
0.065425 0.067114 0.079740 0.078586 0.054336 0.063526 0.059294 0.058991 0.088206 0.061016 0.059886 0.057340 0.065594 0.073416 0.067529 
0.083304 0.007378 0.005889 0.006376 0.006677 0.006414 0.833586 0.005827 0.006394 0.007596 0.008373 0.005469 0.004802 0.005890 0.006026 
0.005003 0.005131 0.004961 0.004540 0.004650 0.005533 0.005424 0.005352 0.150170 0.005243 0.249083 0.248339 0.297205 0.004770 0.004596 
Document 75
0.015528 0.015929 0.018926 0.590646 0.012896 0.015077 0.014073 0.014001 0.020935 0.205146 0.014214 0.013609 0.015568 0.017425 0.016027 
0.408435 0.004400 0.003512 0.003803 0.003982 0.272889 0.003870 0.003475 0.003814 0.004531 0.004994 0.003261 0.002864 0.272577 0.003594 
0.010803 0.011080 0.116109 0.009803 0.747815 0.011948 0.011713 0.011557 0.008081 0.011321 0.010879 0.009272 0.009395 0.010300 0.009925 
Document 76
0.495032 0.010133 0.133328 0.011865 0.008204 0.009591 0.008952 0.008906 0.013317 0.009212 0.009042 0.008657 0.009903 0.253661 0.010196 
0.005896 0.005362 0.004280 0.004634 0.004853 0.004661 0.004715 0.004235 0.387171 0.551983 0.006085 0.003974 0.003490 0.004281 0.004380 
0.006217 0.370278 0.006165 0.005641 0.005777 0.006875 0.067390 0.006650 0.489852 0.006515 0.006260 0.005336 0.005406 0.005927 0.005711 
Document 77
0.007950 0.008155 0.009689 0.009549 0.006602 0.007719 0.007205 0.007168 0.010718 0.690687 0.007277 0.006967 0.007970 0.204141 0.008205 
0.275047 0.008684 0.006932 0.007505 0.184857 0.007549 0.007637 0.006859 0.184525 0.008941 0.009855 0.006436 0.005652 0.272431 0.007093 
0.029386 0.030141 0.029140 0.026665 0.027311 0.319199 0.031861 0.031436 0.021982 0.030796 0.029592 0.025221 0.312254 0.028017 0.026998 
Document 78
0.065425 0.067114 0.079740 0.078586 0.054336 0.063526 0.059294 0.058991 0.088206 0.061016 0.059886 0.057340 0.065594 0.073416 0.067529 
0.032702 0.029738 0.023738 0.025701 0.026913 0.632001 0.026152 0.023488 0.025773 0.030619 0.033748 0.022042 0.019355 0.023741 0.024290 
0.013688 0.147587 0.013574 0.012421 0.012722 0.148686 0.014841 0.014643 0.010240 0.014345 0.414426 0.145296 0.011904 0.013051 0.012576 
Document 79
0.003226 0.003309 0.003932 0.003875 0.002679 0.003132 0.002924 0.002909 0.321246 0.003009 0.002953 0.398948 0.003234 0.003620 0.241002 
0.007546 0.006862 0.495004 0.005930 0.006210 0.005965 0.006034 0.005420 0.005947 0.007065 0.077720 0.354748 0.004466 0.005478 0.005605 
0.159201 0.005395 0.005216 0.004773 0.004888 0.262385 0.005703 0.056940 0.003934 0.005512 0.005296 0.466337 0.004574 0.005015 0.004832 
Document 80
0.006149 0.081809 0.007494 0.007386 0.835621 0.005971 0.005573 0.005544 0.008290 0.005735 0.005628 0.005389 0.006165 0.006900 0.006347 
0.006620 0.006020 0.004805 0.005203 0.005448 0.005233 0.005294 0.004755 0.005217 0.006198 0.006832 0.924735 0.003918 0.004806 0.004917 
0.022838 0.023425 0.245465 0.020724 0.021225 0.025259 0.024762 0.024432 0.017084 0.023934 0.245815 0.019602 0.019861 0.021774 0.243800 
Document 81
0.007243 0.007430 0.097757 0.186559 0.006015 0.007032 0.006564 0.006530 0.098694 0.006755 0.006629 0.273137 0.007261 0.008127 0.274265 
0.011603 0.118084 0.008422 0.009119 0.009549 0.009172 0.009279 0.008334 0.009144 0.010864 0.011974 0.007821 0.006867 0.008423 0.761345 
0.015798 0.016204 0.015666 0.784991 0.014682 0.017472 0.017129 0.016900 0.011818 0.016556 0.015909 0.013559 0.013739 0.015062 0.014515 
Document 82
0.065425 0.067114 0.079740 0.078586 0.054336 0.063526 0.059294 0.058991 0.088206 0.061016 0.059886 0.057340 0.065594 0.073416 0.067529 
0.005591 0.005084 0.055873 0.004394 0.004601 0.004420 0.004471 0.004016 0.004406 0.419753 0.213029 0.055583 0.210568 0.004059 0.004153 
0.009773 0.010024 0.009691 0.008868 0.104430 0.773586 0.010596 0.010455 0.007311 0.010242 0.009841 0.008388 0.008499 0.009318 0.008979 
Document 83
0.015528 0.015929 0.018926 0.018652 0.203561 0.015077 0.014073 0.014001 0.592929 0.014482 0.014214 0.013609 0.015568 0.017425 0.016027 
0.060543 0.005362 0.004280 0.113927 0.168791 0.004661 0.004715 0.004235 0.004647 0.606630 0.006085 0.003974 0.003490 0.004281 0.004380 
0.005544 0.438400 0.492300 0.005031 0.005152 0.006132 0.006011 0.005931 0.004147 0.005810 0.005583 0.004758 0.004821 0.005286 0.005094 
Document 84
0.116978 0.009037 0.010737 0.335088 0.007316 0.008554 0.007984 0.007943 0.228214 0.008216 0.008064 0.007721 0.008832 0.118054 0.117261 
0.004631 0.047131 0.003362 0.003640 0.218408 0.003661 0.518736 0.003326 0.003650 0.004336 0.133537 0.046041 0.002741 0.003362 0.003440 
0.022838 0.023425 0.468282 0.020724 0.244043 0.025259 0.024762 0.024432 0.017084 0.023934 0.022998 0.019602 0.019861 0.021774 0.020983 
Document 85
0.004464 0.004579 0.005441 0.443843 0.003707 0.059144 0.004046 0.004025 0.060828 0.004163 0.004086 0.003912 0.059285 0.333870 0.004607 
0.017128 0.015576 0.012433 0.013461 0.014096 0.013540 0.013698 0.012302 0.013499 0.016038 0.017676 0.805257 0.010137 0.012435 0.012722 
0.068884 0.070653 0.068308 0.062506 0.064019 0.076184 0.074686 0.073690 0.051529 0.072188 0.069366 0.059121 0.059904 0.065675 0.063287 
Document 86
0.098623 0.002674 0.227214 0.259173 0.002165 0.002531 0.002362 0.002350 0.003514 0.066442 0.002386 0.322338 0.002613 0.002925 0.002690 
0.010476 0.009527 0.395972 0.008233 0.008622 0.008282 0.008378 0.007524 0.008257 0.009809 0.010811 0.492521 0.006200 0.007606 0.007781 
0.068884 0.070653 0.068308 0.062506 0.064019 0.076184 0.074686 0.073690 0.051529 0.072188 0.069366 0.059121 0.059904 0.065675 0.063287 
Document 87
0.065425 0.067114 0.079740 0.078586 0.054336 0.063526 0.059294 0.058991 0.088206 0.061016 0.059886 0.057340 0.065594 0.073416 0.067529 
0.005315 0.004834 0.003858 0.004177 0.004374 0.004202 0.004251 0.003818 0.004189 0.004977 0.005485 0.939566 0.003146 0.003859 0.003948 
0.029386 0.030141 0.029140 0.600062 0.027311 0.032500 0.031861 0.031436 0.021982 0.030796 0.029592 0.025221 0.025555 0.028017 0.026998 
Document 88
0.025099 0.025747 0.030591 0.030148 0.020845 0.024371 0.022747 0.022631 0.033838 0.639777 0.022974 0.021998 0.025164 0.028165 0.025906 
0.542967 0.318308 0.003512 0.003803 0.003982 0.003825 0.003870 0.048319 0.003814 0.004531 0.004994 0.003261 0.047708 0.003513 0.003594 
0.004186 0.045130 0.004151 0.167144 0.003890 0.004629 0.004538 0.004478 0.003131 0.371914 0.085888 0.044429 0.166985 0.003991 0.085518 
Document 89
0.004464 0.004579 0.005441 0.334222 0.003707 0.059144 0.113666 0.004025 0.006018 0.004163 0.004086 0.442393 0.004475 0.005009 0.004607 
0.007546 0.006862 0.005477 0.215728 0.006210 0.425560 0.006034 0.005420 0.005947 0.076998 0.217584 0.005086 0.004466 0.005478 0.005605 
0.018677 0.019157 0.018521 0.016948 0.017358 0.020656 0.749115 0.019980 0.013971 0.019573 0.018808 0.016030 0.016242 0.017807 0.017159 
Document 90
0.019186 0.019681 0.023384 0.258628 0.015934 0.018629 0.017388 0.017299 0.025867 0.017893 0.017562 0.016815 0.019236 0.492693 0.019803 
0.007052 0.006413 0.593373 0.005543 0.005804 0.005575 0.005640 0.005065 0.005558 0.006603 0.007278 0.331561 0.004174 0.005120 0.005238 
0.022838 0.023425 0.022647 0.689175 0.021225 0.025259 0.024762 0.024432 0.017084 0.023934 0.022998 0.019602 0.019861 0.021774 0.020983 
Document 91
0.011241 0.011532 0.013701 0.013503 0.699485 0.010915 0.010188 0.010136 0.153185 0.010484 0.010290 0.009852 0.011270 0.012614 0.011603 
0.374468 0.011823 0.009437 0.010217 0.010699 0.010277 0.010397 0.250316 0.010246 0.253151 0.013417 0.008763 0.007695 0.009438 0.009656 
0.068884 0.070653 0.068308 0.062506 0.064019 0.076184 0.074686 0.073690 0.051529 0.072188 0.069366 0.059121 0.059904 0.065675 0.063287 
Document 92
0.065425 0.067114 0.079740 0.078586 0.054336 0.063526 0.059294 0.058991 0.088206 0.061016 0.059886 0.057340 0.065594 0.073416 0.067529 
0.013001 0.252800 0.611882 0.010217 0.010699 0.010277 0.010397 0.009338 0.010246 0.012173 0.013417 0.008763 0.007695 0.009438 0.009656 
0.005861 0.006012 0.005812 0.062501 0.062629 0.120846 0.006355 0.006270 0.004384 0.406417 0.005902 0.005030 0.005097 0.291499 0.005385 
Document 93
0.004723 0.004845 0.005756 0.121650 0.119899 0.004586 0.004280 0.004258 0.064356 0.062393 0.120300 0.004139 0.004735 0.469207 0.004875 
0.007052 0.006413 0.005119 0.005543 0.005804 0.005575 0.005640 0.266512 0.136281 0.006603 0.007278 0.266200 0.004174 0.266566 0.005238 
0.013688 0.014040 0.280668 0.145968 0.279816 0.015139 0.014841 0.014643 0.010240 0.147892 0.013784 0.011748 0.011904 0.013051 0.012576 
Document 94
0.007950 0.008155 0.009689 0.009549 0.006602 0.007719 0.007205 0.007168 0.010718 0.007414 0.007277 0.006967 0.007970 0.008921 0.886699 
0.005896 0.005362 0.004280 0.004634 0.004853 0.004661 0.004715 0.004235 0.004647 0.005521 0.006085 0.605083 0.003490 0.004281 0.332257 
0.486509 0.010024 0.009691 0.008868 0.009083 0.010809 0.010596 0.010455 0.007311 0.010242 0.105189 0.008388 0.008499 0.009318 0.295021 
Document 95
