Document 0
0.002681 0.002681 0.485255 0.002681 0.404826 0.002681 0.002681 0.002681 0.002681 0.002681 0.083110 0.002681 0.002681 
0.720930 0.023256 0.023256 0.023256 0.023256 0.023256 0.023256 0.023256 0.023256 0.023256 0.023256 0.023256 0.023256 
0.003953 0.478261 0.003953 0.003953 0.122530 0.003953 0.359684 0.003953 0.003953 0.003953 0.003953 0.003953 0.003953 
Document 1
0.076923 0.076923 0.076923 0.076923 0.076923 0.076923 0.076923 0.076923 0.076923 0.076923 0.076923 0.076923 0.076923 
0.076923 0.076923 0.076923 0.076923 0.076923 0.076923 0.076923 0.076923 0.076923 0.076923 0.076923 0.076923 0.076923 
0.937824 0.005181 0.005181 0.005181 0.005181 0.005181 0.005181 0.005181 0.005181 0.005181 0.005181 0.005181 0.005181 
Document 2
0.004484 0.004484 0.677130 0.004484 0.004484 0.004484 0.004484 0.004484 0.004484 0.004484 0.273543 0.004484 0.004484 
0.215548 0.215548 0.109541 0.003534 0.321555 0.003534 0.003534 0.003534 0.003534 0.003534 0.003534 0.003534 0.109541 
0.023256 0.023256 0.023256 0.023256 0.023256 0.023256 0.023256 0.023256 0.023256 0.720930 0.023256 0.023256 0.023256 
Document 3
0.003195 0.003195 0.194888 0.003195 0.003195 0.099042 0.003195 0.003195 0.674121 0.003195 0.003195 0.003195 0.003195 
0.004484 0.004484 0.004484 0.004484 0.004484 0.004484 0.004484 0.004484 0.946188 0.004484 0.004484 0.004484 0.004484 
0.005181 0.005181 0.005181 0.005181 0.005181 0.005181 0.937824 0.005181 0.005181 0.005181 0.005181 0.005181 0.005181 
Document 4
0.937824 0.005181 0.005181 0.005181 0.005181 0.005181 0.005181 0.005181 0.005181 0.005181 0.005181 0.005181 0.005181 
0.009709 0.009709 0.009709 0.009709 0.009709 0.009709 0.009709 0.009709 0.883495 0.009709 0.009709 0.009709 0.009709 
0.006135 0.006135 0.006135 0.006135 0.006135 0.006135 0.926380 0.006135 0.006135 0.006135 0.006135 0.006135 0.006135 
Document 5
0.883495 0.009709 0.009709 0.009709 0.009709 0.009709 0.009709 0.009709 0.009709 0.009709 0.009709 0.009709 0.009709 
0.001715 0.001715 0.104631 0.001715 0.001715 0.001715 0.361921 0.001715 0.001715 0.104631 0.001715 0.001715 0.413379 
0.002028 0.123732 0.002028 0.002028 0.002028 0.062880 0.427992 0.367140 0.002028 0.002028 0.002028 0.002028 0.002028 
Document 6
0.001715 0.001715 0.156089 0.001715 0.001715 0.001715 0.001715 0.053173 0.001715 0.001715 0.001715 0.001715 0.773585 
0.001311 0.001311 0.512451 0.001311 0.001311 0.001311 0.001311 0.001311 0.355177 0.001311 0.119266 0.001311 0.001311 
0.001715 0.156089 0.001715 0.413379 0.001715 0.001715 0.001715 0.001715 0.156089 0.001715 0.001715 0.001715 0.259005 
Document 7
0.005181 0.005181 0.005181 0.005181 0.005181 0.005181 0.005181 0.005181 0.005181 0.005181 0.005181 0.005181 0.937824 
0.076923 0.076923 0.076923 0.076923 0.076923 0.076923 0.076923 0.076923 0.076923 0.076923 0.076923 0.076923 0.076923 
0.007519 0.007519 0.007519 0.007519 0.007519 0.007519 0.007519 0.007519 0.007519 0.684211 0.007519 0.007519 0.233083 
Document 8
0.002915 0.002915 0.002915 0.002915 0.002915 0.002915 0.002915 0.965015 0.002915 0.002915 0.002915 0.002915 0.002915 
0.241107 0.003953 0.596838 0.003953 0.003953 0.003953 0.003953 0.003953 0.003953 0.122530 0.003953 0.003953 0.003953 
0.225806 0.002481 0.002481 0.002481 0.002481 0.151365 0.002481 0.002481 0.002481 0.598015 0.002481 0.002481 0.002481 
Document 9
0.053173 0.001715 0.001715 0.567753 0.001715 0.001715 0.001715 0.156089 0.001715 0.156089 0.001715 0.001715 0.053173 
0.007519 0.007519 0.007519 0.007519 0.007519 0.007519 0.007519 0.007519 0.007519 0.007519 0.909774 0.007519 0.007519 
0.050571 0.001631 0.197390 0.001631 0.001631 0.344209 0.393148 0.001631 0.001631 0.001631 0.001631 0.001631 0.001631 
Document 10
0.013699 0.835616 0.013699 0.013699 0.013699 0.013699 0.013699 0.013699 0.013699 0.013699 0.013699 0.013699 0.013699 
0.076923 0.076923 0.076923 0.076923 0.076923 0.076923 0.076923 0.076923 0.076923 0.076923 0.076923 0.076923 0.076923 
0.005181 0.005181 0.005181 0.005181 0.005181 0.005181 0.005181 0.005181 0.005181 0.005181 0.005181 0.005181 0.937824 
Document 11
0.009709 0.009709 0.009709 0.009709 0.009709 0.300971 0.592233 0.009709 0.009709 0.009709 0.009709 0.009709 0.009709 
0.023256 0.023256 0.023256 0.023256 0.023256 0.023256 0.023256 0.023256 0.023256 0.023256 0.720930 0.023256 0.023256 
0.002915 0.002915 0.002915 0.002915 0.177843 0.002915 0.090379 0.002915 0.002915 0.002915 0.002915 0.002915 0.702624 
Document 12
0.005181 0.005181 0.005181 0.005181 0.005181 0.005181 0.005181 0.005181 0.005181 0.005181 0.471503 0.005181 0.471503 
0.076923 0.076923 0.076923 0.076923 0.076923 0.076923 0.076923 0.076923 0.076923 0.076923 0.076923 0.076923 0.076923 
0.006135 0.006135 0.006135 0.006135 0.374233 0.374233 0.006135 0.006135 0.006135 0.006135 0.006135 0.006135 0.190184 
Document 13
0.324397 0.002681 0.002681 0.002681 0.002681 0.002681 0.243968 0.002681 0.163539 0.002681 0.002681 0.002681 0.243968 
0.004484 0.004484 0.004484 0.004484 0.273543 0.004484 0.677130 0.004484 0.004484 0.004484 0.004484 0.004484 0.004484 
0.003195 0.099042 0.003195 0.003195 0.290735 0.003195 0.003195 0.003195 0.099042 0.194888 0.003195 0.003195 0.290735 
Document 14
0.003534 0.003534 0.003534 0.003534 0.003534 0.003534 0.427562 0.003534 0.533569 0.003534 0.003534 0.003534 0.003534 
0.013699 0.013699 0.013699 0.013699 0.013699 0.013699 0.013699 0.835616 0.013699 0.013699 0.013699 0.013699 0.013699 
0.835616 0.013699 0.013699 0.013699 0.013699 0.013699 0.013699 0.013699 0.013699 0.013699 0.013699 0.013699 0.013699 
Document 15
0.004484 0.004484 0.004484 0.004484 0.004484 0.004484 0.004484 0.004484 0.542601 0.004484 0.004484 0.408072 0.004484 
0.835616 0.013699 0.013699 0.013699 0.013699 0.013699 0.013699 0.013699 0.013699 0.013699 0.013699 0.013699 0.013699 
0.009709 0.009709 0.009709 0.009709 0.009709 0.009709 0.300971 0.009709 0.009709 0.592233 0.009709 0.009709 0.009709 
Document 16
0.076923 0.076923 0.076923 0.076923 0.076923 0.076923 0.076923 0.076923 0.076923 0.076923 0.076923 0.076923 0.076923 
0.002915 0.002915 0.002915 0.002915 0.002915 0.002915 0.002915 0.702624 0.002915 0.002915 0.265306 0.002915 0.002915 
0.002915 0.002915 0.090379 0.002915 0.002915 0.352770 0.002915 0.002915 0.002915 0.527697 0.002915 0.002915 0.002915 
Document 17
0.023256 0.023256 0.023256 0.023256 0.023256 0.023256 0.720930 0.023256 0.023256 0.023256 0.023256 0.023256 0.023256 
0.023256 0.023256 0.023256 0.720930 0.023256 0.023256 0.023256 0.023256 0.023256 0.023256 0.023256 0.023256 0.023256 
0.003953 0.003953 0.833992 0.003953 0.003953 0.003953 0.003953 0.122530 0.003953 0.003953 0.003953 0.003953 0.003953 
Document 18
0.006135 0.006135 0.006135 0.006135 0.006135 0.926380 0.006135 0.006135 0.006135 0.006135 0.006135 0.006135 0.006135 
0.003953 0.003953 0.003953 0.122530 0.003953 0.003953 0.003953 0.833992 0.003953 0.003953 0.003953 0.003953 0.003953 
0.003953 0.003953 0.241107 0.003953 0.003953 0.241107 0.359684 0.003953 0.003953 0.003953 0.122530 0.003953 0.003953 
Document 19
0.007519 0.007519 0.007519 0.007519 0.007519 0.007519 0.007519 0.007519 0.007519 0.007519 0.007519 0.233083 0.684211 
0.076923 0.076923 0.076923 0.076923 0.076923 0.076923 0.076923 0.076923 0.076923 0.076923 0.076923 0.076923 0.076923 
0.003195 0.003195 0.003195 0.003195 0.003195 0.194888 0.003195 0.003195 0.003195 0.003195 0.099042 0.674121 0.003195 
Document 20
0.004484 0.004484 0.004484 0.004484 0.004484 0.004484 0.004484 0.946188 0.004484 0.004484 0.004484 0.004484 0.004484 
0.001172 0.001172 0.036342 0.001172 0.247362 0.001172 0.001172 0.458382 0.247362 0.001172 0.001172 0.001172 0.001172 
0.001555 0.001555 0.374806 0.001555 0.001555 0.001555 0.048212 0.234837 0.001555 0.001555 0.001555 0.328149 0.001555 
Document 21
0.009709 0.009709 0.009709 0.883495 0.009709 0.009709 0.009709 0.009709 0.009709 0.009709 0.009709 0.009709 0.009709 
0.007519 0.007519 0.007519 0.684211 0.007519 0.007519 0.007519 0.007519 0.007519 0.233083 0.007519 0.007519 0.007519 
0.023256 0.023256 0.023256 0.023256 0.023256 0.023256 0.023256 0.023256 0.023256 0.720930 0.023256 0.023256 0.023256 
Document 22
0.002160 0.002160 0.196544 0.261339 0.002160 0.002160 0.390929 0.002160 0.002160 0.002160 0.002160 0.002160 0.131749 
0.321555 0.003534 0.533569 0.003534 0.003534 0.003534 0.003534 0.003534 0.003534 0.003534 0.003534 0.109541 0.003534 
0.306288 0.062880 0.002028 0.002028 0.002028 0.002028 0.123732 0.002028 0.002028 0.002028 0.002028 0.062880 0.427992 
Document 23
0.002481 0.002481 0.225806 0.002481 0.002481 0.151365 0.002481 0.002481 0.002481 0.002481 0.002481 0.002481 0.598015 
0.006135 0.190184 0.006135 0.006135 0.006135 0.006135 0.006135 0.006135 0.006135 0.742331 0.006135 0.006135 0.006135 
0.002481 0.002481 0.002481 0.002481 0.002481 0.002481 0.002481 0.002481 0.002481 0.002481 0.002481 0.374690 0.598015 
Document 24
0.002160 0.002160 0.002160 0.002160 0.002160 0.002160 0.002160 0.002160 0.002160 0.455724 0.390929 0.131749 0.002160 
0.236449 0.000786 0.283582 0.165750 0.118617 0.000786 0.000786 0.000786 0.189317 0.000786 0.000786 0.000786 0.000786 
0.002481 0.002481 0.523573 0.002481 0.002481 0.002481 0.002481 0.002481 0.002481 0.449132 0.002481 0.002481 0.002481 
Document 25
0.076923 0.076923 0.076923 0.076923 0.076923 0.076923 0.076923 0.076923 0.076923 0.076923 0.076923 0.076923 0.076923 
0.542601 0.004484 0.408072 0.004484 0.004484 0.004484 0.004484 0.004484 0.004484 0.004484 0.004484 0.004484 0.004484 
0.883495 0.009709 0.009709 0.009709 0.009709 0.009709 0.009709 0.009709 0.009709 0.009709 0.009709 0.009709 0.009709 
Document 26
0.005181 0.471503 0.005181 0.005181 0.005181 0.005181 0.005181 0.160622 0.316062 0.005181 0.005181 0.005181 0.005181 
0.003953 0.003953 0.122530 0.122530 0.003953 0.003953 0.003953 0.003953 0.715415 0.003953 0.003953 0.003953 0.003953 
0.007519 0.007519 0.007519 0.007519 0.007519 0.007519 0.007519 0.007519 0.007519 0.684211 0.007519 0.007519 0.233083 
Document 27
0.076923 0.076923 0.076923 0.076923 0.076923 0.076923 0.076923 0.076923 0.076923 0.076923 0.076923 0.076923 0.076923 
0.109541 0.003534 0.003534 0.321555 0.003534 0.003534 0.003534 0.003534 0.003534 0.003534 0.003534 0.533569 0.003534 
0.478261 0.003953 0.003953 0.003953 0.003953 0.003953 0.003953 0.003953 0.003953 0.478261 0.003953 0.003953 0.003953 
Document 28
0.006135 0.006135 0.006135 0.006135 0.006135 0.742331 0.006135 0.006135 0.190184 0.006135 0.006135 0.006135 0.006135 
0.009709 0.009709 0.009709 0.009709 0.009709 0.009709 0.009709 0.300971 0.009709 0.009709 0.592233 0.009709 0.009709 
0.003534 0.003534 0.003534 0.321555 0.003534 0.003534 0.003534 0.003534 0.003534 0.003534 0.639576 0.003534 0.003534 
Document 29
0.160622 0.005181 0.005181 0.005181 0.005181 0.005181 0.005181 0.005181 0.005181 0.626943 0.005181 0.005181 0.160622 
0.002915 0.002915 0.002915 0.002915 0.002915 0.352770 0.002915 0.002915 0.002915 0.002915 0.002915 0.002915 0.615160 
0.004484 0.004484 0.004484 0.004484 0.677130 0.004484 0.139013 0.004484 0.004484 0.004484 0.004484 0.004484 0.139013 
Document 30
0.009709 0.009709 0.009709 0.009709 0.009709 0.883495 0.009709 0.009709 0.009709 0.009709 0.009709 0.009709 0.009709 
0.002309 0.002309 0.002309 0.002309 0.002309 0.140878 0.002309 0.002309 0.695150 0.002309 0.002309 0.002309 0.140878 
0.001631 0.001631 0.001631 0.295269 0.001631 0.442088 0.001631 0.001631 0.001631 0.001631 0.001631 0.099511 0.148450 
Document 31
0.003953 0.003953 0.003953 0.003953 0.003953 0.003953 0.003953 0.596838 0.003953 0.359684 0.003953 0.003953 0.003953 
0.005181 0.005181 0.005181 0.005181 0.005181 0.005181 0.626943 0.005181 0.005181 0.005181 0.316062 0.005181 0.005181 
0.003195 0.099042 0.003195 0.003195 0.003195 0.003195 0.003195 0.674121 0.194888 0.003195 0.003195 0.003195 0.003195 
Document 32
0.023256 0.023256 0.023256 0.023256 0.023256 0.023256 0.023256 0.023256 0.023256 0.720930 0.023256 0.023256 0.023256 
0.076923 0.076923 0.076923 0.076923 0.076923 0.076923 0.076923 0.076923 0.076923 0.076923 0.076923 0.076923 0.076923 
0.005181 0.005181 0.005181 0.005181 0.316062 0.005181 0.005181 0.005181 0.005181 0.005181 0.005181 0.005181 0.626943 
Document 33
0.002160 0.002160 0.002160 0.002160 0.002160 0.002160 0.131749 0.002160 0.002160 0.002160 0.196544 0.131749 0.520518 
0.001364 0.001364 0.246930 0.001364 0.001364 0.001364 0.001364 0.001364 0.738063 0.001364 0.001364 0.001364 0.001364 
0.003195 0.003195 0.003195 0.482428 0.290735 0.003195 0.003195 0.003195 0.003195 0.003195 0.003195 0.194888 0.003195 
Document 34
0.002481 0.002481 0.002481 0.002481 0.002481 0.002481 0.002481 0.523573 0.374690 0.076923 0.002481 0.002481 0.002481 
0.369714 0.001364 0.001364 0.001364 0.001364 0.001364 0.001364 0.001364 0.206003 0.001364 0.001364 0.001364 0.410641 
0.005181 0.005181 0.005181 0.005181 0.005181 0.005181 0.937824 0.005181 0.005181 0.005181 0.005181 0.005181 0.005181 
Document 35
0.001555 0.001555 0.001555 0.001555 0.001555 0.094868 0.374806 0.001555 0.001555 0.421462 0.001555 0.001555 0.094868 
0.013699 0.013699 0.013699 0.424658 0.013699 0.013699 0.013699 0.013699 0.424658 0.013699 0.013699 0.013699 0.013699 
0.196544 0.002160 0.002160 0.002160 0.002160 0.002160 0.002160 0.002160 0.002160 0.131749 0.002160 0.326134 0.326134 
Document 36
0.006135 0.006135 0.006135 0.006135 0.006135 0.006135 0.006135 0.006135 0.006135 0.006135 0.926380 0.006135 0.006135 
0.003953 0.003953 0.003953 0.003953 0.596838 0.003953 0.003953 0.359684 0.003953 0.003953 0.003953 0.003953 0.003953 
0.004484 0.004484 0.004484 0.004484 0.004484 0.004484 0.004484 0.004484 0.004484 0.946188 0.004484 0.004484 0.004484 
Document 37
0.002309 0.140878 0.625866 0.002309 0.002309 0.002309 0.002309 0.210162 0.002309 0.002309 0.002309 0.002309 0.002309 
0.188180 0.001555 0.374806 0.141524 0.001555 0.001555 0.001555 0.234837 0.001555 0.001555 0.048212 0.001555 0.001555 
0.002309 0.002309 0.210162 0.002309 0.348730 0.002309 0.002309 0.002309 0.002309 0.002309 0.002309 0.002309 0.418014 
Document 38
0.001095 0.001095 0.132530 0.001095 0.001095 0.001095 0.001095 0.001095 0.526835 0.001095 0.001095 0.001095 0.329682 
0.000561 0.000561 0.000561 0.000561 0.000561 0.135165 0.101514 0.185642 0.236119 0.000561 0.000561 0.067863 0.269770 
0.005181 0.005181 0.005181 0.005181 0.316062 0.160622 0.005181 0.005181 0.005181 0.471503 0.005181 0.005181 0.005181 
Document 39
0.007519 0.007519 0.007519 0.007519 0.007519 0.909774 0.007519 0.007519 0.007519 0.007519 0.007519 0.007519 0.007519 
0.003953 0.003953 0.003953 0.003953 0.003953 0.003953 0.003953 0.952569 0.003953 0.003953 0.003953 0.003953 0.003953 
0.013699 0.013699 0.013699 0.013699 0.013699 0.013699 0.013699 0.013699 0.013699 0.013699 0.013699 0.013699 0.835616 
Document 40
0.000890 0.000890 0.107747 0.000890 0.000890 0.000890 0.161175 0.107747 0.027605 0.321460 0.000890 0.268032 0.000890 
0.003195 0.003195 0.003195 0.386581 0.003195 0.003195 0.003195 0.003195 0.003195 0.003195 0.003195 0.578275 0.003195 
0.009709 0.009709 0.009709 0.009709 0.883495 0.009709 0.009709 0.009709 0.009709 0.009709 0.009709 0.009709 0.009709 
Document 41
0.002681 0.002681 0.002681 0.002681 0.002681 0.002681 0.002681 0.002681 0.002681 0.485255 0.324397 0.002681 0.163539 
0.003953 0.003953 0.003953 0.596838 0.003953 0.003953 0.003953 0.003953 0.003953 0.003953 0.359684 0.003953 0.003953 
0.007519 0.007519 0.007519 0.007519 0.007519 0.909774 0.007519 0.007519 0.007519 0.007519 0.007519 0.007519 0.007519 
Document 42
0.003534 0.003534 0.003534 0.003534 0.003534 0.003534 0.003534 0.003534 0.003534 0.639576 0.003534 0.003534 0.321555 
0.009709 0.009709 0.009709 0.009709 0.009709 0.009709 0.300971 0.009709 0.009709 0.009709 0.592233 0.009709 0.009709 
0.023256 0.720930 0.023256 0.023256 0.023256 0.023256 0.023256 0.023256 0.023256 0.023256 0.023256 0.023256 0.023256 
Document 43
0.003534 0.003534 0.003534 0.003534 0.003534 0.003534 0.003534 0.109541 0.003534 0.533569 0.003534 0.003534 0.321555 
0.076923 0.076923 0.076923 0.076923 0.076923 0.076923 0.076923 0.076923 0.076923 0.076923 0.076923 0.076923 0.076923 
0.007519 0.007519 0.007519 0.233083 0.007519 0.007519 0.684211 0.007519 0.007519 0.007519 0.007519 0.007519 0.007519 
Document 44
0.023256 0.023256 0.023256 0.023256 0.720930 0.023256 0.023256 0.023256 0.023256 0.023256 0.023256 0.023256 0.023256 
0.006135 0.006135 0.006135 0.006135 0.926380 0.006135 0.006135 0.006135 0.006135 0.006135 0.006135 0.006135 0.006135 
0.076923 0.076923 0.076923 0.076923 0.076923 0.076923 0.076923 0.076923 0.076923 0.076923 0.076923 0.076923 0.076923 
Document 45
0.006135 0.190184 0.006135 0.742331 0.006135 0.006135 0.006135 0.006135 0.006135 0.006135 0.006135 0.006135 0.006135 
0.122530 0.003953 0.003953 0.003953 0.003953 0.003953 0.003953 0.359684 0.003953 0.003953 0.003953 0.478261 0.003953 
0.023256 0.023256 0.023256 0.023256 0.023256 0.023256 0.023256 0.023256 0.023256 0.023256 0.720930 0.023256 0.023256 
Document 46
0.006135 0.006135 0.006135 0.006135 0.006135 0.006135 0.006135 0.006135 0.006135 0.006135 0.006135 0.006135 0.926380 
0.076923 0.076923 0.076923 0.076923 0.076923 0.076923 0.076923 0.076923 0.076923 0.076923 0.076923 0.076923 0.076923 
0.007519 0.007519 0.684211 0.007519 0.007519 0.007519 0.007519 0.007519 0.007519 0.233083 0.007519 0.007519 0.007519 
Document 47
0.002915 0.002915 0.002915 0.002915 0.877551 0.002915 0.002915 0.002915 0.002915 0.090379 0.002915 0.002915 0.002915 
0.004484 0.004484 0.004484 0.004484 0.004484 0.004484 0.004484 0.004484 0.004484 0.004484 0.004484 0.946188 0.004484 
0.007519 0.007519 0.007519 0.007519 0.007519 0.233083 0.458647 0.007519 0.007519 0.233083 0.007519 0.007519 0.007519 
Document 48
0.005181 0.005181 0.005181 0.005181 0.005181 0.005181 0.005181 0.316062 0.005181 0.005181 0.316062 0.005181 0.316062 
0.009709 0.009709 0.009709 0.883495 0.009709 0.009709 0.009709 0.009709 0.009709 0.009709 0.009709 0.009709 0.009709 
0.003534 0.003534 0.957597 0.003534 0.003534 0.003534 0.003534 0.003534 0.003534 0.003534 0.003534 0.003534 0.003534 
Document 49
0.002028 0.002028 0.002028 0.002028 0.002028 0.002028 0.002028 0.002028 0.367140 0.002028 0.002028 0.002028 0.610548 
0.003953 0.003953 0.122530 0.003953 0.003953 0.003953 0.003953 0.003953 0.241107 0.003953 0.003953 0.596838 0.003953 
0.006135 0.742331 0.006135 0.006135 0.190184 0.006135 0.006135 0.006135 0.006135 0.006135 0.006135 0.006135 0.006135 
Document 50
0.003953 0.833992 0.003953 0.003953 0.003953 0.003953 0.003953 0.003953 0.003953 0.003953 0.003953 0.122530 0.003953 
0.361921 0.001715 0.207547 0.001715 0.001715 0.001715 0.001715 0.001715 0.001715 0.001715 0.001715 0.001715 0.413379 
0.076923 0.076923 0.076923 0.076923 0.076923 0.076923 0.076923 0.076923 0.076923 0.076923 0.076923 0.076923 0.076923 
Document 51
0.005181 0.005181 0.160622 0.005181 0.005181 0.160622 0.005181 0.005181 0.160622 0.005181 0.005181 0.471503 0.005181 
0.009709 0.009709 0.009709 0.009709 0.009709 0.009709 0.009709 0.009709 0.009709 0.009709 0.009709 0.009709 0.883495 
0.009709 0.009709 0.009709 0.009709 0.883495 0.009709 0.009709 0.009709 0.009709 0.009709 0.009709 0.009709 0.009709 
Document 52
0.001095 0.001095 0.263965 0.001095 0.001095 0.001095 0.001095 0.001095 0.066813 0.001095 0.198248 0.001095 0.461117 
0.001172 0.001172 0.036342 0.001172 0.599062 0.001172 0.071512 0.001172 0.177022 0.001172 0.001172 0.001172 0.106682 
0.002160 0.002160 0.002160 0.196544 0.002160 0.261339 0.002160 0.196544 0.066955 0.002160 0.002160 0.002160 0.261339 
Document 53
0.076923 0.076923 0.076923 0.076923 0.076923 0.076923 0.076923 0.076923 0.076923 0.076923 0.076923 0.076923 0.076923 
0.076923 0.076923 0.076923 0.076923 0.076923 0.076923 0.076923 0.076923 0.076923 0.076923 0.076923 0.076923 0.076923 
0.009709 0.009709 0.009709 0.300971 0.009709 0.009709 0.009709 0.009709 0.009709 0.009709 0.592233 0.009709 0.009709 
Document 54
0.002028 0.002028 0.002028 0.002028 0.002028 0.062880 0.002028 0.002028 0.732252 0.002028 0.002028 0.184584 0.002028 
0.001422 0.001422 0.300142 0.001422 0.001422 0.001422 0.001422 0.001422 0.001422 0.001422 0.172119 0.001422 0.513514 
0.002028 0.002028 0.062880 0.062880 0.002028 0.002028 0.002028 0.002028 0.184584 0.427992 0.002028 0.002028 0.245436 
Document 55
0.076923 0.076923 0.076923 0.076923 0.076923 0.076923 0.076923 0.076923 0.076923 0.076923 0.076923 0.076923 0.076923 
0.023256 0.023256 0.023256 0.023256 0.023256 0.023256 0.720930 0.023256 0.023256 0.023256 0.023256 0.023256 0.023256 
0.002309 0.002309 0.764434 0.002309 0.002309 0.002309 0.002309 0.002309 0.002309 0.210162 0.002309 0.002309 0.002309 
Document 56
0.007519 0.007519 0.007519 0.007519 0.007519 0.007519 0.007519 0.007519 0.007519 0.007519 0.007519 0.007519 0.909774 
0.007519 0.007519 0.007519 0.007519 0.007519 0.007519 0.007519 0.007519 0.233083 0.007519 0.007519 0.684211 0.007519 
0.003534 0.003534 0.003534 0.215548 0.003534 0.003534 0.003534 0.109541 0.533569 0.003534 0.003534 0.109541 0.003534 
Document 57
0.013699 0.013699 0.013699 0.013699 0.013699 0.013699 0.424658 0.013699 0.424658 0.013699 0.013699 0.013699 0.013699 
0.004484 0.139013 0.004484 0.004484 0.004484 0.139013 0.004484 0.004484 0.139013 0.542601 0.004484 0.004484 0.004484 
0.009709 0.009709 0.009709 0.009709 0.009709 0.009709 0.009709 0.009709 0.300971 0.009709 0.009709 0.592233 0.009709 
Document 58
0.013699 0.013699 0.835616 0.013699 0.013699 0.013699 0.013699 0.013699 0.013699 0.013699 0.013699 0.013699 0.013699 
0.001364 0.001364 0.287858 0.001364 0.001364 0.001364 0.328786 0.001364 0.001364 0.001364 0.206003 0.165075 0.001364 
0.076923 0.076923 0.076923 0.076923 0.076923 0.076923 0.076923 0.076923 0.076923 0.076923 0.076923 0.076923 0.076923 
Document 59
0.007519 0.007519 0.007519 0.007519 0.007519 0.007519 0.007519 0.007519 0.007519 0.007519 0.458647 0.007519 0.458647 
0.194888 0.003195 0.386581 0.003195 0.003195 0.386581 0.003195 0.003195 0.003195 0.003195 0.003195 0.003195 0.003195 
0.003195 0.194888 0.003195 0.099042 0.194888 0.003195 0.003195 0.003195 0.003195 0.003195 0.003195 0.482428 0.003195 
Document 60
0.002915 0.002915 0.002915 0.002915 0.002915 0.265306 0.002915 0.177843 0.090379 0.440233 0.002915 0.002915 0.002915 
0.076923 0.076923 0.076923 0.076923 0.076923 0.076923 0.076923 0.076923 0.076923 0.076923 0.076923 0.076923 0.076923 
0.002915 0.002915 0.002915 0.002915 0.177843 0.002915 0.002915 0.002915 0.790087 0.002915 0.002915 0.002915 0.002915 
Document 61
0.009709 0.009709 0.009709 0.009709 0.009709 0.009709 0.009709 0.009709 0.009709 0.009709 0.009709 0.883495 0.009709 
0.316062 0.005181 0.005181 0.005181 0.005181 0.005181 0.005181 0.626943 0.005181 0.005181 0.005181 0.005181 0.005181 
0.424658 0.013699 0.013699 0.013699 0.424658 0.013699 0.013699 0.013699 0.013699 0.013699 0.013699 0.013699 0.013699 
Document 62
0.002028 0.002028 0.002028 0.002028 0.002028 0.002028 0.002028 0.306288 0.002028 0.002028 0.002028 0.549696 0.123732 
0.007519 0.007519 0.007519 0.007519 0.458647 0.007519 0.007519 0.007519 0.007519 0.007519 0.458647 0.007519 0.007519 
0.009709 0.009709 0.009709 0.009709 0.009709 0.009709 0.009709 0.009709 0.009709 0.009709 0.009709 0.009709 0.883495 
Document 63
0.023256 0.023256 0.720930 0.023256 0.023256 0.023256 0.023256 0.023256 0.023256 0.023256 0.023256 0.023256 0.023256 
0.002160 0.002160 0.002160 0.002160 0.002160 0.002160 0.002160 0.131749 0.326134 0.002160 0.002160 0.520518 0.002160 
0.109541 0.003534 0.003534 0.003534 0.003534 0.003534 0.003534 0.851590 0.003534 0.003534 0.003534 0.003534 0.003534 
Document 64
0.471503 0.005181 0.316062 0.005181 0.005181 0.005181 0.005181 0.005181 0.005181 0.005181 0.005181 0.160622 0.005181 
0.001912 0.001912 0.001912 0.116635 0.001912 0.001912 0.001912 0.116635 0.001912 0.001912 0.001912 0.747610 0.001912 
0.002915 0.002915 0.702624 0.002915 0.002915 0.002915 0.177843 0.002915 0.002915 0.090379 0.002915 0.002915 0.002915 
Document 65
0.076923 0.076923 0.076923 0.076923 0.076923 0.076923 0.076923 0.076923 0.076923 0.076923 0.076923 0.076923 0.076923 
0.005181 0.005181 0.005181 0.005181 0.160622 0.005181 0.005181 0.005181 0.160622 0.005181 0.160622 0.471503 0.005181 
0.005181 0.005181 0.005181 0.005181 0.005181 0.005181 0.005181 0.005181 0.005181 0.005181 0.005181 0.316062 0.626943 
Document 66
0.578275 0.003195 0.290735 0.003195 0.003195 0.099042 0.003195 0.003195 0.003195 0.003195 0.003195 0.003195 0.003195 
0.835616 0.013699 0.013699 0.013699 0.013699 0.013699 0.013699 0.013699 0.013699 0.013699 0.013699 0.013699 0.013699 
0.177843 0.002915 0.002915 0.090379 0.265306 0.002915 0.002915 0.002915 0.002915 0.090379 0.177843 0.002915 0.177843 
Document 67
0.002681 0.002681 0.404826 0.002681 0.002681 0.002681 0.324397 0.002681 0.002681 0.002681 0.002681 0.243968 0.002681 
0.471503 0.005181 0.005181 0.005181 0.005181 0.005181 0.005181 0.471503 0.005181 0.005181 0.005181 0.005181 0.005181 
0.006135 0.006135 0.374233 0.006135 0.006135 0.006135 0.006135 0.006135 0.190184 0.006135 0.006135 0.006135 0.374233 
Document 68
0.007519 0.007519 0.458647 0.007519 0.007519 0.007519 0.007519 0.007519 0.007519 0.007519 0.007519 0.458647 0.007519 
0.003953 0.003953 0.003953 0.003953 0.003953 0.003953 0.003953 0.003953 0.003953 0.003953 0.478261 0.003953 0.478261 
0.002028 0.002028 0.549696 0.427992 0.002028 0.002028 0.002028 0.002028 0.002028 0.002028 0.002028 0.002028 0.002028 
Document 69
0.004484 0.004484 0.004484 0.004484 0.004484 0.004484 0.004484 0.139013 0.542601 0.273543 0.004484 0.004484 0.004484 
0.374233 0.558282 0.006135 0.006135 0.006135 0.006135 0.006135 0.006135 0.006135 0.006135 0.006135 0.006135 0.006135 
0.471503 0.005181 0.005181 0.005181 0.005181 0.005181 0.005181 0.160622 0.316062 0.005181 0.005181 0.005181 0.005181 
Document 70
0.006135 0.006135 0.742331 0.006135 0.006135 0.006135 0.006135 0.006135 0.006135 0.006135 0.006135 0.006135 0.190184 
0.002915 0.002915 0.002915 0.002915 0.002915 0.002915 0.177843 0.002915 0.002915 0.002915 0.177843 0.090379 0.527697 
0.001133 0.001133 0.001133 0.001133 0.001133 0.001133 0.001133 0.001133 0.069083 0.306908 0.001133 0.238958 0.374858 
Document 71
0.002681 0.002681 0.806971 0.002681 0.083110 0.002681 0.002681 0.083110 0.002681 0.002681 0.002681 0.002681 0.002681 
0.002681 0.002681 0.002681 0.243968 0.002681 0.083110 0.002681 0.002681 0.646113 0.002681 0.002681 0.002681 0.002681 
0.007519 0.007519 0.007519 0.007519 0.007519 0.458647 0.007519 0.007519 0.007519 0.007519 0.007519 0.233083 0.233083 
Document 72
0.004484 0.004484 0.004484 0.004484 0.004484 0.542601 0.004484 0.004484 0.004484 0.004484 0.004484 0.408072 0.004484 
0.009709 0.009709 0.009709 0.009709 0.009709 0.883495 0.009709 0.009709 0.009709 0.009709 0.009709 0.009709 0.009709 
0.265306 0.002915 0.702624 0.002915 0.002915 0.002915 0.002915 0.002915 0.002915 0.002915 0.002915 0.002915 0.002915 
Document 73
0.005181 0.005181 0.160622 0.005181 0.005181 0.005181 0.005181 0.005181 0.005181 0.005181 0.782383 0.005181 0.005181 
0.233083 0.007519 0.007519 0.007519 0.007519 0.007519 0.007519 0.007519 0.007519 0.007519 0.007519 0.684211 0.007519 
0.076923 0.076923 0.076923 0.076923 0.076923 0.076923 0.076923 0.076923 0.076923 0.076923 0.076923 0.076923 0.076923 
Document 74
0.023256 0.023256 0.023256 0.720930 0.023256 0.023256 0.023256 0.023256 0.023256 0.023256 0.023256 0.023256 0.023256 
0.002309 0.002309 0.487298 0.002309 0.210162 0.002309 0.279446 0.002309 0.002309 0.002309 0.002309 0.002309 0.002309 
0.009709 0.009709 0.009709 0.009709 0.009709 0.009709 0.009709 0.009709 0.009709 0.883495 0.009709 0.009709 0.009709 
Document 75
0.002160 0.002160 0.002160 0.002160 0.002160 0.002160 0.002160 0.002160 0.066955 0.650108 0.002160 0.261339 0.002160 
0.001422 0.001422 0.214794 0.001422 0.556188 0.001422 0.214794 0.001422 0.001422 0.001422 0.001422 0.001422 0.001422 
0.002309 0.002309 0.002309 0.071594 0.002309 0.002309 0.140878 0.002309 0.002309 0.002309 0.002309 0.348730 0.418014 
Document 76
0.007519 0.684211 0.007519 0.007519 0.007519 0.007519 0.007519 0.007519 0.007519 0.007519 0.007519 0.007519 0.233083 
0.005181 0.005181 0.005181 0.005181 0.005181 0.005181 0.005181 0.005181 0.626943 0.005181 0.005181 0.005181 0.316062 
0.937824 0.005181 0.005181 0.005181 0.005181 0.005181 0.005181 0.005181 0.005181 0.005181 0.005181 0.005181 0.005181 
Document 77
0.076923 0.076923 0.076923 0.076923 0.076923 0.076923 0.076923 0.076923 0.076923 0.076923 0.076923 0.076923 0.076923 
0.007519 0.007519 0.007519 0.007519 0.458647 0.007519 0.007519 0.007519 0.458647 0.007519 0.007519 0.007519 0.007519 
0.007519 0.007519 0.909774 0.007519 0.007519 0.007519 0.007519 0.007519 0.007519 0.007519 0.007519 0.007519 0.007519 
Document 78
0.009709 0.009709 0.009709 0.009709 0.009709 0.009709 0.009709 0.009709 0.883495 0.009709 0.009709 0.009709 0.009709 
0.007519 0.007519 0.007519 0.007519 0.007519 0.007519 0.007519 0.007519 0.007519 0.909774 0.007519 0.007519 0.007519 
0.835616 0.013699 0.013699 0.013699 0.013699 0.013699 0.013699 0.013699 0.013699 0.013699 0.013699 0.013699 0.013699 
Document 79
0.090379 0.002915 0.002915 0.002915 0.002915 0.177843 0.352770 0.002915 0.002915 0.352770 0.002915 0.002915 0.002915 
0.226717 0.000941 0.000941 0.000941 0.000941 0.000941 0.254939 0.311383 0.000941 0.000941 0.198495 0.000941 0.000941 
0.003195 0.003195 0.003195 0.003195 0.003195 0.003195 0.003195 0.003195 0.003195 0.003195 0.003195 0.961661 0.003195 
Document 80
0.013699 0.013699 0.013699 0.424658 0.013699 0.424658 0.013699 0.013699 0.013699 0.013699 0.013699 0.013699 0.013699 
0.007519 0.007519 0.007519 0.007519 0.007519 0.007519 0.909774 0.007519 0.007519 0.007519 0.007519 0.007519 0.007519 
0.300971 0.009709 0.009709 0.009709 0.009709 0.009709 0.009709 0.009709 0.009709 0.009709 0.592233 0.009709 0.009709 
Document 81
0.909774 0.007519 0.007519 0.007519 0.007519 0.007519 0.007519 0.007519 0.007519 0.007519 0.007519 0.007519 0.007519 
0.013699 0.013699 0.013699 0.013699 0.013699 0.013699 0.013699 0.013699 0.013699 0.013699 0.835616 0.013699 0.013699 
0.076923 0.076923 0.076923 0.076923 0.076923 0.076923 0.076923 0.076923 0.076923 0.076923 0.076923 0.076923 0.076923 
Document 82
0.007519 0.007519 0.233083 0.007519 0.007519 0.007519 0.007519 0.007519 0.007519 0.007519 0.233083 0.007519 0.458647 
0.427562 0.003534 0.003534 0.003534 0.003534 0.003534 0.427562 0.003534 0.003534 0.003534 0.003534 0.109541 0.003534 
0.004484 0.004484 0.004484 0.004484 0.004484 0.004484 0.273543 0.004484 0.677130 0.004484 0.004484 0.004484 0.004484 
Document 83
0.003534 0.003534 0.851590 0.003534 0.003534 0.109541 0.003534 0.003534 0.003534 0.003534 0.003534 0.003534 0.003534 
0.909774 0.007519 0.007519 0.007519 0.007519 0.007519 0.007519 0.007519 0.007519 0.007519 0.007519 0.007519 0.007519 
0.002481 0.002481 0.002481 0.002481 0.225806 0.002481 0.374690 0.002481 0.374690 0.002481 0.002481 0.002481 0.002481 
Document 84
0.007519 0.007519 0.007519 0.007519 0.007519 0.007519 0.007519 0.007519 0.909774 0.007519 0.007519 0.007519 0.007519 
0.003953 0.003953 0.003953 0.003953 0.003953 0.003953 0.359684 0.003953 0.003953 0.003953 0.003953 0.003953 0.596838 
0.005181 0.005181 0.005181 0.005181 0.005181 0.005181 0.005181 0.626943 0.005181 0.005181 0.316062 0.005181 0.005181 
Document 85
0.196544 0.002160 0.002160 0.520518 0.002160 0.066955 0.002160 0.002160 0.196544 0.002160 0.002160 0.002160 0.002160 
0.003953 0.003953 0.122530 0.003953 0.003953 0.122530 0.003953 0.003953 0.003953 0.003953 0.003953 0.715415 0.003953 
0.003953 0.003953 0.003953 0.596838 0.003953 0.003953 0.359684 0.003953 0.003953 0.003953 0.003953 0.003953 0.003953 
Document 86
0.002309 0.002309 0.002309 0.002309 0.418014 0.348730 0.002309 0.002309 0.002309 0.002309 0.002309 0.140878 0.071594 
0.004484 0.004484 0.004484 0.004484 0.004484 0.004484 0.004484 0.004484 0.139013 0.004484 0.004484 0.004484 0.811659 
0.023256 0.023256 0.720930 0.023256 0.023256 0.023256 0.023256 0.023256 0.023256 0.023256 0.023256 0.023256 0.023256 
Document 87
0.002681 0.002681 0.083110 0.083110 0.002681 0.083110 0.002681 0.002681 0.243968 0.002681 0.002681 0.002681 0.485255 
0.076923 0.076923 0.076923 0.076923 0.076923 0.076923 0.076923 0.076923 0.076923 0.076923 0.076923 0.076923 0.076923 
0.482428 0.003195 0.003195 0.003195 0.003195 0.194888 0.194888 0.099042 0.003195 0.003195 0.003195 0.003195 0.003195 
Document 88
0.321555 0.003534 0.003534 0.003534 0.109541 0.109541 0.003534 0.003534 0.003534 0.003534 0.427562 0.003534 0.003534 
0.076923 0.076923 0.076923 0.076923 0.076923 0.076923 0.076923 0.076923 0.076923 0.076923 0.076923 0.076923 0.076923 
0.003534 0.003534 0.851590 0.109541 0.003534 0.003534 0.003534 0.003534 0.003534 0.003534 0.003534 0.003534 0.003534 
Document 89
0.009709 0.009709 0.009709 0.009709 0.009709 0.009709 0.009709 0.009709 0.009709 0.009709 0.009709 0.009709 0.883495 
0.007519 0.233083 0.684211 0.007519 0.007519 0.007519 0.007519 0.007519 0.007519 0.007519 0.007519 0.007519 0.007519 
0.023256 0.023256 0.023256 0.023256 0.023256 0.023256 0.023256 0.720930 0.023256 0.023256 0.023256 0.023256 0.023256 
Document 90
0.002481 0.002481 0.151365 0.002481 0.002481 0.300248 0.002481 0.002481 0.002481 0.300248 0.002481 0.002481 0.225806 
0.009709 0.009709 0.009709 0.009709 0.009709 0.009709 0.009709 0.009709 0.883495 0.009709 0.009709 0.009709 0.009709 
0.273056 0.001808 0.001808 0.001808 0.273056 0.164557 0.001808 0.001808 0.056058 0.001808 0.001808 0.218807 0.001808 
Document 91
0.023256 0.023256 0.023256 0.023256 0.023256 0.023256 0.023256 0.023256 0.023256 0.720930 0.023256 0.023256 0.023256 
0.076923 0.076923 0.076923 0.076923 0.076923 0.076923 0.076923 0.076923 0.076923 0.076923 0.076923 0.076923 0.076923 
0.009709 0.009709 0.009709 0.009709 0.009709 0.300971 0.009709 0.300971 0.009709 0.300971 0.009709 0.009709 0.009709 
Document 92
0.003534 0.003534 0.003534 0.003534 0.003534 0.003534 0.003534 0.003534 0.003534 0.003534 0.003534 0.003534 0.957597 
0.004484 0.004484 0.139013 0.004484 0.004484 0.004484 0.004484 0.408072 0.408072 0.004484 0.004484 0.004484 0.004484 
0.013699 0.013699 0.013699 0.013699 0.013699 0.835616 0.013699 0.013699 0.013699 0.013699 0.013699 0.013699 0.013699 
Document 93
0.003953 0.003953 0.003953 0.003953 0.003953 0.003953 0.003953 0.003953 0.359684 0.003953 0.596838 0.003953 0.003953 
0.005181 0.005181 0.005181 0.005181 0.005181 0.005181 0.005181 0.316062 0.005181 0.626943 0.005181 0.005181 0.005181 
0.076923 0.076923 0.076923 0.076923 0.076923 0.076923 0.076923 0.076923 0.076923 0.076923 0.076923 0.076923 0.076923 
Document 94
0.005181 0.005181 0.005181 0.005181 0.005181 0.005181 0.160622 0.782383 0.005181 0.005181 0.005181 0.005181 0.005181 
0.006135 0.006135 0.926380 0.006135 0.006135 0.006135 0.006135 0.006135 0.006135 0.006135 0.006135 0.006135 0.006135 
0.009709 0.009709 0.009709 0.009709 0.009709 0.009709 0.009709 0.883495 0.009709 0.009709 0.009709 0.009709 0.009709 
Document 95
0.004484 0.004484 0.004484 0.004484 0.004484 0.004484 0.004484 0.004484 0.004484 0.004484 0.004484 0.004484 0.946188 
0.005181 0.005181 0.937824 0.005181 0.005181 0.005181 0.005181 0.005181 0.005181 0.005181 0.005181 0.005181 0.005181 
0.023256 0.023256 0.023256 0.023256 0.023256 0.023256 0.023256 0.023256 0.023256 0.023256 0.023256 0.023256 0.720930 
Document 96
0.001808 0.001808 0.001808 0.598553 0.001808 0.001808 0.001808 0.001808 0.001808 0.001808 0.001808 0.001808 0.381555 
0.003195 0.003195 0.003195 0.099042 0.003195 0.386581 0.482428 0.003195 0.003195 0.003195 0.003195 0.003195 0.003195 
0.002681 0.002681 0.002681 0.002681 0.806971 0.002681 0.002681 0.002681 0.163539 0.002681 0.002681 0.002681 0.002681 
Document 97
0.076923 0.076923 0.076923 0.076923 0.076923 0.076923 0.076923 0.076923 0.076923 0.076923 0.076923 0.076923 0.076923 
0.066955 0.002160 0.002160 0.131749 0.002160 0.196544 0.390929 0.002160 0.002160 0.002160 0.002160 0.196544 0.002160 
0.455724 0.002160 0.002160 0.002160 0.002160 0.002160 0.002160 0.002160 0.002160 0.002160 0.520518 0.002160 0.002160 
Document 98
0.013699 0.013699 0.013699 0.013699 0.013699 0.013699 0.835616 0.013699 0.013699 0.013699 0.013699 0.013699 0.013699 
0.007519 0.007519 0.233083 0.007519 0.007519 0.007519 0.007519 0.007519 0.007519 0.007519 0.684211 0.007519 0.007519 
0.257468 0.001422 0.342817 0.001422 0.129445 0.001422 0.001422 0.001422 0.172119 0.001422 0.001422 0.001422 0.086771 
Document 99
0.076923 0.076923 0.076923 0.076923 0.076923 0.076923 0.076923 0.076923 0.076923 0.076923 0.076923 0.076923 0.076923 
0.004484 0.004484 0.004484 0.004484 0.004484 0.542601 0.004484 0.004484 0.408072 0.004484 0.004484 0.004484 0.004484 
0.007519 0.007519 0.909774 0.007519 0.007519 0.007519 0.007519 0.007519 0.007519 0.007519 0.007519 0.007519 0.007519 
Document 100
0.076923 0.076923 0.076923 0.076923 0.076923 0.076923 0.076923 0.076923 0.076923 0.076923 0.076923 0.076923 0.076923 
0.005181 0.005181 0.005181 0.005181 0.005181 0.626943 0.005181 0.005181 0.005181 0.005181 0.005181 0.005181 0.316062 
0.076923 0.076923 0.076923 0.076923 0.076923 0.076923 0.076923 0.076923 0.076923 0.076923 0.076923 0.076923 0.076923 
Document 101
0.005181 0.005181 0.005181 0.005181 0.316062 0.626943 0.005181 0.005181 0.005181 0.005181 0.005181 0.005181 0.005181 
0.023256 0.023256 0.023256 0.023256 0.023256 0.023256 0.023256 0.023256 0.720930 0.023256 0.023256 0.023256 0.023256 
0.435805 0.110307 0.001808 0.001808 0.218807 0.110307 0.001808 0.001808 0.001808 0.001808 0.001808 0.001808 0.110307 
Document 102
0.001486 0.001486 0.358098 0.001486 0.001486 0.001486 0.001486 0.001486 0.268945 0.224368 0.135215 0.001486 0.001486 
0.023256 0.023256 0.720930 0.023256 0.023256 0.023256 0.023256 0.023256 0.023256 0.023256 0.023256 0.023256 0.023256 
0.865815 0.003195 0.003195 0.003195 0.003195 0.003195 0.003195 0.003195 0.099042 0.003195 0.003195 0.003195 0.003195 
Document 103
0.001261 0.001261 0.076923 0.001261 0.001261 0.001261 0.001261 0.001261 0.190416 0.001261 0.076923 0.266078 0.379571 
0.525180 0.001028 0.001028 0.001028 0.001028 0.001028 0.401850 0.062693 0.001028 0.001028 0.001028 0.001028 0.001028 
0.013699 0.835616 0.013699 0.013699 0.013699 0.013699 0.013699 0.013699 0.013699 0.013699 0.013699 0.013699 0.013699 
Document 104
0.005181 0.005181 0.160622 0.005181 0.471503 0.005181 0.005181 0.005181 0.005181 0.005181 0.005181 0.316062 0.005181 
0.002028 0.002028 0.367140 0.002028 0.002028 0.367140 0.002028 0.245436 0.002028 0.002028 0.002028 0.002028 0.002028 
0.139013 0.004484 0.004484 0.542601 0.004484 0.004484 0.004484 0.004484 0.004484 0.273543 0.004484 0.004484 0.004484 
Document 105
0.013699 0.013699 0.013699 0.013699 0.013699 0.835616 0.013699 0.013699 0.013699 0.013699 0.013699 0.013699 0.013699 
0.002481 0.002481 0.151365 0.002481 0.002481 0.076923 0.076923 0.002481 0.672457 0.002481 0.002481 0.002481 0.002481 
0.076923 0.076923 0.076923 0.076923 0.076923 0.076923 0.076923 0.076923 0.076923 0.076923 0.076923 0.076923 0.076923 
Document 106
0.023256 0.023256 0.023256 0.023256 0.023256 0.023256 0.023256 0.023256 0.023256 0.023256 0.023256 0.720930 0.023256 
0.003195 0.003195 0.003195 0.003195 0.003195 0.003195 0.003195 0.003195 0.003195 0.003195 0.099042 0.769968 0.099042 
0.007519 0.007519 0.007519 0.909774 0.007519 0.007519 0.007519 0.007519 0.007519 0.007519 0.007519 0.007519 0.007519 
Document 107
0.005181 0.626943 0.005181 0.005181 0.005181 0.005181 0.005181 0.005181 0.005181 0.316062 0.005181 0.005181 0.005181 
0.006135 0.006135 0.006135 0.006135 0.006135 0.006135 0.006135 0.374233 0.006135 0.006135 0.374233 0.190184 0.006135 
0.002915 0.002915 0.002915 0.002915 0.527697 0.002915 0.352770 0.090379 0.002915 0.002915 0.002915 0.002915 0.002915 
Document 108
0.005181 0.005181 0.005181 0.005181 0.005181 0.005181 0.005181 0.471503 0.005181 0.471503 0.005181 0.005181 0.005181 
0.811659 0.004484 0.004484 0.004484 0.004484 0.004484 0.004484 0.139013 0.004484 0.004484 0.004484 0.004484 0.004484 
0.002915 0.002915 0.790087 0.002915 0.002915 0.002915 0.002915 0.090379 0.002915 0.002915 0.090379 0.002915 0.002915 
Document 109
