Document 0
0.002681 0.002681 0.243968 0.002681 0.002681 0.002681 0.002681 0.002681 0.243968 0.002681 0.163539 0.002681 0.324397 
0.909774 0.007519 0.007519 0.007519 0.007519 0.007519 0.007519 0.007519 0.007519 0.007519 0.007519 0.007519 0.007519 
0.006135 0.558282 0.006135 0.006135 0.006135 0.006135 0.006135 0.006135 0.006135 0.374233 0.006135 0.006135 0.006135 
Document 1
0.076923 0.076923 0.076923 0.076923 0.076923 0.076923 0.076923 0.076923 0.076923 0.076923 0.076923 0.076923 0.076923 
0.076923 0.076923 0.076923 0.076923 0.076923 0.076923 0.076923 0.076923 0.076923 0.076923 0.076923 0.076923 0.076923 
0.626943 0.005181 0.005181 0.005181 0.005181 0.005181 0.316062 0.005181 0.005181 0.005181 0.005181 0.005181 0.005181 
Document 2
0.002681 0.002681 0.404826 0.002681 0.002681 0.002681 0.243968 0.002681 0.002681 0.083110 0.002681 0.002681 0.243968 
0.023256 0.023256 0.023256 0.720930 0.023256 0.023256 0.023256 0.023256 0.023256 0.023256 0.023256 0.023256 0.023256 
0.684211 0.007519 0.007519 0.007519 0.233083 0.007519 0.007519 0.007519 0.007519 0.007519 0.007519 0.007519 0.007519 
Document 3
0.004484 0.004484 0.677130 0.004484 0.004484 0.004484 0.004484 0.273543 0.004484 0.004484 0.004484 0.004484 0.004484 
0.003534 0.003534 0.003534 0.003534 0.003534 0.003534 0.003534 0.003534 0.957597 0.003534 0.003534 0.003534 0.003534 
0.004484 0.004484 0.004484 0.004484 0.004484 0.004484 0.946188 0.004484 0.004484 0.004484 0.004484 0.004484 0.004484 
Document 4
0.946188 0.004484 0.004484 0.004484 0.004484 0.004484 0.004484 0.004484 0.004484 0.004484 0.004484 0.004484 0.004484 
0.076923 0.076923 0.076923 0.076923 0.076923 0.076923 0.076923 0.076923 0.076923 0.076923 0.076923 0.076923 0.076923 
0.273543 0.004484 0.004484 0.004484 0.004484 0.004484 0.677130 0.004484 0.004484 0.004484 0.004484 0.004484 0.004484 
Document 5
0.013699 0.013699 0.013699 0.013699 0.013699 0.013699 0.013699 0.013699 0.013699 0.013699 0.013699 0.835616 0.013699 
0.001808 0.056058 0.001808 0.001808 0.001808 0.001808 0.327306 0.001808 0.218807 0.218807 0.001808 0.001808 0.164557 
0.001808 0.218807 0.001808 0.001808 0.001808 0.381555 0.110307 0.273056 0.001808 0.001808 0.001808 0.001808 0.001808 
Document 6
0.001133 0.001133 0.001133 0.001133 0.001133 0.103058 0.001133 0.001133 0.103058 0.001133 0.001133 0.001133 0.782559 
0.478261 0.003953 0.478261 0.003953 0.003953 0.003953 0.003953 0.003953 0.003953 0.003953 0.003953 0.003953 0.003953 
0.001261 0.190416 0.001261 0.114754 0.001261 0.001261 0.001261 0.001261 0.152585 0.303909 0.001261 0.001261 0.228247 
Document 7
0.004484 0.004484 0.004484 0.004484 0.408072 0.004484 0.004484 0.004484 0.004484 0.004484 0.004484 0.004484 0.542601 
0.009709 0.009709 0.009709 0.009709 0.009709 0.009709 0.300971 0.592233 0.009709 0.009709 0.009709 0.009709 0.009709 
0.076923 0.076923 0.076923 0.076923 0.076923 0.076923 0.076923 0.076923 0.076923 0.076923 0.076923 0.076923 0.076923 
Document 8
0.076923 0.002481 0.002481 0.002481 0.002481 0.225806 0.002481 0.672457 0.002481 0.002481 0.002481 0.002481 0.002481 
0.005181 0.316062 0.626943 0.005181 0.005181 0.005181 0.005181 0.005181 0.005181 0.005181 0.005181 0.005181 0.005181 
0.449132 0.002481 0.002481 0.002481 0.225806 0.002481 0.002481 0.002481 0.002481 0.300248 0.002481 0.002481 0.002481 
Document 9
0.003534 0.003534 0.003534 0.427562 0.003534 0.109541 0.003534 0.427562 0.003534 0.003534 0.003534 0.003534 0.003534 
0.006135 0.006135 0.742331 0.190184 0.006135 0.006135 0.006135 0.006135 0.006135 0.006135 0.006135 0.006135 0.006135 
0.069083 0.001133 0.374858 0.171008 0.001133 0.001133 0.204983 0.001133 0.001133 0.001133 0.001133 0.035108 0.137033 
Document 10
0.076923 0.076923 0.076923 0.076923 0.076923 0.076923 0.076923 0.076923 0.076923 0.076923 0.076923 0.076923 0.076923 
0.076923 0.076923 0.076923 0.076923 0.076923 0.076923 0.076923 0.076923 0.076923 0.076923 0.076923 0.076923 0.076923 
0.003953 0.003953 0.241107 0.003953 0.003953 0.003953 0.003953 0.003953 0.003953 0.003953 0.003953 0.003953 0.715415 
Document 11
0.076923 0.076923 0.076923 0.076923 0.076923 0.076923 0.076923 0.076923 0.076923 0.076923 0.076923 0.076923 0.076923 
0.009709 0.009709 0.009709 0.009709 0.009709 0.009709 0.009709 0.009709 0.009709 0.009709 0.883495 0.009709 0.009709 
0.002681 0.002681 0.002681 0.243968 0.002681 0.002681 0.002681 0.002681 0.002681 0.002681 0.002681 0.002681 0.726542 
Document 12
0.007519 0.007519 0.007519 0.007519 0.007519 0.007519 0.007519 0.007519 0.007519 0.007519 0.458647 0.007519 0.458647 
0.076923 0.076923 0.076923 0.076923 0.076923 0.076923 0.076923 0.076923 0.076923 0.076923 0.076923 0.076923 0.076923 
0.139013 0.273543 0.004484 0.004484 0.004484 0.004484 0.004484 0.004484 0.004484 0.004484 0.004484 0.139013 0.408072 
Document 13
0.004484 0.004484 0.004484 0.139013 0.004484 0.004484 0.677130 0.004484 0.004484 0.004484 0.004484 0.004484 0.139013 
0.002915 0.002915 0.002915 0.002915 0.265306 0.002915 0.527697 0.002915 0.002915 0.002915 0.002915 0.002915 0.177843 
0.090379 0.002915 0.002915 0.002915 0.265306 0.002915 0.002915 0.002915 0.002915 0.002915 0.002915 0.177843 0.440233 
Document 14
0.002681 0.002681 0.002681 0.002681 0.083110 0.002681 0.243968 0.002681 0.646113 0.002681 0.002681 0.002681 0.002681 
0.023256 0.023256 0.023256 0.023256 0.023256 0.023256 0.023256 0.720930 0.023256 0.023256 0.023256 0.023256 0.023256 
0.076923 0.076923 0.076923 0.076923 0.076923 0.076923 0.076923 0.076923 0.076923 0.076923 0.076923 0.076923 0.076923 
Document 15
0.003195 0.003195 0.003195 0.003195 0.003195 0.003195 0.003195 0.003195 0.482428 0.003195 0.003195 0.386581 0.099042 
0.076923 0.076923 0.076923 0.076923 0.076923 0.076923 0.076923 0.076923 0.076923 0.076923 0.076923 0.076923 0.076923 
0.013699 0.013699 0.013699 0.424658 0.013699 0.424658 0.013699 0.013699 0.013699 0.013699 0.013699 0.013699 0.013699 
Document 16
0.007519 0.007519 0.007519 0.007519 0.007519 0.458647 0.007519 0.007519 0.007519 0.007519 0.007519 0.458647 0.007519 
0.306288 0.002028 0.002028 0.002028 0.002028 0.062880 0.002028 0.549696 0.062880 0.002028 0.002028 0.002028 0.002028 
0.013699 0.013699 0.835616 0.013699 0.013699 0.013699 0.013699 0.013699 0.013699 0.013699 0.013699 0.013699 0.013699 
Document 17
0.023256 0.023256 0.023256 0.023256 0.023256 0.720930 0.023256 0.023256 0.023256 0.023256 0.023256 0.023256 0.023256 
0.023256 0.720930 0.023256 0.023256 0.023256 0.023256 0.023256 0.023256 0.023256 0.023256 0.023256 0.023256 0.023256 
0.003953 0.003953 0.952569 0.003953 0.003953 0.003953 0.003953 0.003953 0.003953 0.003953 0.003953 0.003953 0.003953 
Document 18
0.002915 0.002915 0.002915 0.002915 0.002915 0.265306 0.002915 0.352770 0.002915 0.002915 0.352770 0.002915 0.002915 
0.006135 0.006135 0.006135 0.190184 0.006135 0.006135 0.006135 0.742331 0.006135 0.006135 0.006135 0.006135 0.006135 
0.190184 0.006135 0.742331 0.006135 0.006135 0.006135 0.006135 0.006135 0.006135 0.006135 0.006135 0.006135 0.006135 
Document 19
0.007519 0.007519 0.007519 0.007519 0.007519 0.007519 0.007519 0.007519 0.007519 0.007519 0.007519 0.007519 0.909774 
0.013699 0.424658 0.013699 0.013699 0.013699 0.013699 0.013699 0.013699 0.013699 0.013699 0.424658 0.013699 0.013699 
0.003953 0.003953 0.003953 0.003953 0.003953 0.003953 0.003953 0.003953 0.003953 0.122530 0.003953 0.833992 0.003953 
Document 20
0.004484 0.004484 0.004484 0.004484 0.004484 0.004484 0.004484 0.946188 0.004484 0.004484 0.004484 0.004484 0.004484 
0.000968 0.117135 0.000968 0.030010 0.146176 0.000968 0.000968 0.465634 0.233301 0.000968 0.000968 0.000968 0.000968 
0.002160 0.002160 0.520518 0.002160 0.002160 0.002160 0.002160 0.002160 0.002160 0.002160 0.002160 0.390929 0.066955 
Document 21
0.122530 0.715415 0.003953 0.122530 0.003953 0.003953 0.003953 0.003953 0.003953 0.003953 0.003953 0.003953 0.003953 
0.076923 0.076923 0.076923 0.076923 0.076923 0.076923 0.076923 0.076923 0.076923 0.076923 0.076923 0.076923 0.076923 
0.076923 0.076923 0.076923 0.076923 0.076923 0.076923 0.076923 0.076923 0.076923 0.076923 0.076923 0.076923 0.076923 
Document 22
0.003195 0.003195 0.003195 0.482428 0.003195 0.003195 0.003195 0.003195 0.003195 0.003195 0.003195 0.003195 0.482428 
0.002160 0.002160 0.002160 0.326134 0.002160 0.002160 0.520518 0.002160 0.002160 0.002160 0.066955 0.002160 0.066955 
0.131749 0.002160 0.002160 0.002160 0.066955 0.002160 0.326134 0.002160 0.002160 0.002160 0.002160 0.002160 0.455724 
Document 23
0.002481 0.002481 0.002481 0.002481 0.151365 0.002481 0.002481 0.002481 0.151365 0.002481 0.002481 0.002481 0.672457 
0.076923 0.076923 0.076923 0.076923 0.076923 0.076923 0.076923 0.076923 0.076923 0.076923 0.076923 0.076923 0.076923 
0.001808 0.001808 0.001808 0.110307 0.001808 0.110307 0.001808 0.001808 0.110307 0.001808 0.001808 0.273056 0.381555 
Document 24
0.001215 0.001215 0.292831 0.001215 0.001215 0.001215 0.001215 0.001215 0.001215 0.147023 0.365735 0.183475 0.001215 
0.146176 0.000968 0.320426 0.088093 0.030010 0.000968 0.117135 0.088093 0.204259 0.000968 0.000968 0.000968 0.000968 
0.003534 0.003534 0.745583 0.003534 0.003534 0.109541 0.109541 0.003534 0.003534 0.003534 0.003534 0.003534 0.003534 
Document 25
0.005181 0.005181 0.005181 0.005181 0.160622 0.005181 0.005181 0.005181 0.626943 0.005181 0.160622 0.005181 0.005181 
0.009709 0.009709 0.300971 0.009709 0.009709 0.300971 0.009709 0.009709 0.009709 0.009709 0.300971 0.009709 0.009709 
0.023256 0.023256 0.023256 0.023256 0.720930 0.023256 0.023256 0.023256 0.023256 0.023256 0.023256 0.023256 0.023256 
Document 26
0.023256 0.023256 0.720930 0.023256 0.023256 0.023256 0.023256 0.023256 0.023256 0.023256 0.023256 0.023256 0.023256 
0.002309 0.002309 0.002309 0.002309 0.002309 0.348730 0.002309 0.002309 0.487298 0.002309 0.002309 0.140878 0.002309 
0.300971 0.300971 0.009709 0.009709 0.009709 0.300971 0.009709 0.009709 0.009709 0.009709 0.009709 0.009709 0.009709 
Document 27
0.076923 0.076923 0.076923 0.076923 0.076923 0.076923 0.076923 0.076923 0.076923 0.076923 0.076923 0.076923 0.076923 
0.002309 0.071594 0.279446 0.279446 0.002309 0.002309 0.002309 0.002309 0.002309 0.002309 0.140878 0.210162 0.002309 
0.592233 0.009709 0.009709 0.009709 0.009709 0.009709 0.009709 0.009709 0.009709 0.009709 0.300971 0.009709 0.009709 
Document 28
0.003195 0.003195 0.194888 0.099042 0.003195 0.290735 0.003195 0.003195 0.290735 0.003195 0.003195 0.003195 0.099042 
0.023256 0.023256 0.023256 0.023256 0.023256 0.023256 0.023256 0.023256 0.720930 0.023256 0.023256 0.023256 0.023256 
0.005181 0.005181 0.471503 0.005181 0.005181 0.471503 0.005181 0.005181 0.005181 0.005181 0.005181 0.005181 0.005181 
Document 29
0.003195 0.003195 0.194888 0.003195 0.003195 0.003195 0.003195 0.003195 0.003195 0.769968 0.003195 0.003195 0.003195 
0.359684 0.003953 0.241107 0.003953 0.003953 0.359684 0.003953 0.003953 0.003953 0.003953 0.003953 0.003953 0.003953 
0.005181 0.005181 0.005181 0.005181 0.626943 0.005181 0.316062 0.005181 0.005181 0.005181 0.005181 0.005181 0.005181 
Document 30
0.013699 0.013699 0.013699 0.013699 0.013699 0.835616 0.013699 0.013699 0.013699 0.013699 0.013699 0.013699 0.013699 
0.004484 0.004484 0.004484 0.004484 0.273543 0.139013 0.004484 0.004484 0.004484 0.004484 0.004484 0.004484 0.542601 
0.423212 0.001172 0.001172 0.141852 0.001172 0.317702 0.001172 0.001172 0.036342 0.001172 0.001172 0.071512 0.001172 
Document 31
0.003534 0.003534 0.003534 0.003534 0.003534 0.003534 0.003534 0.109541 0.003534 0.639576 0.215548 0.003534 0.003534 
0.013699 0.013699 0.013699 0.013699 0.013699 0.013699 0.013699 0.835616 0.013699 0.013699 0.013699 0.013699 0.013699 
0.002481 0.225806 0.002481 0.002481 0.002481 0.002481 0.002481 0.449132 0.300248 0.002481 0.002481 0.002481 0.002481 
Document 32
0.076923 0.076923 0.076923 0.076923 0.076923 0.076923 0.076923 0.076923 0.076923 0.076923 0.076923 0.076923 0.076923 
0.013699 0.013699 0.013699 0.013699 0.013699 0.013699 0.013699 0.013699 0.013699 0.013699 0.013699 0.013699 0.835616 
0.006135 0.006135 0.006135 0.006135 0.374233 0.006135 0.006135 0.006135 0.006135 0.006135 0.006135 0.006135 0.558282 
Document 33
0.004484 0.004484 0.004484 0.004484 0.004484 0.004484 0.004484 0.004484 0.004484 0.004484 0.004484 0.273543 0.677130 
0.001060 0.096501 0.160127 0.001060 0.001060 0.128314 0.001060 0.001060 0.510074 0.001060 0.096501 0.001060 0.001060 
0.002915 0.002915 0.002915 0.265306 0.527697 0.002915 0.002915 0.002915 0.002915 0.002915 0.002915 0.177843 0.002915 
Document 34
0.001555 0.001555 0.188180 0.001555 0.001555 0.234837 0.141524 0.421462 0.001555 0.001555 0.001555 0.001555 0.001555 
0.002481 0.002481 0.002481 0.002481 0.002481 0.002481 0.002481 0.151365 0.746898 0.076923 0.002481 0.002481 0.002481 
0.003534 0.003534 0.003534 0.003534 0.003534 0.003534 0.003534 0.639576 0.003534 0.003534 0.003534 0.003534 0.321555 
Document 35
0.003953 0.003953 0.003953 0.003953 0.003953 0.241107 0.003953 0.003953 0.003953 0.122530 0.003953 0.003953 0.596838 
0.002681 0.002681 0.002681 0.002681 0.002681 0.002681 0.404826 0.002681 0.404826 0.002681 0.163539 0.002681 0.002681 
0.218807 0.001808 0.273056 0.001808 0.110307 0.001808 0.001808 0.001808 0.001808 0.001808 0.001808 0.001808 0.381555 
Document 36
0.002481 0.002481 0.895782 0.002481 0.002481 0.002481 0.002481 0.002481 0.002481 0.002481 0.076923 0.002481 0.002481 
0.006135 0.006135 0.006135 0.006135 0.006135 0.006135 0.006135 0.742331 0.006135 0.006135 0.006135 0.190184 0.006135 
0.013699 0.013699 0.013699 0.013699 0.013699 0.013699 0.013699 0.013699 0.013699 0.835616 0.013699 0.013699 0.013699 
Document 37
0.001486 0.001486 0.536404 0.001486 0.001486 0.001486 0.001486 0.358098 0.090639 0.001486 0.001486 0.001486 0.001486 
0.246330 0.001631 0.344209 0.001631 0.001631 0.001631 0.001631 0.393148 0.001631 0.001631 0.001631 0.001631 0.001631 
0.004484 0.004484 0.004484 0.004484 0.677130 0.004484 0.004484 0.004484 0.004484 0.273543 0.004484 0.004484 0.004484 
Document 38
0.000915 0.000915 0.028362 0.000915 0.138152 0.000915 0.000915 0.000915 0.330284 0.220494 0.000915 0.110704 0.165599 
0.000718 0.000718 0.000718 0.000718 0.000718 0.000718 0.086863 0.065327 0.259153 0.065327 0.194544 0.000718 0.323762 
0.076923 0.374690 0.002481 0.002481 0.002481 0.002481 0.002481 0.002481 0.002481 0.002481 0.002481 0.002481 0.523573 
Document 39
0.233083 0.007519 0.007519 0.007519 0.007519 0.684211 0.007519 0.007519 0.007519 0.007519 0.007519 0.007519 0.007519 
0.003195 0.003195 0.003195 0.003195 0.003195 0.003195 0.003195 0.961661 0.003195 0.003195 0.003195 0.003195 0.003195 
0.076923 0.076923 0.076923 0.076923 0.076923 0.076923 0.076923 0.076923 0.076923 0.076923 0.076923 0.076923 0.076923 
Document 40
0.001631 0.050571 0.001631 0.001631 0.001631 0.001631 0.197390 0.099511 0.001631 0.588907 0.001631 0.001631 0.050571 
0.002309 0.002309 0.002309 0.348730 0.002309 0.002309 0.140878 0.487298 0.002309 0.002309 0.002309 0.002309 0.002309 
0.002028 0.002028 0.062880 0.002028 0.549696 0.002028 0.002028 0.002028 0.245436 0.002028 0.002028 0.002028 0.123732 
Document 41
0.002028 0.002028 0.002028 0.002028 0.002028 0.002028 0.002028 0.062880 0.002028 0.367140 0.427992 0.002028 0.123732 
0.005181 0.005181 0.005181 0.316062 0.160622 0.005181 0.005181 0.005181 0.005181 0.160622 0.316062 0.005181 0.005181 
0.013699 0.013699 0.013699 0.013699 0.013699 0.013699 0.013699 0.013699 0.013699 0.013699 0.835616 0.013699 0.013699 
Document 42
0.002481 0.002481 0.002481 0.002481 0.151365 0.002481 0.002481 0.002481 0.002481 0.598015 0.002481 0.002481 0.225806 
0.076923 0.076923 0.076923 0.076923 0.076923 0.076923 0.076923 0.076923 0.076923 0.076923 0.076923 0.076923 0.076923 
0.076923 0.076923 0.076923 0.076923 0.076923 0.076923 0.076923 0.076923 0.076923 0.076923 0.076923 0.076923 0.076923 
Document 43
0.002915 0.002915 0.002915 0.002915 0.002915 0.265306 0.002915 0.002915 0.002915 0.265306 0.002915 0.002915 0.440233 
0.076923 0.076923 0.076923 0.076923 0.076923 0.076923 0.076923 0.076923 0.076923 0.076923 0.076923 0.076923 0.076923 
0.013699 0.013699 0.013699 0.013699 0.013699 0.013699 0.013699 0.013699 0.835616 0.013699 0.013699 0.013699 0.013699 
Document 44
0.076923 0.076923 0.076923 0.076923 0.076923 0.076923 0.076923 0.076923 0.076923 0.076923 0.076923 0.076923 0.076923 
0.005181 0.005181 0.005181 0.005181 0.626943 0.005181 0.005181 0.005181 0.005181 0.316062 0.005181 0.005181 0.005181 
0.076923 0.076923 0.076923 0.076923 0.076923 0.076923 0.076923 0.076923 0.076923 0.076923 0.076923 0.076923 0.076923 
Document 45
0.013699 0.013699 0.013699 0.835616 0.013699 0.013699 0.013699 0.013699 0.013699 0.013699 0.013699 0.013699 0.013699 
0.002681 0.002681 0.002681 0.002681 0.002681 0.002681 0.083110 0.002681 0.002681 0.002681 0.324397 0.565684 0.002681 
0.076923 0.076923 0.076923 0.076923 0.076923 0.076923 0.076923 0.076923 0.076923 0.076923 0.076923 0.076923 0.076923 
Document 46
0.005181 0.005181 0.160622 0.005181 0.005181 0.005181 0.005181 0.316062 0.005181 0.005181 0.005181 0.005181 0.471503 
0.076923 0.076923 0.076923 0.076923 0.076923 0.076923 0.076923 0.076923 0.076923 0.076923 0.076923 0.076923 0.076923 
0.009709 0.009709 0.009709 0.009709 0.009709 0.009709 0.009709 0.009709 0.009709 0.009709 0.009709 0.009709 0.883495 
Document 47
0.005181 0.005181 0.005181 0.005181 0.937824 0.005181 0.005181 0.005181 0.005181 0.005181 0.005181 0.005181 0.005181 
0.002915 0.002915 0.002915 0.002915 0.002915 0.002915 0.002915 0.002915 0.177843 0.002915 0.002915 0.702624 0.090379 
0.926380 0.006135 0.006135 0.006135 0.006135 0.006135 0.006135 0.006135 0.006135 0.006135 0.006135 0.006135 0.006135 
Document 48
0.003953 0.003953 0.003953 0.003953 0.003953 0.003953 0.003953 0.003953 0.478261 0.003953 0.478261 0.003953 0.003953 
0.023256 0.023256 0.023256 0.023256 0.023256 0.023256 0.720930 0.023256 0.023256 0.023256 0.023256 0.023256 0.023256 
0.003534 0.003534 0.851590 0.003534 0.003534 0.003534 0.003534 0.109541 0.003534 0.003534 0.003534 0.003534 0.003534 
Document 49
0.002028 0.002028 0.002028 0.002028 0.002028 0.002028 0.002028 0.002028 0.306288 0.002028 0.002028 0.002028 0.671400 
0.002481 0.002481 0.225806 0.076923 0.002481 0.076923 0.002481 0.002481 0.002481 0.002481 0.076923 0.523573 0.002481 
0.076923 0.076923 0.076923 0.076923 0.076923 0.076923 0.076923 0.076923 0.076923 0.076923 0.076923 0.076923 0.076923 
Document 50
0.883495 0.009709 0.009709 0.009709 0.009709 0.009709 0.009709 0.009709 0.009709 0.009709 0.009709 0.009709 0.009709 
0.615280 0.042292 0.124147 0.001364 0.001364 0.001364 0.001364 0.001364 0.001364 0.001364 0.001364 0.083220 0.124147 
0.076923 0.076923 0.076923 0.076923 0.076923 0.076923 0.076923 0.076923 0.076923 0.076923 0.076923 0.076923 0.076923 
Document 51
0.005181 0.005181 0.005181 0.005181 0.316062 0.316062 0.316062 0.005181 0.005181 0.005181 0.005181 0.005181 0.005181 
0.013699 0.013699 0.013699 0.013699 0.013699 0.013699 0.013699 0.013699 0.013699 0.013699 0.013699 0.013699 0.835616 
0.007519 0.007519 0.007519 0.007519 0.007519 0.684211 0.007519 0.007519 0.007519 0.233083 0.007519 0.007519 0.007519 
Document 52
0.001172 0.001172 0.317702 0.001172 0.001172 0.001172 0.001172 0.001172 0.106682 0.001172 0.001172 0.001172 0.563892 
0.001715 0.001715 0.001715 0.001715 0.361921 0.001715 0.259005 0.001715 0.361921 0.001715 0.001715 0.001715 0.001715 
0.001261 0.001261 0.001261 0.001261 0.228247 0.114754 0.001261 0.417402 0.001261 0.001261 0.001261 0.001261 0.228247 
Document 53
0.076923 0.076923 0.076923 0.076923 0.076923 0.076923 0.076923 0.076923 0.076923 0.076923 0.076923 0.076923 0.076923 
0.076923 0.076923 0.076923 0.076923 0.076923 0.076923 0.076923 0.076923 0.076923 0.076923 0.076923 0.076923 0.076923 
0.009709 0.009709 0.009709 0.009709 0.009709 0.009709 0.009709 0.009709 0.300971 0.009709 0.592233 0.009709 0.009709 
Document 54
0.003534 0.003534 0.003534 0.003534 0.003534 0.003534 0.003534 0.003534 0.745583 0.003534 0.003534 0.215548 0.003534 
0.000845 0.000845 0.406593 0.000845 0.000845 0.000845 0.076923 0.000845 0.203719 0.000845 0.000845 0.051564 0.254438 
0.004484 0.004484 0.004484 0.139013 0.004484 0.542601 0.004484 0.004484 0.273543 0.004484 0.004484 0.004484 0.004484 
Document 55
0.076923 0.076923 0.076923 0.076923 0.076923 0.076923 0.076923 0.076923 0.076923 0.076923 0.076923 0.076923 0.076923 
0.023256 0.023256 0.023256 0.023256 0.023256 0.023256 0.023256 0.023256 0.023256 0.023256 0.720930 0.023256 0.023256 
0.002309 0.002309 0.556582 0.002309 0.071594 0.002309 0.002309 0.002309 0.002309 0.348730 0.002309 0.002309 0.002309 
Document 56
0.076923 0.076923 0.076923 0.076923 0.076923 0.076923 0.076923 0.076923 0.076923 0.076923 0.076923 0.076923 0.076923 
0.009709 0.009709 0.009709 0.009709 0.009709 0.009709 0.592233 0.009709 0.009709 0.009709 0.009709 0.009709 0.300971 
0.002309 0.002309 0.002309 0.002309 0.002309 0.002309 0.140878 0.002309 0.348730 0.002309 0.002309 0.487298 0.002309 
Document 57
0.076923 0.076923 0.076923 0.076923 0.076923 0.076923 0.076923 0.076923 0.076923 0.076923 0.076923 0.076923 0.076923 
0.004484 0.004484 0.273543 0.004484 0.004484 0.004484 0.004484 0.004484 0.139013 0.542601 0.004484 0.004484 0.004484 
0.006135 0.006135 0.006135 0.006135 0.006135 0.190184 0.006135 0.006135 0.190184 0.006135 0.558282 0.006135 0.006135 
Document 58
0.076923 0.076923 0.076923 0.076923 0.076923 0.076923 0.076923 0.076923 0.076923 0.076923 0.076923 0.076923 0.076923 
0.001364 0.001364 0.206003 0.001364 0.001364 0.001364 0.287858 0.001364 0.001364 0.001364 0.206003 0.246930 0.042292 
0.013699 0.013699 0.013699 0.013699 0.013699 0.013699 0.424658 0.424658 0.013699 0.013699 0.013699 0.013699 0.013699 
Document 59
0.023256 0.023256 0.023256 0.023256 0.023256 0.023256 0.023256 0.023256 0.023256 0.023256 0.023256 0.720930 0.023256 
0.002481 0.002481 0.672457 0.076923 0.002481 0.002481 0.002481 0.002481 0.002481 0.002481 0.002481 0.225806 0.002481 
0.003195 0.482428 0.003195 0.003195 0.003195 0.003195 0.003195 0.003195 0.003195 0.003195 0.003195 0.482428 0.003195 
Document 60
0.023256 0.023256 0.023256 0.023256 0.023256 0.720930 0.023256 0.023256 0.023256 0.023256 0.023256 0.023256 0.023256 
0.006135 0.006135 0.190184 0.006135 0.006135 0.006135 0.006135 0.006135 0.006135 0.006135 0.006135 0.006135 0.742331 
0.002028 0.002028 0.002028 0.002028 0.123732 0.002028 0.245436 0.002028 0.610548 0.002028 0.002028 0.002028 0.002028 
Document 61
0.005181 0.005181 0.005181 0.005181 0.471503 0.160622 0.005181 0.005181 0.005181 0.005181 0.005181 0.316062 0.005181 
0.007519 0.007519 0.007519 0.007519 0.007519 0.007519 0.007519 0.909774 0.007519 0.007519 0.007519 0.007519 0.007519 
0.023256 0.023256 0.023256 0.023256 0.023256 0.023256 0.023256 0.023256 0.023256 0.720930 0.023256 0.023256 0.023256 
Document 62
0.002160 0.002160 0.002160 0.002160 0.002160 0.002160 0.002160 0.326134 0.002160 0.002160 0.002160 0.520518 0.131749 
0.009709 0.009709 0.009709 0.009709 0.592233 0.009709 0.009709 0.009709 0.009709 0.009709 0.009709 0.009709 0.300971 
0.006135 0.742331 0.006135 0.006135 0.006135 0.006135 0.006135 0.006135 0.006135 0.006135 0.006135 0.006135 0.190184 
Document 63
0.013699 0.013699 0.424658 0.013699 0.013699 0.424658 0.013699 0.013699 0.013699 0.013699 0.013699 0.013699 0.013699 
0.071594 0.002309 0.002309 0.002309 0.002309 0.002309 0.002309 0.002309 0.279446 0.002309 0.002309 0.625866 0.002309 
0.109541 0.003534 0.003534 0.003534 0.003534 0.109541 0.003534 0.745583 0.003534 0.003534 0.003534 0.003534 0.003534 
Document 64
0.007519 0.007519 0.007519 0.458647 0.007519 0.007519 0.007519 0.007519 0.007519 0.007519 0.233083 0.233083 0.007519 
0.001912 0.001912 0.001912 0.001912 0.001912 0.001912 0.001912 0.173996 0.001912 0.001912 0.001912 0.804971 0.001912 
0.002481 0.002481 0.523573 0.002481 0.002481 0.002481 0.151365 0.002481 0.002481 0.151365 0.002481 0.002481 0.151365 
Document 65
0.005181 0.005181 0.005181 0.471503 0.005181 0.005181 0.005181 0.005181 0.471503 0.005181 0.005181 0.005181 0.005181 
0.076923 0.076923 0.076923 0.076923 0.076923 0.076923 0.076923 0.076923 0.076923 0.076923 0.076923 0.076923 0.076923 
0.005181 0.005181 0.005181 0.005181 0.005181 0.316062 0.005181 0.005181 0.005181 0.005181 0.005181 0.626943 0.005181 
Document 66
0.003195 0.003195 0.003195 0.003195 0.003195 0.099042 0.003195 0.194888 0.290735 0.003195 0.003195 0.194888 0.194888 
0.003534 0.003534 0.427562 0.003534 0.003534 0.003534 0.003534 0.003534 0.003534 0.003534 0.003534 0.533569 0.003534 
0.007519 0.007519 0.007519 0.007519 0.909774 0.007519 0.007519 0.007519 0.007519 0.007519 0.007519 0.007519 0.007519 
Document 67
0.002915 0.002915 0.090379 0.002915 0.002915 0.002915 0.790087 0.002915 0.002915 0.090379 0.002915 0.002915 0.002915 
0.482428 0.003195 0.003195 0.003195 0.003195 0.003195 0.194888 0.003195 0.003195 0.003195 0.003195 0.003195 0.290735 
0.013699 0.013699 0.013699 0.013699 0.835616 0.013699 0.013699 0.013699 0.013699 0.013699 0.013699 0.013699 0.013699 
Document 68
0.005181 0.005181 0.005181 0.937824 0.005181 0.005181 0.005181 0.005181 0.005181 0.005181 0.005181 0.005181 0.005181 
0.003534 0.003534 0.003534 0.003534 0.003534 0.003534 0.003534 0.003534 0.003534 0.003534 0.639576 0.003534 0.321555 
0.002481 0.002481 0.449132 0.523573 0.002481 0.002481 0.002481 0.002481 0.002481 0.002481 0.002481 0.002481 0.002481 
Document 69
0.002915 0.002915 0.265306 0.002915 0.615160 0.002915 0.002915 0.002915 0.002915 0.002915 0.002915 0.090379 0.002915 
0.937824 0.005181 0.005181 0.005181 0.005181 0.005181 0.005181 0.005181 0.005181 0.005181 0.005181 0.005181 0.005181 
0.023256 0.023256 0.023256 0.023256 0.023256 0.023256 0.023256 0.023256 0.023256 0.023256 0.023256 0.720930 0.023256 
Document 70
0.300971 0.009709 0.009709 0.009709 0.009709 0.300971 0.009709 0.009709 0.009709 0.009709 0.009709 0.009709 0.300971 
0.001808 0.001808 0.001808 0.001808 0.001808 0.001808 0.001808 0.327306 0.273056 0.001808 0.056058 0.110307 0.218807 
0.001364 0.001364 0.001364 0.001364 0.001364 0.001364 0.001364 0.328786 0.001364 0.083220 0.001364 0.042292 0.533424 
Document 71
0.002160 0.002160 0.066955 0.002160 0.261339 0.002160 0.002160 0.261339 0.261339 0.131749 0.002160 0.002160 0.002160 
0.004484 0.004484 0.004484 0.004484 0.004484 0.004484 0.004484 0.273543 0.677130 0.004484 0.004484 0.004484 0.004484 
0.005181 0.005181 0.005181 0.160622 0.005181 0.005181 0.005181 0.005181 0.005181 0.005181 0.005181 0.005181 0.782383 
Document 72
0.002028 0.002028 0.002028 0.002028 0.002028 0.184584 0.002028 0.002028 0.427992 0.002028 0.002028 0.367140 0.002028 
0.013699 0.013699 0.013699 0.013699 0.013699 0.013699 0.013699 0.013699 0.013699 0.424658 0.013699 0.424658 0.013699 
0.009709 0.009709 0.009709 0.009709 0.009709 0.009709 0.009709 0.883495 0.009709 0.009709 0.009709 0.009709 0.009709 
Document 73
0.006135 0.006135 0.006135 0.006135 0.006135 0.006135 0.006135 0.006135 0.006135 0.006135 0.926380 0.006135 0.006135 
0.076923 0.076923 0.076923 0.076923 0.076923 0.076923 0.076923 0.076923 0.076923 0.076923 0.076923 0.076923 0.076923 
0.006135 0.006135 0.374233 0.006135 0.006135 0.006135 0.006135 0.006135 0.006135 0.006135 0.006135 0.374233 0.190184 
Document 74
0.009709 0.009709 0.009709 0.883495 0.009709 0.009709 0.009709 0.009709 0.009709 0.009709 0.009709 0.009709 0.009709 
0.002681 0.002681 0.485255 0.002681 0.002681 0.002681 0.002681 0.002681 0.002681 0.002681 0.002681 0.163539 0.324397 
0.009709 0.009709 0.009709 0.009709 0.009709 0.009709 0.009709 0.009709 0.009709 0.883495 0.009709 0.009709 0.009709 
Document 75
0.002481 0.002481 0.002481 0.002481 0.002481 0.002481 0.002481 0.002481 0.002481 0.523573 0.002481 0.449132 0.002481 
0.001364 0.001364 0.369714 0.001364 0.369714 0.001364 0.042292 0.001364 0.001364 0.001364 0.206003 0.001364 0.001364 
0.002160 0.002160 0.002160 0.002160 0.002160 0.002160 0.002160 0.002160 0.002160 0.002160 0.002160 0.520518 0.455724 
Document 76
0.485255 0.002681 0.002681 0.002681 0.002681 0.002681 0.002681 0.002681 0.002681 0.485255 0.002681 0.002681 0.002681 
0.023256 0.023256 0.023256 0.023256 0.023256 0.720930 0.023256 0.023256 0.023256 0.023256 0.023256 0.023256 0.023256 
0.009709 0.009709 0.883495 0.009709 0.009709 0.009709 0.009709 0.009709 0.009709 0.009709 0.009709 0.009709 0.009709 
Document 77
0.076923 0.076923 0.076923 0.076923 0.076923 0.076923 0.076923 0.076923 0.076923 0.076923 0.076923 0.076923 0.076923 
0.006135 0.190184 0.006135 0.006135 0.742331 0.006135 0.006135 0.006135 0.006135 0.006135 0.006135 0.006135 0.006135 
0.009709 0.009709 0.883495 0.009709 0.009709 0.009709 0.009709 0.009709 0.009709 0.009709 0.009709 0.009709 0.009709 
Document 78
0.005181 0.005181 0.005181 0.005181 0.005181 0.005181 0.005181 0.005181 0.316062 0.005181 0.005181 0.005181 0.626943 
0.009709 0.009709 0.009709 0.009709 0.009709 0.009709 0.009709 0.009709 0.009709 0.883495 0.009709 0.009709 0.009709 
0.076923 0.076923 0.076923 0.076923 0.076923 0.076923 0.076923 0.076923 0.076923 0.076923 0.076923 0.076923 0.076923 
Document 79
0.001912 0.001912 0.518164 0.001912 0.001912 0.173996 0.001912 0.001912 0.001912 0.001912 0.001912 0.288719 0.001912 
0.282532 0.001172 0.106682 0.001172 0.001172 0.001172 0.247362 0.352872 0.001172 0.001172 0.001172 0.001172 0.001172 
0.002915 0.002915 0.002915 0.002915 0.002915 0.002915 0.002915 0.090379 0.002915 0.002915 0.002915 0.877551 0.002915 
Document 80
0.076923 0.076923 0.076923 0.076923 0.076923 0.076923 0.076923 0.076923 0.076923 0.076923 0.076923 0.076923 0.076923 
0.004484 0.004484 0.004484 0.004484 0.004484 0.004484 0.408072 0.004484 0.004484 0.542601 0.004484 0.004484 0.004484 
0.013699 0.013699 0.013699 0.013699 0.013699 0.013699 0.013699 0.013699 0.013699 0.013699 0.835616 0.013699 0.013699 
Document 81
0.076923 0.076923 0.076923 0.076923 0.076923 0.076923 0.076923 0.076923 0.076923 0.076923 0.076923 0.076923 0.076923 
0.005181 0.005181 0.005181 0.005181 0.005181 0.005181 0.005181 0.471503 0.005181 0.005181 0.005181 0.005181 0.471503 
0.076923 0.076923 0.076923 0.076923 0.076923 0.076923 0.076923 0.076923 0.076923 0.076923 0.076923 0.076923 0.076923 
Document 82
0.003534 0.003534 0.321555 0.003534 0.003534 0.003534 0.003534 0.109541 0.003534 0.003534 0.003534 0.003534 0.533569 
0.005181 0.005181 0.005181 0.005181 0.005181 0.005181 0.005181 0.005181 0.005181 0.005181 0.005181 0.782383 0.160622 
0.006135 0.006135 0.006135 0.006135 0.006135 0.006135 0.926380 0.006135 0.006135 0.006135 0.006135 0.006135 0.006135 
Document 83
0.002309 0.002309 0.418014 0.002309 0.002309 0.071594 0.140878 0.348730 0.002309 0.002309 0.002309 0.002309 0.002309 
0.926380 0.006135 0.006135 0.006135 0.006135 0.006135 0.006135 0.006135 0.006135 0.006135 0.006135 0.006135 0.006135 
0.004484 0.004484 0.004484 0.004484 0.273543 0.004484 0.677130 0.004484 0.004484 0.004484 0.004484 0.004484 0.004484 
Document 84
0.006135 0.006135 0.006135 0.190184 0.006135 0.006135 0.006135 0.006135 0.742331 0.006135 0.006135 0.006135 0.006135 
0.109541 0.003534 0.003534 0.003534 0.003534 0.003534 0.003534 0.003534 0.215548 0.003534 0.003534 0.003534 0.639576 
0.007519 0.233083 0.007519 0.007519 0.007519 0.007519 0.007519 0.684211 0.007519 0.007519 0.007519 0.007519 0.007519 
Document 85
0.225806 0.002481 0.002481 0.746898 0.002481 0.002481 0.002481 0.002481 0.002481 0.002481 0.002481 0.002481 0.002481 
0.003953 0.003953 0.478261 0.003953 0.003953 0.359684 0.003953 0.003953 0.003953 0.003953 0.003953 0.122530 0.003953 
0.003195 0.003195 0.003195 0.386581 0.003195 0.003195 0.578275 0.003195 0.003195 0.003195 0.003195 0.003195 0.003195 
Document 86
0.006135 0.374233 0.006135 0.006135 0.006135 0.006135 0.006135 0.006135 0.006135 0.006135 0.006135 0.006135 0.558282 
0.005181 0.005181 0.005181 0.005181 0.005181 0.005181 0.005181 0.005181 0.626943 0.005181 0.005181 0.005181 0.316062 
0.002915 0.002915 0.002915 0.002915 0.002915 0.002915 0.790087 0.002915 0.002915 0.002915 0.177843 0.002915 0.002915 
Document 87
0.003195 0.003195 0.099042 0.003195 0.003195 0.290735 0.003195 0.003195 0.003195 0.003195 0.003195 0.003195 0.578275 
0.003953 0.122530 0.003953 0.003953 0.359684 0.003953 0.003953 0.359684 0.122530 0.003953 0.003953 0.003953 0.003953 
0.233083 0.007519 0.007519 0.007519 0.233083 0.007519 0.007519 0.007519 0.007519 0.458647 0.007519 0.007519 0.007519 
Document 88
0.386581 0.003195 0.003195 0.003195 0.003195 0.099042 0.099042 0.003195 0.003195 0.003195 0.386581 0.003195 0.003195 
0.076923 0.076923 0.076923 0.076923 0.076923 0.076923 0.076923 0.076923 0.076923 0.076923 0.076923 0.076923 0.076923 
0.003953 0.003953 0.952569 0.003953 0.003953 0.003953 0.003953 0.003953 0.003953 0.003953 0.003953 0.003953 0.003953 
Document 89
0.007519 0.007519 0.007519 0.007519 0.007519 0.233083 0.007519 0.007519 0.007519 0.007519 0.007519 0.007519 0.684211 
0.023256 0.023256 0.023256 0.023256 0.720930 0.023256 0.023256 0.023256 0.023256 0.023256 0.023256 0.023256 0.023256 
0.009709 0.009709 0.009709 0.009709 0.009709 0.009709 0.009709 0.883495 0.009709 0.009709 0.009709 0.009709 0.009709 
Document 90
0.001555 0.001555 0.094868 0.048212 0.001555 0.188180 0.001555 0.001555 0.001555 0.188180 0.001555 0.001555 0.468118 
0.076923 0.076923 0.076923 0.076923 0.076923 0.076923 0.076923 0.076923 0.076923 0.076923 0.076923 0.076923 0.076923 
0.002481 0.002481 0.002481 0.002481 0.598015 0.151365 0.002481 0.002481 0.002481 0.002481 0.002481 0.225806 0.002481 
Document 91
0.076923 0.076923 0.076923 0.076923 0.076923 0.076923 0.076923 0.076923 0.076923 0.076923 0.076923 0.076923 0.076923 
0.007519 0.007519 0.007519 0.007519 0.007519 0.909774 0.007519 0.007519 0.007519 0.007519 0.007519 0.007519 0.007519 
0.076923 0.076923 0.076923 0.076923 0.076923 0.076923 0.076923 0.076923 0.076923 0.076923 0.076923 0.076923 0.076923 
Document 92
0.273543 0.139013 0.004484 0.004484 0.004484 0.004484 0.004484 0.004484 0.004484 0.004484 0.004484 0.004484 0.542601 
0.002915 0.002915 0.527697 0.002915 0.002915 0.002915 0.002915 0.002915 0.440233 0.002915 0.002915 0.002915 0.002915 
0.076923 0.076923 0.076923 0.076923 0.076923 0.076923 0.076923 0.076923 0.076923 0.076923 0.076923 0.076923 0.076923 
Document 93
0.005181 0.005181 0.005181 0.005181 0.005181 0.005181 0.005181 0.005181 0.160622 0.005181 0.782383 0.005181 0.005181 
0.007519 0.007519 0.007519 0.007519 0.007519 0.007519 0.007519 0.007519 0.007519 0.233083 0.007519 0.007519 0.684211 
0.007519 0.007519 0.007519 0.007519 0.007519 0.909774 0.007519 0.007519 0.007519 0.007519 0.007519 0.007519 0.007519 
Document 94
0.002309 0.140878 0.002309 0.002309 0.279446 0.002309 0.002309 0.418014 0.002309 0.002309 0.002309 0.002309 0.140878 
0.076923 0.076923 0.076923 0.076923 0.076923 0.076923 0.076923 0.076923 0.076923 0.076923 0.076923 0.076923 0.076923 
0.076923 0.076923 0.076923 0.076923 0.076923 0.076923 0.076923 0.076923 0.076923 0.076923 0.076923 0.076923 0.076923 
Document 95
0.006135 0.006135 0.006135 0.006135 0.006135 0.006135 0.006135 0.006135 0.006135 0.006135 0.006135 0.006135 0.926380 
0.003534 0.003534 0.957597 0.003534 0.003534 0.003534 0.003534 0.003534 0.003534 0.003534 0.003534 0.003534 0.003534 
0.076923 0.076923 0.076923 0.076923 0.076923 0.076923 0.076923 0.076923 0.076923 0.076923 0.076923 0.076923 0.076923 
Document 96
0.003534 0.003534 0.003534 0.639576 0.003534 0.003534 0.003534 0.003534 0.003534 0.003534 0.003534 0.003534 0.321555 
0.002028 0.002028 0.002028 0.002028 0.002028 0.427992 0.367140 0.002028 0.002028 0.002028 0.184584 0.002028 0.002028 
0.002160 0.002160 0.002160 0.131749 0.585313 0.002160 0.002160 0.002160 0.002160 0.002160 0.002160 0.261339 0.002160 
Document 97
0.004484 0.004484 0.004484 0.139013 0.677130 0.004484 0.139013 0.004484 0.004484 0.004484 0.004484 0.004484 0.004484 
0.002915 0.002915 0.002915 0.002915 0.002915 0.790087 0.177843 0.002915 0.002915 0.002915 0.002915 0.002915 0.002915 
0.646113 0.002681 0.002681 0.002681 0.002681 0.002681 0.002681 0.243968 0.002681 0.002681 0.002681 0.083110 0.002681 
Document 98
0.003195 0.003195 0.003195 0.003195 0.003195 0.194888 0.290735 0.003195 0.290735 0.003195 0.194888 0.003195 0.003195 
0.006135 0.006135 0.190184 0.006135 0.006135 0.006135 0.006135 0.006135 0.006135 0.190184 0.006135 0.558282 0.006135 
0.002309 0.002309 0.279446 0.348730 0.002309 0.002309 0.002309 0.002309 0.348730 0.002309 0.002309 0.002309 0.002309 
Document 99
0.076923 0.076923 0.076923 0.076923 0.076923 0.076923 0.076923 0.076923 0.076923 0.076923 0.076923 0.076923 0.076923 
0.009709 0.009709 0.009709 0.009709 0.009709 0.883495 0.009709 0.009709 0.009709 0.009709 0.009709 0.009709 0.009709 
0.596838 0.003953 0.359684 0.003953 0.003953 0.003953 0.003953 0.003953 0.003953 0.003953 0.003953 0.003953 0.003953 
Document 100
0.076923 0.076923 0.076923 0.076923 0.076923 0.076923 0.076923 0.076923 0.076923 0.076923 0.076923 0.076923 0.076923 
0.007519 0.007519 0.007519 0.007519 0.007519 0.909774 0.007519 0.007519 0.007519 0.007519 0.007519 0.007519 0.007519 
0.013699 0.013699 0.013699 0.013699 0.013699 0.013699 0.013699 0.013699 0.013699 0.013699 0.013699 0.013699 0.835616 
Document 101
0.002309 0.002309 0.002309 0.002309 0.002309 0.279446 0.002309 0.002309 0.210162 0.279446 0.210162 0.002309 0.002309 
0.076923 0.076923 0.076923 0.076923 0.076923 0.076923 0.076923 0.076923 0.076923 0.076923 0.076923 0.076923 0.076923 
0.002915 0.177843 0.002915 0.002915 0.352770 0.002915 0.002915 0.002915 0.002915 0.090379 0.090379 0.177843 0.090379 
Document 102
0.001631 0.001631 0.344209 0.001631 0.001631 0.001631 0.001631 0.001631 0.197390 0.442088 0.001631 0.001631 0.001631 
0.003534 0.003534 0.533569 0.003534 0.003534 0.109541 0.003534 0.003534 0.215548 0.003534 0.109541 0.003534 0.003534 
0.684211 0.007519 0.007519 0.007519 0.007519 0.007519 0.007519 0.007519 0.233083 0.007519 0.007519 0.007519 0.007519 
Document 103
0.001261 0.001261 0.001261 0.001261 0.001261 0.001261 0.039092 0.001261 0.076923 0.001261 0.001261 0.266078 0.606557 
0.580981 0.001486 0.001486 0.001486 0.001486 0.001486 0.179792 0.046062 0.090639 0.001486 0.001486 0.001486 0.090639 
0.002681 0.324397 0.002681 0.163539 0.002681 0.002681 0.485255 0.002681 0.002681 0.002681 0.002681 0.002681 0.002681 
Document 104
0.007519 0.007519 0.007519 0.007519 0.007519 0.007519 0.007519 0.007519 0.684211 0.007519 0.233083 0.007519 0.007519 
0.001631 0.001631 0.344209 0.001631 0.001631 0.344209 0.001631 0.246330 0.001631 0.001631 0.001631 0.001631 0.050571 
0.006135 0.006135 0.006135 0.558282 0.006135 0.006135 0.006135 0.006135 0.006135 0.374233 0.006135 0.006135 0.006135 
Document 105
0.013699 0.013699 0.013699 0.013699 0.013699 0.013699 0.013699 0.013699 0.013699 0.013699 0.013699 0.835616 0.013699 
0.013699 0.013699 0.835616 0.013699 0.013699 0.013699 0.013699 0.013699 0.013699 0.013699 0.013699 0.013699 0.013699 
0.615160 0.352770 0.002915 0.002915 0.002915 0.002915 0.002915 0.002915 0.002915 0.002915 0.002915 0.002915 0.002915 
Document 106
0.076923 0.076923 0.076923 0.076923 0.076923 0.076923 0.076923 0.076923 0.076923 0.076923 0.076923 0.076923 0.076923 
0.003534 0.003534 0.003534 0.003534 0.003534 0.003534 0.003534 0.003534 0.003534 0.003534 0.003534 0.745583 0.215548 
0.005181 0.005181 0.160622 0.471503 0.005181 0.005181 0.005181 0.005181 0.005181 0.005181 0.005181 0.316062 0.005181 
Document 107
0.002915 0.265306 0.265306 0.002915 0.265306 0.002915 0.002915 0.177843 0.002915 0.002915 0.002915 0.002915 0.002915 
0.023256 0.023256 0.023256 0.023256 0.023256 0.720930 0.023256 0.023256 0.023256 0.023256 0.023256 0.023256 0.023256 
0.003195 0.003195 0.386581 0.003195 0.482428 0.003195 0.099042 0.003195 0.003195 0.003195 0.003195 0.003195 0.003195 
Document 108
0.003953 0.003953 0.003953 0.003953 0.003953 0.003953 0.003953 0.596838 0.003953 0.003953 0.003953 0.003953 0.359684 
0.592233 0.300971 0.009709 0.009709 0.009709 0.009709 0.009709 0.009709 0.009709 0.009709 0.009709 0.009709 0.009709 
0.002481 0.002481 0.970223 0.002481 0.002481 0.002481 0.002481 0.002481 0.002481 0.002481 0.002481 0.002481 0.002481 
Document 109
